1 0.9149305555555556 0.9608410493827161 0.9225260416666666 0.9637345679012346 0.9292534722222222 0.9737654320987654 0.9290364583333334 0.9772376543209876 0.9225260416666666 0.9799382716049383 0.9186197916666666 0.9884259259259259 0.9079861111111112 0.9864969135802469 0.8980034722222222 0.9733796296296297 0.8980034722222222 0.9702932098765432 0.9079861111111112 0.9691358024691358 0.9147135416666666 0.9610339506172839
1 0.8209635416666666 0.9780092592592593 0.8246527777777778 0.9830246913580247 0.8244357638888888 0.9899691358024691 0.8213975694444444 0.9915123456790124 0.8174913194444444 0.9911265432098766 0.8072916666666666 0.9809027777777778 0.8107638888888888 0.9785879629629629 0.8207465277777778 0.9780092592592593
1 0.7743055555555556 0.9809027777777778 0.7810329861111112 0.9816743827160493 0.7827690972222222 0.9886188271604939 0.7795138888888888 0.9888117283950617 0.7745225694444444 0.9810956790123457
1 0.6649305555555556 0.9133873456790124 0.6727430555555556 0.9222608024691358 0.6740451388888888 0.9332561728395061 0.6720920138888888 0.935570987654321 0.6625434027777778 0.9284336419753086 0.6597222222222222 0.918016975308642 0.65625 0.9149305555555556 0.6647135416666666 0.9133873456790124
1 0.658203125 0.9133873456790124 0.6616753472222222 0.9149305555555556 0.6625434027777778 0.9245756172839507 0.6614583333333334 0.9338348765432098 0.6590711805555556 0.935570987654321 0.6564670138888888 0.9344135802469136 0.6512586805555556 0.9220679012345679 0.6534288194444444 0.9151234567901234 0.6579861111111112 0.9133873456790124
1 0.6336805555555556 0.9021990740740741 0.6369357638888888 0.9025848765432098 0.6391059027777778 0.9097222222222222 0.6477864583333334 0.9114583333333334 0.6484375 0.9137731481481481 0.6451822916666666 0.9197530864197531 0.6404079861111112 0.9228395061728395 0.6338975694444444 0.9243827160493827 0.6267361111111112 0.9230324074074074 0.6239149305555556 0.918016975308642 0.6336805555555556 0.902391975308642
1 0.5553385416666666 0.9596836419753086 0.5625 0.9670138888888888 0.5627170138888888 0.9704861111111112 0.560546875 0.9739583333333334 0.55078125 0.9758873456790124 0.5440538194444444 0.9737654320987654 0.5427517361111112 0.9666280864197531 0.5505642361111112 0.9594907407407407 0.5551215277777778 0.9596836419753086
1 0.6202256944444444 0.7912808641975309 0.6228298611111112 0.7932098765432098 0.6234809027777778 0.8038194444444444 0.6169704861111112 0.800733024691358 0.6139322916666666 0.7934027777777778 0.6161024305555556 0.7910879629629629 0.6200086805555556 0.7912808641975309
1 0.4529079861111111 0.9645061728395061 0.4563802083333333 0.9691358024691358 0.4561631944444444 0.9737654320987654 0.4463975694444444 0.9861111111111112 0.4431423611111111 0.9839891975308642 0.4431423611111111 0.9704861111111112 0.4494357638888889 0.9645061728395061 0.4526909722222222 0.9645061728395061
1 0.4223090277777778 0.9888117283950617 0.4273003472222222 0.9915123456790124 0.4262152777777778 0.9998070987654321 0.416015625 0.9998070987654321 0.4147135416666667 0.9967206790123457 0.4157986111111111 0.9911265432098766 0.4220920138888889 0.9888117283950617
1 0.4327256944444444 0.9562114197530864 0.4388020833333333 0.9589120370370371 0.4490017361111111 0.9596836419753086 0.4507378472222222 0.9631558641975309 0.4427083333333333 0.9708719135802469 0.4366319444444444 0.9720293209876543 0.4309895833333333 0.9702932098765432 0.4331597222222222 0.9635416666666666 0.4281684027777778 0.9598765432098766 0.4281684027777778 0.9564043209876543 0.4325086805555556 0.9562114197530864
1 0.8181423611111112 0.6126543209876543 0.8270399305555556 0.6143904320987654 0.8279079861111112 0.6300154320987654 0.8209635416666666 0.6280864197530864 0.8138020833333334 0.6215277777777778 0.8131510416666666 0.6140046296296297 0.8179253472222222 0.6126543209876543
1 0.80078125 0.6120756172839507 0.8248697916666666 0.613233024691358 0.8276909722222222 0.6161265432098766 0.8279079861111112 0.6290509259259259 0.8244357638888888 0.6294367283950617 0.8138020833333334 0.6232638888888888 0.8038194444444444 0.6298225308641975 0.7994791666666666 0.6157407407407407 0.8005642361111112 0.6120756172839507
1 0.9463975694444444 0.5970293209876543 0.9524739583333334 0.5995370370370371 0.9624565972222222 0.6087962962962963 0.9650607638888888 0.6161265432098766 0.9635416666666666 0.6178626543209876 0.9498697916666666 0.6167052469135802 0.9361979166666666 0.6091820987654321 0.935546875 0.6020447530864198 0.939453125 0.597608024691358 0.9461805555555556 0.5970293209876543
1 0.6875 0.5812114197530864 0.6927083333333334 0.5817901234567902 0.7059461805555556 0.5885416666666666 0.7009548611111112 0.5935570987654321 0.6994357638888888 0.5989583333333334 0.6961805555555556 0.5991512345679012 0.6818576388888888 0.5983796296296297 0.6788194444444444 0.5960648148148148 0.6773003472222222 0.5848765432098766 0.6809895833333334 0.5814043209876543 0.6872829861111112 0.5812114197530864
1 0.341796875 0.9583333333333334 0.3452690972222222 0.9643132716049383 0.3424479166666667 0.9772376543209876 0.3350694444444444 0.9724151234567902 0.3283420138888889 0.9724151234567902 0.3266059027777778 0.9704861111111112 0.328125 0.9625771604938271 0.3415798611111111 0.9583333333333334
1 0.5753038194444444 0.6020447530864198 0.5998263888888888 0.6030092592592593 0.6015625 0.6161265432098766 0.5989583333333334 0.6167052469135802 0.5887586805555556 0.6086033950617284 0.5746527777777778 0.6070601851851852 0.5731336805555556 0.6024305555555556 0.5750868055555556 0.6020447530864198
1 0.4069010416666667 0.6747685185185185 0.4144965277777778 0.6759259259259259 0.41796875 0.6786265432098766 0.4142795138888889 0.6828703703703703 0.4118923611111111 0.6932870370370371 0.4086371527777778 0.6923225308641975 0.4001736111111111 0.6822916666666666 0.4010416666666667 0.6770833333333334 0.4066840277777778 0.6747685185185185
1 0.3587239583333333 0.7029320987654321 0.3604600694444444 0.7064043209876543 0.3561197916666667 0.720679012345679 0.3515625 0.7185570987654321 0.34375 0.7064043209876543 0.3467881944444444 0.7033179012345679 0.3585069444444444 0.7029320987654321
1 0.3439670138888889 0.7029320987654321 0.3567708333333333 0.7046682098765432 0.3559027777777778 0.7202932098765432 0.3454861111111111 0.7098765432098766 0.3391927083333333 0.716820987654321 0.3296440972222222 0.7170138888888888 0.3311631944444444 0.7065972222222222 0.3381076388888889 0.703125 0.34375 0.7029320987654321
1 0.3514539930555556 0.6833526234567902 0.020616319444444444 0.021026234567901234
1 0.21961805555555555 0.9778163580246914 0.22178819444444445 0.9837962962962963 0.216796875 0.9897762345679012 0.2092013888888889 0.9878472222222222 0.208984375 0.9841820987654321 0.212890625 0.9774305555555556 0.21940104166666666 0.9778163580246914
1 0.3344184027777778 0.7027391975308642 0.3420138888888889 0.703125 0.3444010416666667 0.7067901234567902 0.341796875 0.7145061728395061 0.3313802083333333 0.7191358024691358 0.3287760416666667 0.7172067901234568 0.3311631944444444 0.7096836419753086 0.3179253472222222 0.7065972222222222 0.3140190972222222 0.7081404320987654 0.3122829861111111 0.7064043209876543 0.3159722222222222 0.7029320987654321 0.3342013888888889 0.7027391975308642
1 0.318359375 0.7021604938271605 0.341796875 0.7042824074074074 0.3422309027777778 0.7100694444444444 0.3385416666666667 0.7145061728395061 0.3337673611111111 0.7091049382716049 0.3181423611111111 0.7071759259259259 0.3122829861111111 0.7089120370370371 0.3135850694444444 0.703125 0.3181423611111111 0.7021604938271605
1 0.3296440972222222 0.6662808641975309 0.3394097222222222 0.6685956790123457 0.3480902777777778 0.6751543209876543 0.3467881944444444 0.6815200617283951 0.3420138888888889 0.6847993827160493 0.3272569444444444 0.6820987654320988 0.3255208333333333 0.668016975308642 0.3279079861111111 0.6649305555555556 0.3294270833333333 0.6662808641975309
1 0.2065972222222222 0.8898533950617284 0.2204861111111111 0.8929398148148148 0.22135416666666666 0.8977623456790124 0.2170138888888889 0.904320987654321 0.2035590277777778 0.9066358024691358 0.19856770833333334 0.904320987654321 0.19856770833333334 0.8939043209876543 0.201171875 0.890625 0.20638020833333334 0.8898533950617284
1 0.3042534722222222 0.6612654320987654 0.3042534722222222 0.6684027777777778 0.3142361111111111 0.673804012345679 0.314453125 0.6795910493827161 0.3109809027777778 0.6820987654320988 0.2966579861111111 0.6786265432098766 0.2942708333333333 0.6753472222222222 0.2936197916666667 0.6637731481481481 0.3040364583333333 0.6612654320987654
1 0.3044704861111111 0.6614583333333334 0.3040364583333333 0.6684027777777778 0.3118489583333333 0.6714891975308642 0.3142361111111111 0.6751543209876543 0.3140190972222222 0.6795910493827161 0.3109809027777778 0.6817129629629629 0.2897135416666667 0.6809413580246914 0.2786458333333333 0.6684027777777778 0.2823350694444444 0.6649305555555556 0.2899305555555556 0.6670524691358025 0.2934027777777778 0.6628086419753086 0.3042534722222222 0.6614583333333334
1 0.9585503472222222 0.35397376543209874 0.9670138888888888 0.3605324074074074 0.9698350694444444 0.3663194444444444 0.9596354166666666 0.36728395061728397 0.9568142361111112 0.3732638888888889 0.9524739583333334 0.36709104938271603 0.9457465277777778 0.3626543209876543 0.9435763888888888 0.35551697530864196 0.9459635416666666 0.35378086419753085 0.9583333333333334 0.35397376543209874
1 0.560546875 0.36766975308641975 0.5640190972222222 0.36786265432098764 0.56640625 0.3742283950617284 0.5713975694444444 0.37885802469135804 0.5640190972222222 0.38850308641975306 0.560546875 0.38927469135802467 0.5572916666666666 0.3869598765432099 0.5551215277777778 0.37982253086419754 0.560546875 0.36786265432098764
1 0.4427083333333333 0.36709104938271603 0.4459635416666667 0.36844135802469136 0.4509548611111111 0.37982253086419754 0.4463975694444444 0.38753858024691357 0.4388020833333333 0.38657407407407407 0.4375 0.3767361111111111 0.4427083333333333 0.36728395061728397
1 0.4190538194444444 0.3722993827160494 0.4357638888888889 0.3775077160493827 0.4366319444444444 0.3869598765432099 0.4301215277777778 0.38773148148148145 0.4168836805555556 0.38310185185185186 0.4108072916666667 0.38329475308641975 0.41015625 0.3802083333333333 0.4149305555555556 0.37287808641975306 0.4188368055555556 0.3722993827160494
1 0.5225694444444444 0.2035108024691358 0.5325520833333334 0.21334876543209877 0.5217013888888888 0.21334876543209877 0.5223524305555556 0.2037037037037037
1 0.4869791666666667 0.2023533950617284 0.4950086805555556 0.1996527777777778 0.4911024305555556 0.21412037037037038 0.4774305555555556 0.21392746913580246 0.4735243055555556 0.2065972222222222 0.4867621527777778 0.2023533950617284
1 0.9997829861111112 0.13155864197530864 0.9997829861111112 0.16010802469135801 0.9956597222222222 0.16068672839506173 0.9845920138888888 0.1560570987654321 0.9793836805555556 0.14737654320987653 0.9908854166666666 0.13368055555555555 0.9995659722222222 0.13155864197530864
1 0.5501302083333334 0.16396604938271606 0.5533854166666666 0.16763117283950618 0.5618489583333334 0.1697530864197531 0.5533854166666666 0.18595679012345678 0.5503472222222222 0.1878858024691358 0.5434027777777778 0.18132716049382716 0.5412326388888888 0.1753472222222222 0.5466579861111112 0.16473765432098766 0.5499131944444444 0.16396604938271606
1 0.5308159722222222 0.16358024691358025 0.5327690972222222 0.16512345679012347 0.5277777777777778 0.17862654320987653 0.5232204861111112 0.18229166666666666 0.5093315972222222 0.17824074074074073 0.5069444444444444 0.17515432098765432 0.5062934027777778 0.16608796296296297 0.5093315972222222 0.16473765432098766 0.5151909722222222 0.16994598765432098 0.5184461805555556 0.16994598765432098 0.5260416666666666 0.16415895061728394 0.5305989583333334 0.16358024691358025
1 0.4845920138888889 0.17515432098765432 0.48828125 0.17689043209876543 0.4895833333333333 0.18267746913580246 0.4878472222222222 0.1857638888888889 0.4809027777777778 0.1871141975308642 0.4711371527777778 0.18557098765432098 0.4696180555555556 0.17862654320987653 0.4739583333333333 0.17573302469135801 0.484375 0.17515432098765432
1 0.5043402777777778 0.16377314814814814 0.5069444444444444 0.1684027777777778 0.5017361111111112 0.17650462962962962 0.4891493055555556 0.1730324074074074 0.4865451388888889 0.16628086419753085 0.4911024305555556 0.16319444444444445 0.5041232638888888 0.16377314814814814
1 0.4602864583333333 0.15239197530864199 0.46484375 0.15432098765432098 0.4657118055555556 0.16030092592592593 0.4728732638888889 0.16820987654320987 0.4646267361111111 0.17554012345679013 0.4594184027777778 0.17380401234567902 0.4557291666666667 0.16898148148148148 0.4563802083333333 0.15432098765432098 0.4600694444444444 0.15239197530864199
1 0.4368489583333333 0.16126543209876543 0.4375 0.1705246913580247 0.4431423611111111 0.17496141975308643 0.4427083333333333 0.1861496913580247 0.4390190972222222 0.1873070987654321 0.4320746527777778 0.18557098765432098 0.4288194444444444 0.19155092592592593 0.4255642361111111 0.19058641975308643 0.421875 0.1853780864197531 0.419921875 0.171875 0.4255642361111111 0.16222993827160495 0.4366319444444444 0.16126543209876543
1 0.478515625 0.14756944444444445 0.4841579861111111 0.1419753086419753 0.4984809027777778 0.1404320987654321 0.5004340277777778 0.14776234567901234 0.498046875 0.15104166666666666 0.4841579861111111 0.15335648148148148 0.4793836805555556 0.15104166666666666 0.4787326388888889 0.14776234567901234
1 0.5750868055555556 0.09799382716049383 0.5772569444444444 0.10243055555555555 0.5746527777777778 0.10628858024691358 0.568359375 0.10570987654320987 0.5681423611111112 0.10127314814814815 0.5690104166666666 0.09895833333333333 0.5748697916666666 0.09799382716049383
1 0.6438802083333334 0.05806327160493827 0.6460503472222222 0.060570987654320986 0.6458333333333334 0.06751543209876543 0.6369357638888888 0.06770833333333333 0.6345486111111112 0.0642361111111111 0.6349826388888888 0.05999228395061729 0.6436631944444444 0.058256172839506175
1 0.8177083333333334 0.034915123456790126 0.8311631944444444 0.03973765432098766 0.8294270833333334 0.047453703703703706 0.8255208333333334 0.05015432098765432 0.8055555555555556 0.0466820987654321 0.8088107638888888 0.03665123456790124 0.8174913194444444 0.034915123456790126
1 0.5592447916666666 0.09915123456790123 0.5677083333333334 0.10050154320987655 0.5681423611111112 0.10551697530864197 0.5642361111111112 0.10609567901234568 0.5529513888888888 0.10455246913580248 0.5531684027777778 0.09934413580246913 0.5590277777777778 0.09915123456790123
1 0.5748697916666666 0.09799382716049383 0.5768229166666666 0.10108024691358025 0.5748697916666666 0.10609567901234568 0.5553385416666666 0.10532407407407407 0.5518663194444444 0.10243055555555555 0.5538194444444444 0.09915123456790123 0.5746527777777778 0.09799382716049383
1 0.4453125 0.11284722222222222 0.4568142361111111 0.11265432098765432 0.4633246527777778 0.11496913580246913 0.4661458333333333 0.12287808641975309 0.4633246527777778 0.12827932098765432 0.4559461805555556 0.12654320987654322 0.4427083333333333 0.13001543209876543 0.4459635416666667 0.12403549382716049 0.4453125 0.11304012345679013
1 0.4691840277777778 0.10590277777777778 0.4752604166666667 0.11728395061728394 0.4739583333333333 0.1232638888888889 0.4704861111111111 0.125 0.4661458333333333 0.12422839506172839 0.4639756944444444 0.11979166666666667 0.4637586805555556 0.10609567901234568 0.4689670138888889 0.10590277777777778
1 0.5466579861111112 0.07310956790123457 0.5501302083333334 0.07523148148148148 0.5518663194444444 0.08140432098765432 0.5503472222222222 0.08506944444444445 0.5447048611111112 0.08796296296296297 0.5334201388888888 0.08487654320987655 0.5295138888888888 0.0777391975308642 0.5464409722222222 0.07310956790123457
1 0.4947916666666667 0.06886574074074074 0.4976128472222222 0.07407407407407407 0.4965277777777778 0.08140432098765432 0.4952256944444444 0.08506944444444445 0.4911024305555556 0.08757716049382716 0.4858940972222222 0.08487654320987655 0.4858940972222222 0.08121141975308642 0.4911024305555556 0.07118055555555555 0.4945746527777778 0.06886574074074074
1 0.5360243055555556 0.050347222222222224 0.5466579861111112 0.05381944444444445 0.5577256944444444 0.050347222222222224 0.5536024305555556 0.06462191358024691 0.5407986111111112 0.06404320987654322 0.5360243055555556 0.050540123456790126
1 0.2195095486111111 0.6839313271604939 0.024522569444444444 0.017939814814814815
1 0.2916666666666667 0.45775462962962965 0.2942708333333333 0.4591049382716049 0.2973090277777778 0.4675925925925926 0.2966579861111111 0.47627314814814814 0.2934027777777778 0.482445987654321 0.2897135416666667 0.47955246913580246 0.2799479166666667 0.4876543209876543 0.2819010416666667 0.48032407407407407 0.2736545138888889 0.4702932098765432 0.2725694444444444 0.46199845679012347 0.275390625 0.45987654320987653 0.2827690972222222 0.46141975308641975 0.2914496527777778 0.45775462962962965
1 0.1310763888888889 0.953125 0.13563368055555555 0.9565972222222222 0.13368055555555555 0.9670138888888888 0.13758680555555555 0.9704861111111112 0.1371527777777778 0.9762731481481481 0.12999131944444445 0.9737654320987654 0.12369791666666667 0.9774305555555556 0.12217881944444445 0.966820987654321 0.12608506944444445 0.9564043209876543 0.130859375 0.953125
1 0.10590277777777778 0.9483024691358025 0.1208767361111111 0.9502314814814815 0.1228298611111111 0.9525462962962963 0.12109375 0.9573688271604939 0.11631944444444445 0.9596836419753086 0.11176215277777778 0.9575617283950617 0.1056857638888889 0.9484953703703703
1 0.11610243055555555 0.6616512345679012 0.1228298611111111 0.6645447530864198 0.1369357638888889 0.6631944444444444 0.13758680555555555 0.6691743827160493 0.14561631944444445 0.6741898148148148 0.14713541666666666 0.6786265432098766 0.14539930555555555 0.6822916666666666 0.13758680555555555 0.6828703703703703 0.13368055555555555 0.685570987654321 0.1265190972222222 0.6832561728395061 0.11848958333333333 0.6712962962962963 0.11610243055555555 0.6618441358024691
1 0.19986979166666666 0.3732638888888889 0.20616319444444445 0.37808641975308643 0.21397569444444445 0.376929012345679 0.2185329861111111 0.3869598765432099 0.2170138888888889 0.3898533950617284 0.1953125 0.3861882716049383 0.1929253472222222 0.3800154320987654 0.19618055555555555 0.3738425925925926 0.1996527777777778 0.3732638888888889
1 0.1267361111111111 0.4542824074074074 0.140625 0.46064814814814814 0.14453125 0.466820987654321 0.14388020833333334 0.4702932098765432 0.1273871527777778 0.4704861111111111 0.12196180555555555 0.4670138888888889 0.12065972222222222 0.46315586419753085 0.1265190972222222 0.45447530864197533
1 0.1410590277777778 0.4425154320987654 0.14388020833333334 0.4427083333333333 0.15516493055555555 0.453125 0.15733506944444445 0.46026234567901236 0.15494791666666666 0.46334876543209874 0.14149305555555555 0.46045524691358025 0.13346354166666666 0.4479166666666667 0.12999131944444445 0.44656635802469136 0.1408420138888889 0.4425154320987654
1 0.025824652777777776 0.7802854938271605 0.0390625 0.7897376543209876 0.040364583333333336 0.7966820987654321 0.03689236111111111 0.7986111111111112 0.024522569444444444 0.796875 0.021267361111111112 0.7826003086419753 0.022569444444444444 0.7800925925925926 0.025607638888888888 0.7802854938271605
1 0.1265190972222222 0.4369212962962963 0.13346354166666666 0.44540895061728397 0.1440972222222222 0.44328703703703703 0.15516493055555555 0.453125 0.15625 0.46219135802469136 0.1440972222222222 0.4627700617283951 0.14366319444444445 0.4702932098765432 0.1408420138888889 0.4710648148148148 0.1273871527777778 0.47010030864197533 0.123046875 0.4675925925925926 0.12109375 0.46315586419753085 0.1254340277777778 0.45601851851851855 0.1213107638888889 0.4461805555555556 0.125 0.4434799382716049 0.12630208333333334 0.4371141975308642
1 0 0.5113811728395061 0.0030381944444444445 0.5121527777777778 0.008029513888888888 0.5235339506172839 0.022352430555555556 0.5256558641975309 0.020182291666666668 0.5370370370370371 0.024305555555555556 0.5466820987654321 0.022352430555555556 0.548804012345679 0.01171875 0.5434027777777778 0.004991319444444444 0.5491898148148148 0 0.546875 0.001953125 0.5381944444444444 0.001736111111111111 0.533179012345679 0 0.5329861111111112 0 0.5115740740740741
1 0.1267361111111111 0.36246141975308643 0.15147569444444445 0.3761574074074074 0.15342881944444445 0.38406635802469136 0.1501736111111111 0.38580246913580246 0.1312934027777778 0.3809799382716049 0.1267361111111111 0.3732638888888889 0.1265190972222222 0.3626543209876543
1 0.09244791666666667 0.3753858024691358 0.0993923611111111 0.37635030864197533 0.10243055555555555 0.37905092592592593 0.10112847222222222 0.3871527777777778 0.09635416666666667 0.38927469135802467 0.07508680555555555 0.3871527777777778 0.08159722222222222 0.3775077160493827 0.09223090277777778 0.3753858024691358
1 0.03298611111111111 0.41261574074074076 0.03602430555555555 0.41473765432098764 0.03819444444444445 0.42997685185185186 0.030164930555555556 0.4305555555555556 0.026909722222222224 0.4288194444444444 0.029513888888888888 0.41608796296296297 0.032769097222222224 0.41280864197530864
1 0.023654513888888888 0.4220679012345679 0.02734375 0.4243827160493827 0.027994791666666668 0.4288194444444444 0.015842013888888888 0.43190586419753085 0.012369791666666666 0.4315200617283951 0.006510416666666667 0.4251543209876543 0.01171875 0.421875 0.0234375 0.4220679012345679
1 0.034505208333333336 0.4131944444444444 0.03819444444444445 0.42997685185185186 0.015842013888888888 0.4315200617283951 0.012152777777777778 0.43016975308641975 0.010850694444444444 0.4236111111111111 0.015407986111111112 0.4216820987654321 0.026258680555555556 0.4226466049382716 0.030164930555555556 0.4149305555555556 0.03428819444444445 0.4131944444444444
1 0.2842881944444444 0.29224537037037035 0.2884114583333333 0.2934027777777778 0.2942708333333333 0.30362654320987653 0.29296875 0.3136574074074074 0.2899305555555556 0.3167438271604938 0.2827690972222222 0.31114969135802467 0.275390625 0.3003472222222222 0.2758246527777778 0.2966820987654321 0.2840711805555556 0.29224537037037035
1 0.2966579861111111 0.30362654320987653 0.2888454861111111 0.2962962962962963 0.2916666666666667 0.2824074074074074 0.2979600694444444 0.2820216049382716 0.3025173611111111 0.2932098765432099 0.3016493055555556 0.29976851851851855 0.296875 0.30343364197530864
1 0.390625 0.16473765432098766 0.3971354166666667 0.171875 0.404296875 0.16608796296296297 0.4090711805555556 0.16743827160493827 0.4047309027777778 0.18171296296296297 0.3982204861111111 0.18479938271604937 0.3912760416666667 0.18441358024691357 0.388671875 0.18209876543209877 0.3880208333333333 0.16763117283950618 0.3904079861111111 0.16473765432098766
1 0.4461805555555556 0.06385030864197531 0.4500868055555556 0.07716049382716049 0.4476996527777778 0.08159722222222222 0.4440104166666667 0.08236882716049383 0.4368489583333333 0.08063271604938271 0.435546875 0.06770833333333333 0.4459635416666667 0.06385030864197531
1 0.4071180555555556 0.06828703703703703 0.4084201388888889 0.08063271604938271 0.4049479166666667 0.08584104938271606 0.4001736111111111 0.08449074074074074 0.3988715277777778 0.078125 0.4032118055555556 0.06925154320987655 0.4069010416666667 0.06828703703703703
1 0.2732204861111111 0.15027006172839505 0.2847222222222222 0.15104166666666666 0.2847222222222222 0.15432098765432098 0.2795138888888889 0.1560570987654321 0.2669270833333333 0.15432098765432098 0.2682291666666667 0.15084876543209877 0.2730034722222222 0.15027006172839505
1 0.2662760416666667 0.14795524691358025 0.2758246527777778 0.15123456790123457 0.2838541666666667 0.15142746913580246 0.2829861111111111 0.1548996913580247 0.26953125 0.15625 0.2465277777777778 0.1545138888888889 0.2510850694444444 0.15297067901234568 0.2552083333333333 0.1541280864197531 0.2586805555555556 0.14853395061728394 0.2660590277777778 0.14795524691358025
1 0.345703125 0.05999228395061729 0.3509114583333333 0.0787037037037037 0.3489583333333333 0.08294753086419752 0.3444010416666667 0.08564814814814815 0.3307291666666667 0.08506944444444445 0.3307291666666667 0.0779320987654321 0.3376736111111111 0.07310956790123457 0.3454861111111111 0.05999228395061729
1 0.2243923611111111 0.2662037037037037 0.236328125 0.27584876543209874 0.23828125 0.2795138888888889 0.2345920138888889 0.28125 0.2228732638888889 0.27912808641975306 0.220703125 0.2689043209876543 0.2241753472222222 0.2662037037037037
1 0.050347222222222224 0.36323302469135804 0.055121527777777776 0.36959876543209874 0.06770833333333333 0.3759645061728395 0.0740017361111111 0.38290895061728397 0.07964409722222222 0.38233024691358025 0.0822482638888889 0.3869598765432099 0.07118055555555555 0.38850308641975306 0.046875 0.3761574074074074 0.040364583333333336 0.38136574074074076 0.026041666666666668 0.3802083333333333 0.020616319444444444 0.3765432098765432 0.029513888888888888 0.3751929012345679 0.032769097222222224 0.3724922839506173 0.03624131944444445 0.3746141975308642 0.043402777777777776 0.3738425925925926 0.044921875 0.36516203703703703 0.050130208333333336 0.36323302469135804
1 0.013888888888888888 0.33796296296296297 0.03211805555555555 0.3576388888888889 0.04079861111111111 0.3616898148148148 0.052300347222222224 0.3626543209876543 0.059027777777777776 0.37364969135802467 0.0642361111111111 0.3746141975308642 0.07096354166666667 0.38117283950617287 0.07313368055555555 0.3869598765432099 0.07139756944444445 0.38773148148148145 0.06749131944444445 0.3873456790123457 0.05946180555555555 0.3809799382716049 0.046875 0.376929012345679 0.039713541666666664 0.38233024691358025 0.019314236111111112 0.3794367283950617 0.009982638888888888 0.3734567901234568 0.005425347222222222 0.3589891975308642 0.005208333333333333 0.34510030864197533 0.010633680555555556 0.3385416666666667 0.013671875 0.33796296296296297
1 0.4878472222222222 0.031635802469135804 0.4937065972222222 0.036265432098765434 0.4937065972222222 0.050347222222222224 0.4874131944444444 0.05150462962962963 0.4830729166666667 0.046875 0.4876302083333333 0.031828703703703706
1 0.4641927083333333 0.030671296296296297 0.4776475694444444 0.03896604938271605 0.4796006944444444 0.04436728395061729 0.4774305555555556 0.04861111111111111 0.4670138888888889 0.0470679012345679 0.4600694444444444 0.03973765432098766 0.4576822916666667 0.03279320987654321 0.4598524305555556 0.029899691358024692 0.4639756944444444 0.030671296296296297
1 0.4841579861111111 0.02700617283950617 0.4841579861111111 0.040123456790123455 0.4817708333333333 0.046296296296296294 0.4772135416666667 0.04456018518518518 0.4676649305555556 0.03298611111111111 0.4839409722222222 0.027199074074074073
1 0.10416666666666667 0.9855324074074074 0.10308159722222222 0.9876543209876543 0.10308159722222222 0.9911265432098766 0.10503472222222222 0.9998070987654321 0.11827256944444445 0.9998070987654321 0.11631944444444445 0.9907407407407407 0.11284722222222222 0.9859182098765432 0.11067708333333333 0.984375 0.10590277777777778 0.9836033950617284
1 0.2682291666666667 0.9598765432098766 0.2667100694444444 0.9641203703703703 0.2688802083333333 0.9737654320987654 0.2723524305555556 0.9753086419753086 0.2758246527777778 0.9745370370370371 0.2786458333333333 0.9708719135802469 0.2782118055555556 0.9643132716049383 0.2769097222222222 0.9604552469135802 0.2723524305555556 0.956983024691358 0.2690972222222222 0.9585262345679012
1 0.2549913194444444 0.9598765432098766 0.2506510416666667 0.9635416666666666 0.2521701388888889 0.9656635802469136 0.2528211805555556 0.9720293209876543 0.2552083333333333 0.9739583333333334 0.2615017361111111 0.9673996913580247 0.2662760416666667 0.9658564814814815 0.2677951388888889 0.9631558641975309 0.267578125 0.9602623456790124 0.2651909722222222 0.956983024691358 0.26171875 0.9565972222222222
1 0.2975260416666667 0.8516589506172839 0.2973090277777778 0.8560956790123457 0.2981770833333333 0.8597608024691358 0.3036024305555556 0.8638117283950617 0.3070746527777778 0.8634259259259259 0.3101128472222222 0.8452932098765432 0.3038194444444444 0.8414351851851852 0.3005642361111111 0.8422067901234568 0.2981770833333333 0.8452932098765432
1 0.3020833333333333 0.8314043209876543 0.3001302083333333 0.8314043209876543 0.3001302083333333 0.8323688271604939 0.3036024305555556 0.8416280864197531 0.3064236111111111 0.8423996913580247 0.3092447916666667 0.8445216049382716 0.3142361111111111 0.8451003086419753 0.3161892361111111 0.8423996913580247 0.3153211805555556 0.8373842592592593 0.3109809027777778 0.8346836419753086
1 0.5375434027777778 0.8059413580246914 0.5377604166666666 0.8107638888888888 0.5397135416666666 0.8150077160493827 0.5434027777777778 0.8157793209876543 0.5453559027777778 0.8088348765432098 0.5483940972222222 0.8088348765432098 0.5501302083333334 0.8130787037037037 0.5536024305555556 0.8150077160493827 0.5538194444444444 0.8063271604938271 0.5520833333333334 0.8042052469135802 0.5399305555555556 0.8038194444444444
1 0.5258246527777778 0.7509645061728395 0.5249565972222222 0.7515432098765432 0.5258246527777778 0.7552083333333334 0.5282118055555556 0.7586805555555556 0.5277777777777778 0.7658179012345679 0.5286458333333334 0.7754629629629629 0.529296875 0.7762345679012346 0.533203125 0.7762345679012346 0.5366753472222222 0.777391975308642 0.5384114583333334 0.7758487654320988 0.5375434027777778 0.7621527777777778 0.53515625 0.7608024691358025 0.5297309027777778 0.7530864197530864
1 0.5115017361111112 0.7640817901234568 0.5108506944444444 0.7663966049382716 0.51171875 0.7690972222222222 0.5158420138888888 0.7727623456790124 0.5173611111111112 0.7756558641975309 0.5182291666666666 0.7802854938271605 0.5225694444444444 0.7835648148148148 0.5260416666666666 0.7777777777777778 0.5286458333333334 0.7758487654320988 0.529296875 0.7683256172839507 0.5262586805555556 0.7669753086419753 0.5188802083333334 0.7667824074074074 0.5121527777777778 0.7635030864197531
1 0.4388020833333333 0.22723765432098766 0.4385850694444444 0.23070987654320987 0.4427083333333333 0.2341820987654321 0.462890625 0.2465277777777778 0.46484375 0.24594907407407407 0.4654947916666667 0.24459876543209877 0.4605034722222222 0.23244598765432098 0.4535590277777778 0.22260802469135801 0.4520399305555556 0.2162422839506173 0.4526909722222222 0.21296296296296297 0.4503038194444444 0.21026234567901234 0.4459635416666667 0.21122685185185186 0.4440104166666667 0.21296296296296297 0.4427083333333333 0.22029320987654322
1 0.4694010416666667 0.15316358024691357 0.4691840277777778 0.16165123456790123 0.4700520833333333 0.1684027777777778 0.4711371527777778 0.17033179012345678 0.4739583333333333 0.1711033950617284 0.4774305555555556 0.1684027777777778 0.4789496527777778 0.16493055555555555 0.4778645833333333 0.15065586419753085 0.4741753472222222 0.14872685185185186 0.470703125 0.14930555555555555
1 0.9416232638888888 0.3273533950617284 0.9418402777777778 0.3350694444444444 0.9396701388888888 0.3385416666666667 0.9390190972222222 0.341820987654321 0.9461805555555556 0.34375 0.9483506944444444 0.34085648148148145 0.9490017361111112 0.3387345679012346 0.9485677083333334 0.33468364197530864 0.9505208333333334 0.33121141975308643 0.9487847222222222 0.328125 0.9461805555555556 0.3269675925925926 0.9427083333333334 0.3258101851851852