1 0.8220486111111112 0.9776234567901234 0.8244357638888888 0.9787808641975309 0.8246527777777778 0.9872685185185185 0.8148871527777778 0.9915123456790124 0.8070746527777778 0.980516975308642 0.8218315972222222 0.9776234567901234
1 0.9947916666666666 0.8028549382716049 0.9997829861111112 0.7989969135802469 0.9997829861111112 0.8111496913580247 0.9945746527777778 0.8111496913580247 0.9913194444444444 0.8074845679012346 0.9947916666666666 0.8030478395061729
1 0.7740885416666666 0.9809027777777778 0.7827690972222222 0.9809027777777778 0.7827690972222222 0.9884259259259259 0.7808159722222222 0.9893904320987654 0.7743055555555556 0.9810956790123457
1 0.6653645833333334 0.9137731481481481 0.6710069444444444 0.9182098765432098 0.6736111111111112 0.9251543209876543 0.6744791666666666 0.9322916666666666 0.6720920138888888 0.935570987654321 0.6647135416666666 0.9295910493827161 0.6614583333333334 0.9299768518518519 0.6579861111111112 0.9347993827160493 0.65234375 0.9247685185185185 0.6514756944444444 0.9216820987654321 0.6547309027777778 0.9147376543209876 0.6651475694444444 0.9137731481481481
1 0.658203125 0.9137731481481481 0.6605902777777778 0.9151234567901234 0.6625434027777778 0.9274691358024691 0.6612413194444444 0.933641975308642 0.6584201388888888 0.9357638888888888 0.6508246527777778 0.9220679012345679 0.6538628472222222 0.9151234567901234 0.6579861111111112 0.9137731481481481
1 0.6371527777777778 0.902391975308642 0.6404079861111112 0.9097222222222222 0.6488715277777778 0.9114583333333334 0.6486545138888888 0.9153163580246914 0.6410590277777778 0.9234182098765432 0.6293402777777778 0.9253472222222222 0.6217447916666666 0.9184027777777778 0.6369357638888888 0.9025848765432098
1 0.5542534722222222 0.9592978395061729 0.5625 0.9670138888888888 0.5627170138888888 0.9704861111111112 0.560546875 0.9741512345679012 0.5503472222222222 0.9768518518518519 0.5434027777777778 0.9745370370370371 0.5427517361111112 0.9670138888888888 0.5453559027777778 0.9631558641975309 0.5540364583333334 0.9592978395061729
1 0.6197916666666666 0.7908950617283951 0.6256510416666666 0.7964891975308642 0.6263020833333334 0.8005401234567902 0.6234809027777778 0.8024691358024691 0.6158854166666666 0.7935956790123457 0.6195746527777778 0.7908950617283951
1 0.4498697916666667 0.9618055555555556 0.4563802083333333 0.9662422839506173 0.4572482638888889 0.9733796296296297 0.4461805555555556 0.9855324074074074 0.4431423611111111 0.9810956790123457 0.4424913194444444 0.9701003086419753 0.4496527777777778 0.9618055555555556
1 0.4220920138888889 0.9884259259259259 0.4294704861111111 0.9947916666666666 0.4275173611111111 0.9998070987654321 0.4140625 0.9998070987654321 0.4144965277777778 0.9911265432098766 0.421875 0.9884259259259259
1 0.4279513888888889 0.9564043209876543 0.4325086805555556 0.9562114197530864 0.4390190972222222 0.9594907407407407 0.4468315972222222 0.9591049382716049 0.4509548611111111 0.9633487654320988 0.4424913194444444 0.9710648148148148 0.4353298611111111 0.9724151234567902 0.4318576388888889 0.9704861111111112 0.4344618055555556 0.9673996913580247 0.4340277777777778 0.9637345679012346 0.4283854166666667 0.9596836419753086 0.4279513888888889 0.9565972222222222
1 0.5347222222222222 0.7893518518518519 0.5538194444444444 0.7926311728395061 0.5536024305555556 0.8109567901234568 0.546875 0.8111496913580247 0.5431857638888888 0.8150077160493827 0.5364583333333334 0.8070987654320988 0.5297309027777778 0.8152006172839507 0.5275607638888888 0.8043981481481481 0.5221354166666666 0.8003472222222222 0.5234375 0.796875 0.5208333333333334 0.7932098765432098 0.5264756944444444 0.7895447530864198 0.5345052083333334 0.7893518518518519
1 0.8096788194444444 0.6120756172839507 0.826171875 0.6138117283950617 0.8283420138888888 0.6284722222222222 0.8246527777777778 0.6290509259259259 0.8140190972222222 0.6232638888888888 0.8036024305555556 0.6304012345679012 0.7986111111111112 0.6128472222222222 0.8094618055555556 0.6120756172839507
1 0.5364583333333334 0.7771990740740741 0.5399305555555556 0.7785493827160493 0.5418836805555556 0.7824074074074074 0.5403645833333334 0.7887731481481481 0.5368923611111112 0.7899305555555556 0.5260416666666666 0.7885802469135802 0.5217013888888888 0.7827932098765432 0.5260416666666666 0.7775848765432098 0.5362413194444444 0.7771990740740741
1 0.533203125 0.7881944444444444 0.5533854166666666 0.7922453703703703 0.5538194444444444 0.8047839506172839 0.552734375 0.8094135802469136 0.546875 0.810570987654321 0.5436197916666666 0.814429012345679 0.5364583333333334 0.8065200617283951 0.5297309027777778 0.8148148148148148 0.5264756944444444 0.8028549382716049 0.5186631944444444 0.8034336419753086 0.5145399305555556 0.8003472222222222 0.5171440972222222 0.796875 0.5110677083333334 0.7932098765432098 0.5188802083333334 0.793016975308642 0.5262586805555556 0.7889660493827161 0.5329861111111112 0.7881944444444444
1 0.5334201388888888 0.7874228395061729 0.5542534722222222 0.7928240740740741 0.5536024305555556 0.8121141975308642 0.5499131944444444 0.8097993827160493 0.5431857638888888 0.8148148148148148 0.5362413194444444 0.8070987654320988 0.5295138888888888 0.8150077160493827 0.52734375 0.8045910493827161 0.51171875 0.8036265432098766 0.5084635416666666 0.7934027777777778 0.51171875 0.7908950617283951 0.533203125 0.7874228395061729
1 0.5264756944444444 0.7546296296296297 0.5366753472222222 0.7654320987654321 0.5394965277777778 0.7760416666666666 0.5364583333333334 0.7783564814814815 0.5260416666666666 0.7787422839506173 0.5225694444444444 0.7822145061728395 0.5188802083333334 0.7798996913580247 0.5119357638888888 0.7648533950617284 0.5188802083333334 0.767554012345679 0.5249565972222222 0.765625 0.5262586805555556 0.7546296296296297
1 0.3433159722222222 0.9596836419753086 0.3452690972222222 0.96875 0.3420138888888889 0.9772376543209876 0.3268229166666667 0.9701003086419753 0.3283420138888889 0.9629629629629629 0.3385416666666667 0.9585262345679012 0.3430989583333333 0.9596836419753086
1 0.2630208333333333 0.956983024691358 0.2777777777777778 0.9598765432098766 0.2769097222222222 0.9633487654320988 0.2725694444444444 0.96875 0.2654079861111111 0.9662422839506173 0.2612847222222222 0.9673996913580247 0.2552083333333333 0.9739583333333334 0.24934895833333334 0.9633487654320988 0.2628038194444444 0.956983024691358
1 0.3005642361111111 0.8308256172839507 0.3159722222222222 0.8395061728395061 0.3148871527777778 0.8489583333333334 0.3094618055555556 0.8532021604938271 0.3072916666666667 0.863233024691358 0.3040364583333333 0.8643904320987654 0.2975260416666667 0.8591820987654321 0.2970920138888889 0.8564814814814815 0.2979600694444444 0.8452932098765432 0.3014322916666667 0.8385416666666666 0.3003472222222222 0.8308256172839507
1 0.2191840277777778 0.9778163580246914 0.22200520833333334 0.9803240740740741 0.22157118055555555 0.9841820987654321 0.21354166666666666 0.9884259259259259 0.2092013888888889 0.9878472222222222 0.21006944444444445 0.9795524691358025 0.2131076388888889 0.9774305555555556 0.2189670138888889 0.9778163580246914
1 0.5885416666666666 0.6022376543209876 0.599609375 0.6033950617283951 0.6022135416666666 0.6130401234567902 0.5952690972222222 0.609375 0.58203125 0.6089891975308642 0.5748697916666666 0.6059027777777778 0.5746527777777778 0.6024305555555556 0.5883246527777778 0.6022376543209876
1 0.3572048611111111 0.7033179012345679 0.359375 0.7067901234567902 0.3526475694444444 0.7199074074074074 0.3487413194444444 0.7181712962962963 0.341796875 0.7062114197530864 0.3452690972222222 0.703125 0.3569878472222222 0.7033179012345679
1 0.3324652777777778 0.7025462962962963 0.3411458333333333 0.703125 0.3446180555555556 0.7067901234567902 0.3400607638888889 0.7166280864197531 0.3315972222222222 0.7191358024691358 0.3296440972222222 0.7172067901234568 0.3313802083333333 0.7139274691358025 0.3298611111111111 0.7085262345679012 0.3116319444444444 0.7064043209876543 0.3140190972222222 0.7029320987654321 0.3322482638888889 0.7025462962962963
1 0.20638020833333334 0.8892746913580247 0.22005208333333334 0.8929398148148148 0.22135416666666666 0.8975694444444444 0.2170138888888889 0.904320987654321 0.2035590277777778 0.9066358024691358 0.19921875 0.9012345679012346 0.19921875 0.8935185185185185 0.201171875 0.8904320987654321 0.20616319444444445 0.8892746913580247
1 0.13368055555555555 0.9535108024691358 0.13585069444444445 0.9564043209876543 0.13411458333333334 0.9673996913580247 0.1369357638888889 0.970679012345679 0.1343315972222222 0.9741512345679012 0.12999131944444445 0.9739583333333334 0.1232638888888889 0.9780092592592593 0.12152777777777778 0.9774305555555556 0.12174479166666667 0.9699074074074074 0.12565104166666666 0.9575617283950617 0.13020833333333334 0.9535108024691358 0.13346354166666666 0.9535108024691358
1 0.13368055555555555 0.9535108024691358 0.13585069444444445 0.9565972222222222 0.13411458333333334 0.9673996913580247 0.13606770833333334 0.9712577160493827 0.1343315972222222 0.9741512345679012 0.12999131944444445 0.9739583333333334 0.1232638888888889 0.9782021604938271 0.12109375 0.9772376543209876 0.12174479166666667 0.9699074074074074 0.12586805555555555 0.956983024691358 0.13346354166666666 0.9535108024691358
1 0.1056857638888889 0.9795524691358025 0.1134982638888889 0.9812885802469136 0.11827256944444445 0.9945987654320988 0.11827256944444445 0.9998070987654321 0.10590277777777778 0.9998070987654321 0.1037326388888889 0.9878472222222222 0.1056857638888889 0.9797453703703703
1 0.9429253472222222 0.5968364197530864 0.9503038194444444 0.5989583333333334 0.9587673611111112 0.6072530864197531 0.9639756944444444 0.609375 0.96484375 0.6167052469135802 0.95703125 0.6188271604938271 0.9524739583333334 0.6186342592592593 0.935546875 0.6091820987654321 0.9353298611111112 0.6024305555555556 0.9427083333333334 0.5968364197530864
1 0.951171875 0.35378086419753085 0.9598524305555556 0.3541666666666667 0.9683159722222222 0.3628472222222222 0.9672309027777778 0.36593364197530864 0.9602864583333334 0.36651234567901236 0.9565972222222222 0.3722993827160494 0.9435763888888888 0.359375 0.9442274305555556 0.3543595679012346 0.9509548611111112 0.35378086419753085
1 0.95703125 0.33487654320987653 0.9631076388888888 0.33834876543209874 0.9754774305555556 0.33834876543209874 0.9763454861111112 0.3420138888888889 0.966796875 0.35088734567901236 0.9498697916666666 0.35300925925925924 0.9427083333333334 0.3524305555555556 0.9427083333333334 0.3487654320987654 0.9494357638888888 0.33912037037037035 0.9568142361111112 0.33487654320987653
1 0.9444444444444444 0.3246527777777778 0.9563802083333334 0.3290895061728395 0.9631076388888888 0.3385416666666667 0.9748263888888888 0.33834876543209874 0.9763454861111112 0.341820987654321 0.966796875 0.3506944444444444 0.9470486111111112 0.3533950617283951 0.9424913194444444 0.35223765432098764 0.9440104166666666 0.3452932098765432 0.935546875 0.3425925925925926 0.9416232638888888 0.3350694444444444 0.94140625 0.3248456790123457 0.9442274305555556 0.3246527777777778
1 0.9429253472222222 0.3238811728395062 0.9576822916666666 0.33198302469135804 0.9529079861111112 0.33294753086419754 0.9468315972222222 0.3425925925925926 0.9422743055555556 0.3443287037037037 0.9357638888888888 0.3443287037037037 0.9351128472222222 0.341820987654321 0.9411892361111112 0.33468364197530864 0.9427083333333334 0.3238811728395062
1 0.6907552083333334 0.5767746913580247 0.6940104166666666 0.5812114197530864 0.703125 0.5864197530864198 0.7037760416666666 0.5902777777777778 0.7026909722222222 0.5923996913580247 0.6866319444444444 0.5983796296296297 0.6786024305555556 0.5964506172839507 0.6766493055555556 0.5829475308641975 0.6905381944444444 0.5767746913580247
1 0.6082899305555556 0.6022376543209876 0.6154513888888888 0.6035879629629629 0.6163194444444444 0.6057098765432098 0.6128472222222222 0.6064814814814815 0.603515625 0.6057098765432098 0.6030815972222222 0.6024305555555556 0.6080729166666666 0.6022376543209876
1 0.408203125 0.6747685185185185 0.4171006944444444 0.6788194444444444 0.4114583333333333 0.6938657407407407 0.400390625 0.6828703703703703 0.4029947916666667 0.6759259259259259 0.4079861111111111 0.6747685185185185
1 0.341796875 0.6940586419753086 0.3407118055555556 0.6925154320987654 0.3470052083333333 0.6778549382716049 0.35546875 0.669945987654321 0.3600260416666667 0.6716820987654321 0.3611111111111111 0.685570987654321 0.3420138888888889 0.6940586419753086
1 0.3328993055555556 0.7025462962962963 0.3385416666666667 0.7033179012345679 0.3411458333333333 0.7064043209876543 0.3385416666666667 0.7085262345679012 0.3181423611111111 0.7065972222222222 0.3111979166666667 0.7077546296296297 0.3140190972222222 0.7025462962962963 0.3326822916666667 0.7025462962962963
1 0.3413628472222222 0.6682098765432098 0.3467881944444444 0.6716820987654321 0.3463541666666667 0.6792052469135802 0.341796875 0.6830632716049383 0.3335503472222222 0.6834490740740741 0.3272569444444444 0.6819058641975309 0.3224826388888889 0.6697530864197531 0.3411458333333333 0.6682098765432098
1 0.3038194444444444 0.6616512345679012 0.3036024305555556 0.6685956790123457 0.3125 0.671875 0.3140190972222222 0.6790123456790124 0.3107638888888889 0.6817129629629629 0.3001302083333333 0.6809413580246914 0.2912326388888889 0.6857638888888888 0.2795138888888889 0.6666666666666666 0.2827690972222222 0.6645447530864198 0.2862413194444444 0.6676311728395061 0.2897135416666667 0.6674382716049383 0.2934027777777778 0.6622299382716049 0.3036024305555556 0.6616512345679012
1 0.12022569444444445 0.9488811728395061 0.123046875 0.9544753086419753 0.1171875 0.9575617283950617 0.1095920138888889 0.9558256172839507 0.10677083333333333 0.9496527777777778 0.12000868055555555 0.9488811728395061
1 0.12044270833333333 0.9496527777777778 0.12174479166666667 0.953125 0.11762152777777778 0.9600694444444444 0.119140625 0.9645061728395061 0.123046875 0.964891975308642 0.12586805555555555 0.9581404320987654 0.13020833333333334 0.9537037037037037 0.13368055555555555 0.9537037037037037 0.13563368055555555 0.9564043209876543 0.1345486111111111 0.9672067901234568 0.1382378472222222 0.9704861111111112 0.13585069444444445 0.9739583333333334 0.12977430555555555 0.9747299382716049 0.11393229166666667 0.984375 0.11675347222222222 0.9947916666666666 0.111328125 0.9976851851851852 0.1076388888888889 0.9951774691358025 0.10503472222222222 0.980516975308642 0.09917534722222222 0.9712577160493827 0.10980902777777778 0.9565972222222222 0.10850694444444445 0.9498456790123457 0.11328125 0.9513888888888888 0.12022569444444445 0.9496527777777778
1 0.21419270833333334 0.6768904320987654 0.22743055555555555 0.6730324074074074 0.2309027777777778 0.6801697530864198 0.22916666666666666 0.6844135802469136 0.22265625 0.6863425925925926 0.21809895833333334 0.6927083333333334 0.21375868055555555 0.6940586419753086 0.20963541666666666 0.6927083333333334 0.2072482638888889 0.6822916666666666 0.21028645833333334 0.6778549382716049 0.21397569444444445 0.6768904320987654
1 0.11610243055555555 0.6614583333333334 0.1247829861111111 0.6643518518518519 0.1369357638888889 0.6630015432098766 0.13736979166666666 0.6691743827160493 0.14539930555555555 0.6739969135802469 0.14735243055555555 0.6786265432098766 0.1440972222222222 0.6830632716049383 0.1369357638888889 0.6824845679012346 0.13411458333333334 0.6844135802469136 0.1265190972222222 0.6830632716049383 0.11870659722222222 0.6716820987654321 0.11610243055555555 0.6616512345679012
1 0.5638020833333334 0.36766975308641975 0.5713975694444444 0.3800154320987654 0.5611979166666666 0.38927469135802467 0.5572916666666666 0.3871527777777778 0.5549045138888888 0.37982253086419754 0.5590277777777778 0.36921296296296297 0.5635850694444444 0.36766975308641975
1 0.443359375 0.36728395061728397 0.4459635416666667 0.36863425925925924 0.451171875 0.3800154320987654 0.4461805555555556 0.3879243827160494 0.4398871527777778 0.3869598765432099 0.4379340277777778 0.38348765432098764 0.4379340277777778 0.3767361111111111 0.4431423611111111 0.36728395061728397
1 0.4246961805555556 0.37287808641975306 0.4340277777777778 0.3767361111111111 0.4357638888888889 0.37962962962962965 0.4342447916666667 0.38580246913580246 0.4279513888888889 0.3883101851851852 0.4214409722222222 0.3863811728395062 0.4166666666666667 0.376929012345679 0.4177517361111111 0.373070987654321 0.4244791666666667 0.37287808641975306
1 0.2921006944444444 0.45717592592592593 0.2977430555555556 0.4697145061728395 0.2966579861111111 0.47608024691358025 0.2934027777777778 0.4816743827160494 0.2890625 0.4799382716049383 0.2827690972222222 0.4870756172839506 0.2808159722222222 0.486304012345679 0.2819010416666667 0.48032407407407407 0.2723524305555556 0.46739969135802467 0.2721354166666667 0.46026234567901236 0.2829861111111111 0.46045524691358025 0.2918836805555556 0.45717592592592593
1 0.20008680555555555 0.373070987654321 0.2068142361111111 0.376929012345679 0.21354166666666666 0.376929012345679 0.2185329861111111 0.3869598765432099 0.2170138888888889 0.3896604938271605 0.1996527777777778 0.38773148148148145 0.19444444444444445 0.38522376543209874 0.1929253472222222 0.3800154320987654 0.19618055555555555 0.3738425925925926 0.19986979166666666 0.373070987654321
1 0.2829861111111111 0.2916666666666667 0.2897135416666667 0.29398148148148145 0.2931857638888889 0.30227623456790126 0.2916666666666667 0.3074845679012346 0.283203125 0.31828703703703703 0.2751736111111111 0.3003472222222222 0.2758246527777778 0.2962962962962963 0.2827690972222222 0.2918595679012346
1 0.2955729166666667 0.2810570987654321 0.2981770833333333 0.2827932098765432 0.3029513888888889 0.2959104938271605 0.3009982638888889 0.3013117283950617 0.2970920138888889 0.30362654320987653 0.2931857638888889 0.30246913580246915 0.2888454861111111 0.2934027777777778 0.2903645833333333 0.2827932098765432 0.2953559027777778 0.2810570987654321
1 0.1267361111111111 0.43537808641975306 0.1330295138888889 0.44502314814814814 0.1440972222222222 0.4434799382716049 0.15494791666666666 0.453125 0.1566840277777778 0.4618055555555556 0.14735243055555555 0.46199845679012347 0.14388020833333334 0.4702932098765432 0.14127604166666666 0.4714506172839506 0.1265190972222222 0.4702932098765432 0.12152777777777778 0.46334876543209874 0.12565104166666666 0.45621141975308643 0.12044270833333333 0.4461805555555556 0.1265190972222222 0.435570987654321
1 0.1267361111111111 0.36323302469135804 0.15169270833333334 0.3765432098765432 0.15364583333333334 0.38406635802469136 0.14908854166666666 0.3856095679012346 0.130859375 0.3802083333333333 0.12174479166666667 0.3699845679012346 0.1265190972222222 0.36342592592592593
1 0.02734375 0.7804783950617284 0.033203125 0.7876157407407407 0.03884548611111111 0.7897376543209876 0.040581597222222224 0.796875 0.03624131944444445 0.7986111111111112 0.025173611111111112 0.7974537037037037 0.022569444444444444 0.7945601851851852 0.021701388888888888 0.7824074074074074 0.022786458333333332 0.7804783950617284 0.027126736111111112 0.7804783950617284
1 0.0954861111111111 0.3757716049382716 0.10264756944444445 0.37982253086419754 0.0998263888888889 0.3873456790123457 0.078125 0.3890817901234568 0.07356770833333333 0.3869598765432099 0.08159722222222222 0.3767361111111111 0.09526909722222222 0.3757716049382716
1 0 0.5113811728395061 0.0026041666666666665 0.5121527777777778 0.008029513888888888 0.5231481481481481 0.021267361111111112 0.5252700617283951 0.020399305555555556 0.5372299382716049 0.024522569444444444 0.5464891975308642 0.022352430555555556 0.5484182098765432 0.011935763888888888 0.5426311728395061 0.004991319444444444 0.5486111111111112 0 0.5491898148148148 0 0.5115740740740741
1 0.050130208333333336 0.36400462962962965 0.05164930555555555 0.37114197530864196 0.068359375 0.3767361111111111 0.07508680555555555 0.3869598765432099 0.06749131944444445 0.38753858024691357 0.047309027777777776 0.3765432098765432 0.048828125 0.3724922839506173 0.046875 0.36593364197530864 0.04991319444444445 0.36419753086419754
1 0 0.4195601851851852 0.005208333333333333 0.4216820987654321 0.007161458333333333 0.42496141975308643 0 0.42746913580246915 0 0.41975308641975306
1 0.050347222222222224 0.36246141975308643 0.05490451388888889 0.3722993827160494 0.07139756944444445 0.3792438271604938 0.07421875 0.3869598765432099 0.07161458333333333 0.3879243827160494 0.046875 0.37712191358024694 0.04318576388888889 0.3802083333333333 0.029079861111111112 0.3800154320987654 0.027994791666666668 0.3765432098765432 0.032552083333333336 0.3744212962962963 0.039713541666666664 0.37712191358024694 0.044270833333333336 0.3757716049382716 0.046223958333333336 0.36400462962962965 0.050130208333333336 0.36246141975308643
1 0.050347222222222224 0.36246141975308643 0.05555555555555555 0.3724922839506173 0.07161458333333333 0.3792438271604938 0.07508680555555555 0.38676697530864196 0.0724826388888889 0.3881172839506173 0.06770833333333333 0.38773148148148145 0.04709201388888889 0.3777006172839506 0.04188368055555555 0.3809799382716049 0.025824652777777776 0.38059413580246915 0.022352430555555556 0.38348765432098764 0.019097222222222224 0.38271604938271603 0.018880208333333332 0.3784722222222222 0.022352430555555556 0.3751929012345679 0.032769097222222224 0.3732638888888889 0.04383680555555555 0.375 0.04578993055555555 0.3643904320987654 0.050130208333333336 0.36246141975308643
1 0.5236545138888888 0.203125 0.5325520833333334 0.21334876543209877 0.529296875 0.21412037037037038 0.5217013888888888 0.21354166666666666 0.521484375 0.20505401234567902 0.5234375 0.203125
1 0.4884982638888889 0.20042438271604937 0.4952256944444444 0.203125 0.4921875 0.20736882716049382 0.4917534722222222 0.21334876543209877 0.4880642361111111 0.21431327160493827 0.4772135416666667 0.21373456790123457 0.4735243055555556 0.20640432098765432 0.48828125 0.20042438271604937
1 0.4513888888888889 0.21006944444444445 0.4522569444444444 0.2204861111111111 0.4607204861111111 0.23283179012345678 0.4654947916666667 0.24479166666666666 0.4639756944444444 0.24594907407407407 0.4379340277777778 0.23070987654320987 0.4435763888888889 0.2195216049382716 0.4440104166666667 0.21334876543209877 0.451171875 0.21006944444444445
1 0.5503472222222222 0.16435185185185186 0.5536024305555556 0.16763117283950618 0.5616319444444444 0.1684027777777778 0.5572916666666666 0.17978395061728394 0.5503472222222222 0.1876929012345679 0.5440538194444444 0.18209876543209877 0.5414496527777778 0.17631172839506173 0.5466579861111112 0.16512345679012347 0.5501302083333334 0.16435185185185186
1 0.5303819444444444 0.16338734567901234 0.5327690972222222 0.16512345679012347 0.5271267361111112 0.17939814814814814 0.5230034722222222 0.18229166666666666 0.5093315972222222 0.17824074074074073 0.5067274305555556 0.16570216049382716 0.5091145833333334 0.16454475308641975 0.5154079861111112 0.1701388888888889 0.5190972222222222 0.1701388888888889 0.5301649305555556 0.16338734567901234
1 0.4774305555555556 0.17476851851851852 0.4874131944444444 0.17631172839506173 0.4891493055555556 0.17843364197530864 0.4884982638888889 0.1853780864197531 0.4809027777777778 0.1873070987654321 0.4735243055555556 0.1871141975308642 0.4698350694444444 0.18460648148148148 0.4704861111111111 0.17708333333333334 0.4772135416666667 0.17476851851851852
1 0.4945746527777778 0.16300154320987653 0.505859375 0.16493055555555555 0.5056423611111112 0.1716820987654321 0.5017361111111112 0.17669753086419754 0.4913194444444444 0.17457561728395063 0.4865451388888889 0.17033179012345678 0.4854600694444444 0.16493055555555555 0.4943576388888889 0.16300154320987653
1 0.4600694444444444 0.1527777777777778 0.4639756944444444 0.1545138888888889 0.4670138888888889 0.16242283950617284 0.4769965277777778 0.16666666666666666 0.4743923611111111 0.1712962962962963 0.4607204861111111 0.17457561728395063 0.4529079861111111 0.1726466049382716 0.4563802083333333 0.16493055555555555 0.4568142361111111 0.15432098765432098 0.4598524305555556 0.15297067901234568
1 0.4357638888888889 0.16087962962962962 0.4377170138888889 0.1697530864197531 0.4427083333333333 0.17457561728395063 0.4437934027777778 0.17901234567901234 0.4390190972222222 0.1863425925925926 0.431640625 0.1867283950617284 0.4286024305555556 0.19135802469135801 0.4242621527777778 0.18904320987654322 0.4192708333333333 0.17496141975308643 0.4253472222222222 0.16242283950617284 0.435546875 0.16087962962962962
1 0.4984809027777778 0.1394675925925926 0.5010850694444444 0.1412037037037037 0.501953125 0.14891975308641975 0.5054253472222222 0.15104166666666666 0.5049913194444444 0.1558641975308642 0.4982638888888889 0.15219907407407407 0.4800347222222222 0.15027006172839505 0.4793836805555556 0.14756944444444445 0.4841579861111111 0.1431327160493827 0.4913194444444444 0.1427469135802469 0.4982638888888889 0.1394675925925926
1 0.5750868055555556 0.09780092592592593 0.5753038194444444 0.10551697530864197 0.5698784722222222 0.10628858024691358 0.5570746527777778 0.10570987654320987 0.5542534722222222 0.10339506172839506 0.5544704861111112 0.10050154320987655 0.5748697916666666 0.09780092592592593
1 0.6440972222222222 0.057484567901234566 0.6460503472222222 0.06751543209876543 0.634765625 0.06655092592592593 0.6343315972222222 0.060570987654320986 0.640625 0.060570987654320986 0.6438802083333334 0.05767746913580247
1 0.3912760416666667 0.16512345679012347 0.3971354166666667 0.171875 0.4045138888888889 0.16589506172839505 0.4077690972222222 0.16570216049382716 0.4092881944444444 0.16782407407407407 0.4047309027777778 0.18171296296296297 0.3973524305555556 0.1849922839506173 0.390625 0.18441358024691357 0.388671875 0.18209876543209877 0.3880208333333333 0.16763117283950618 0.3910590277777778 0.16512345679012347
1 0.4563802083333333 0.11361882716049383 0.4635416666666667 0.11496913580246913 0.46484375 0.1267361111111111 0.4631076388888889 0.12866512345679013 0.4557291666666667 0.12654320987654322 0.4466145833333333 0.13001543209876543 0.4429253472222222 0.13001543209876543 0.4459635416666667 0.1232638888888889 0.4448784722222222 0.11361882716049383 0.4561631944444444 0.11361882716049383
1 0.4672309027777778 0.10551697530864197 0.4709201388888889 0.10744598765432099 0.4752604166666667 0.11728395061728394 0.4739583333333333 0.1232638888888889 0.4704861111111111 0.1248070987654321 0.4657118055555556 0.12422839506172839 0.4637586805555556 0.12037037037037036 0.4635416666666667 0.10590277777777778 0.4670138888888889 0.10551697530864197
1 0.5466579861111112 0.07291666666666667 0.5501302083333334 0.07503858024691358 0.5516493055555556 0.08179012345679013 0.5499131944444444 0.08545524691358025 0.5444878472222222 0.08796296296296297 0.5340711805555556 0.08506944444444445 0.529296875 0.0779320987654321 0.5464409722222222 0.07291666666666667
1 0.4918619791666667 0.07802854938271606 0.011501736111111112 0.01871141975308642
1 0.5570746527777778 0.050347222222222224 0.5538194444444444 0.06462191358024691 0.5403645833333334 0.06404320987654322 0.5353732638888888 0.05246913580246913 0.5364583333333334 0.05073302469135803 0.5479600694444444 0.05381944444444445 0.5568576388888888 0.050347222222222224
1 0.2248263888888889 0.2663966049382716 0.236328125 0.27584876543209874 0.23828125 0.2795138888888889 0.23546006944444445 0.2816358024691358 0.2230902777777778 0.279320987654321 0.2209201388888889 0.2679398148148148 0.224609375 0.2663966049382716
1 0.2829861111111111 0.15065586419753085 0.28515625 0.15104166666666666 0.28515625 0.15432098765432098 0.2795138888888889 0.15625 0.2747395833333333 0.1545138888888889 0.2827690972222222 0.15084876543209877
1 0.2690972222222222 0.14776234567901234 0.2740885416666667 0.14988425925925927 0.2758246527777778 0.15432098765432098 0.2821180555555556 0.15219907407407407 0.2838541666666667 0.15432098765432098 0.2632378472222222 0.1566358024691358 0.2513020833333333 0.1564429012345679 0.2476128472222222 0.15432098765432098 0.2549913194444444 0.1527777777777778 0.2586805555555556 0.14756944444444445 0.2688802083333333 0.14776234567901234
1 0.4461805555555556 0.06327160493827161 0.4500868055555556 0.07561728395061729 0.44921875 0.07966820987654322 0.4455295138888889 0.08236882716049383 0.4370659722222222 0.08082561728395062 0.435546875 0.06712962962962964 0.4459635416666667 0.06327160493827161
1 0.4051649305555556 0.06790123456790123 0.4079861111111111 0.06905864197530864 0.4086371527777778 0.078125 0.4073350694444444 0.08410493827160494 0.4047309027777778 0.08603395061728394 0.4001736111111111 0.08487654320987655 0.3988715277777778 0.078125 0.4049479166666667 0.06790123456790123
1 0.3459201388888889 0.060570987654320986 0.3498263888888889 0.08159722222222222 0.3454861111111111 0.08545524691358025 0.3305121527777778 0.08468364197530864 0.3315972222222222 0.07600308641975309 0.3372395833333333 0.07330246913580248 0.345703125 0.060570987654320986
1 0.7758246527777778 0.021219135802469136 0.7801649305555556 0.02334104938271605 0.7823350694444444 0.029513888888888888 0.7801649305555556 0.03742283950617284 0.7756076388888888 0.03993055555555555 0.7582465277777778 0.038001543209876545 0.7534722222222222 0.030478395061728395 0.755859375 0.024498456790123458 0.7756076388888888 0.021219135802469136
1 0.7174479166666666 0.02768132716049383 0.018229166666666668 0.01678240740740741
1 0.04665798611111111 0.3643904320987654 0.050130208333333336 0.3653549382716049 0.049262152777777776 0.3732638888888889 0.05381944444444445 0.3767361111111111 0.04665798611111111 0.3773148148148148 0.04318576388888889 0.38136574074074076 0.019097222222222224 0.38425925925925924 0.015190972222222222 0.3767361111111111 0.019748263888888888 0.3734567901234568 0.03602430555555555 0.3707561728395062 0.044270833333333336 0.37364969135802467 0.04665798611111111 0.3645833333333333
1 0.4878472222222222 0.0314429012345679 0.4937065972222222 0.036458333333333336 0.4937065972222222 0.050347222222222224 0.4869791666666667 0.05131172839506173 0.4832899305555556 0.046875 0.4876302083333333 0.031635802469135804
1 0.015625 0.33699845679012347 0.029296875 0.35262345679012347 0.031684027777777776 0.3591820987654321 0.029513888888888888 0.36072530864197533 0.012152777777777778 0.35725308641975306 0.004123263888888889 0.35127314814814814 0.003472222222222222 0.34587191358024694 0.008029513888888888 0.3385416666666667 0.015407986111111112 0.33699845679012347
1 0.4641927083333333 0.030671296296296297 0.4748263888888889 0.033179012345679014 0.4793836805555556 0.043209876543209874 0.4774305555555556 0.04841820987654321 0.466796875 0.0470679012345679 0.4602864583333333 0.03973765432098766 0.4578993055555556 0.032407407407407406 0.4600694444444444 0.03009259259259259 0.4639756944444444 0.030671296296296297
1 0.0032552083333333335 0.42399691358024694 0.003472222222222222 0.4255401234567901 0.008246527777777778 0.4270833333333333 0.009331597222222222 0.42862654320987653 0.014973958333333334 0.43113425925925924 0.018880208333333332 0.43016975308641975 0.028428819444444444 0.43036265432098764 0.03819444444444445 0.43190586419753085 0.039496527777777776 0.43094135802469136 0.039496527777777776 0.42862654320987653 0.036458333333333336 0.4222608024691358 0.035807291666666664 0.41415895061728397 0.034722222222222224 0.41300154320987653 0.03298611111111111 0.41280864197530864 0.031032986111111112 0.41454475308641975 0.028862847222222224 0.4216820987654321 0.026909722222222224 0.4228395061728395 0.015190972222222222 0.4211033950617284 0.012152777777777778 0.4212962962962963 0.009331597222222222 0.4228395061728395
1 0.8977864583333334 0.9699074074074074 0.8975694444444444 0.9739583333333334 0.9077690972222222 0.986304012345679 0.9181857638888888 0.9897762345679012 0.9205729166666666 0.9876543209876543 0.923828125 0.9809027777777778 0.9296875 0.9772376543209876 0.9299045138888888 0.9739583333333334 0.9270833333333334 0.9691358024691358 0.9227430555555556 0.9639274691358025 0.9186197916666666 0.9610339506172839 0.9147135416666666 0.9608410493827161 0.9060329861111112 0.9681712962962963 0.9008246527777778 0.96875