1 0.9184027777777778 0.9612268518518519 0.9299045138888888 0.9737654320987654 0.9294704861111112 0.9778163580246914 0.9223090277777778 0.9807098765432098 0.9184027777777778 0.9890046296296297 0.9077690972222222 0.9857253086419753 0.8982204861111112 0.9712577160493827 0.9075520833333334 0.9685570987654321 0.9114583333333334 0.9629629629629629 0.9181857638888888 0.9612268518518519
1 0.8216145833333334 0.9785879629629629 0.8276909722222222 0.984375 0.8279079861111112 0.9913194444444444 0.8253038194444444 0.9920910493827161 0.8070746527777778 0.9810956790123457 0.8213975694444444 0.9785879629629629
1 0.9997829861111112 0.8026620370370371 0.9997829861111112 0.8099922839506173 0.9971788194444444 0.8101851851851852 0.9945746527777778 0.8101851851851852 0.9926215277777778 0.8070987654320988 0.9995659722222222 0.8026620370370371
1 0.7760416666666666 0.9807098765432098 0.7821180555555556 0.9830246913580247 0.7827690972222222 0.9886188271604939 0.7799479166666666 0.9893904320987654 0.775390625 0.9841820987654321 0.7758246527777778 0.9807098765432098
1 0.6649305555555556 0.9133873456790124 0.6710069444444444 0.9182098765432098 0.673828125 0.9249614197530864 0.6742621527777778 0.9326774691358025 0.6720920138888888 0.9353780864197531 0.6684027777777778 0.9340277777777778 0.6608072916666666 0.9253472222222222 0.6579861111111112 0.9149305555555556 0.6647135416666666 0.9133873456790124
1 0.6577690972222222 0.9133873456790124 0.6610243055555556 0.9149305555555556 0.662109375 0.9184027777777778 0.6629774305555556 0.9266975308641975 0.6608072916666666 0.9342206790123457 0.6571180555555556 0.9351851851851852 0.6508246527777778 0.921875 0.6534288194444444 0.9151234567901234 0.6575520833333334 0.9135802469135802
1 0.6336805555555556 0.9031635802469136 0.6369357638888888 0.9016203703703703 0.6399739583333334 0.9077932098765432 0.6484375 0.9110725308641975 0.6458333333333334 0.9191743827160493 0.6412760416666666 0.923804012345679 0.6295572916666666 0.9251543209876543 0.6236979166666666 0.9182098765432098 0.6336805555555556 0.9033564814814815
1 0.5538194444444444 0.9585262345679012 0.5598958333333334 0.9635416666666666 0.5618489583333334 0.9701003086419753 0.5594618055555556 0.9741512345679012 0.5516493055555556 0.9756944444444444 0.5434027777777778 0.9737654320987654 0.5427517361111112 0.9666280864197531 0.5536024305555556 0.9585262345679012
1 0.453125 0.9650848765432098 0.4563802083333333 0.9685570987654321 0.4563802083333333 0.9728009259259259 0.4463975694444444 0.9861111111111112 0.4431423611111111 0.9841820987654321 0.4429253472222222 0.9704861111111112 0.4494357638888889 0.9652777777777778 0.4529079861111111 0.9650848765432098
1 0.4240451388888889 0.9886188271604939 0.4286024305555556 0.9911265432098766 0.4357638888888889 0.9913194444444444 0.4357638888888889 0.9963348765432098 0.4320746527777778 0.9945987654320988 0.4288194444444444 0.9998070987654321 0.4151475694444444 0.9998070987654321 0.4153645833333333 0.9911265432098766 0.4184027777777778 0.9888117283950617 0.423828125 0.9886188271604939
1 0.43359375 0.9564043209876543 0.439453125 0.9591049382716049 0.4494357638888889 0.9598765432098766 0.4513888888888889 0.9633487654320988 0.4500868055555556 0.966820987654321 0.4368489583333333 0.9720293209876543 0.4320746527777778 0.9702932098765432 0.4331597222222222 0.9641203703703703 0.4283854166666667 0.9598765432098766 0.4281684027777778 0.9564043209876543 0.4333767361111111 0.9564043209876543
1 0.5375434027777778 0.7897376543209876 0.5503472222222222 0.7907021604938271 0.5544704861111112 0.7932098765432098 0.5536024305555556 0.8111496913580247 0.5503472222222222 0.8115354938271605 0.5466579861111112 0.8074845679012346 0.5431857638888888 0.8161651234567902 0.5397135416666666 0.8152006172839507 0.53515625 0.8047839506172839 0.5249565972222222 0.8005401234567902 0.5251736111111112 0.796875 0.5210503472222222 0.7935956790123457 0.5373263888888888 0.7897376543209876
1 0.8012152777777778 0.6118827160493827 0.8248697916666666 0.613233024691358 0.8274739583333334 0.6159336419753086 0.8279079861111112 0.6296296296296297 0.8138020833333334 0.6234567901234568 0.8038194444444444 0.6300154320987654 0.7990451388888888 0.6128472222222222 0.8009982638888888 0.6118827160493827
1 0.5308159722222222 0.7771990740740741 0.5377604166666666 0.7779706790123457 0.5412326388888888 0.78125 0.541015625 0.7870370370370371 0.5368923611111112 0.7893518518518519 0.5258246527777778 0.7878086419753086 0.521484375 0.7829861111111112 0.5240885416666666 0.7785493827160493 0.5305989583333334 0.7771990740740741
1 0.9431423611111112 0.595679012345679 0.9520399305555556 0.5989583333333334 0.9583333333333334 0.6068672839506173 0.9639756944444444 0.6091820987654321 0.9620225694444444 0.6128472222222222 0.9654947916666666 0.6172839506172839 0.953125 0.6188271604938271 0.9392361111111112 0.6128472222222222 0.935546875 0.6091820987654321 0.9351128472222222 0.6028163580246914 0.9392361111111112 0.5966435185185185 0.9429253472222222 0.595679012345679
1 0.9572482638888888 0.3533950617283951 0.9613715277777778 0.3549382716049383 0.9683159722222222 0.36419753086419754 0.9678819444444444 0.36612654320987653 0.9592013888888888 0.36670524691358025 0.9565972222222222 0.373070987654321 0.9457465277777778 0.36246141975308643 0.9431423611111112 0.3557098765432099 0.9459635416666666 0.3533950617283951 0.95703125 0.3533950617283951
1 0.9431423611111112 0.32426697530864196 0.9583333333333334 0.3314043209876543 0.9631076388888888 0.3387345679012346 0.9741753472222222 0.3387345679012346 0.9761284722222222 0.3412422839506173 0.9672309027777778 0.35050154320987653 0.9500868055555556 0.35320216049382713 0.9424913194444444 0.35262345679012347 0.9435763888888888 0.3449074074074074 0.935546875 0.3443287037037037 0.9353298611111112 0.341820987654321 0.9416232638888888 0.3350694444444444 0.9429253472222222 0.32426697530864196
1 0.5347222222222222 0.7881944444444444 0.5503472222222222 0.7907021604938271 0.5546875 0.7934027777777778 0.5536024305555556 0.8115354938271605 0.5464409722222222 0.8076774691358025 0.5431857638888888 0.8157793209876543 0.5397135416666666 0.8150077160493827 0.5338541666666666 0.8042052469135802 0.5262586805555556 0.8030478395061729 0.5188802083333334 0.8061342592592593 0.5123697916666666 0.8036265432098766 0.5095486111111112 0.8001543209876543 0.5099826388888888 0.7916666666666666 0.5345052083333334 0.7881944444444444
1 0.5347222222222222 0.779320987654321 0.5397135416666666 0.783179012345679 0.5345052083333334 0.7866512345679012 0.5546875 0.7934027777777778 0.5536024305555556 0.8069058641975309 0.5514322916666666 0.8090277777777778 0.5462239583333334 0.8076774691358025 0.5431857638888888 0.8157793209876543 0.5397135416666666 0.8150077160493827 0.5340711805555556 0.8045910493827161 0.5258246527777778 0.8034336419753086 0.5188802083333334 0.8065200617283951 0.5115017361111112 0.8036265432098766 0.5086805555555556 0.7980324074074074 0.509765625 0.7914737654320988 0.5236545138888888 0.7901234567901234 0.5260416666666666 0.7866512345679012 0.5303819444444444 0.7862654320987654 0.529296875 0.7837577160493827 0.5260416666666666 0.7860725308641975 0.5223524305555556 0.7829861111111112 0.5247395833333334 0.7795138888888888 0.5345052083333334 0.779320987654321
1 0.5299479166666666 0.7507716049382716 0.5327690972222222 0.7521219135802469 0.5336371527777778 0.7575231481481481 0.5384114583333334 0.7627314814814815 0.5384114583333334 0.7760416666666666 0.5364583333333334 0.7779706790123457 0.5264756944444444 0.7779706790123457 0.5225694444444444 0.7814429012345679 0.5190972222222222 0.779320987654321 0.5128038194444444 0.7654320987654321 0.5223524305555556 0.7667824074074074 0.5269097222222222 0.7646604938271605 0.5297309027777778 0.7507716049382716
1 0.6822916666666666 0.5808256172839507 0.6996527777777778 0.5829475308641975 0.6976996527777778 0.5985725308641975 0.6838107638888888 0.5987654320987654 0.6790364583333334 0.5964506172839507 0.6766493055555556 0.5856481481481481 0.6820746527777778 0.5810185185185185
1 0.3420138888888889 0.9587191358024691 0.3452690972222222 0.9683641975308642 0.341796875 0.9774305555555556 0.3266059027777778 0.9708719135802469 0.328125 0.9627700617283951 0.341796875 0.9587191358024691
1 0.5933159722222222 0.6022376543209876 0.6028645833333334 0.6039737654320988 0.6028645833333334 0.6126543209876543 0.5883246527777778 0.6080246913580247 0.5848524305555556 0.6138117283950617 0.5746527777777778 0.6059027777777778 0.57421875 0.6024305555555556 0.5930989583333334 0.6022376543209876
1 0.4032118055555556 0.6753472222222222 0.4112413194444444 0.6753472222222222 0.41796875 0.6786265432098766 0.4140625 0.6844135802469136 0.4134114583333333 0.6925154320987654 0.4112413194444444 0.6934799382716049 0.4008246527777778 0.6844135802469136 0.4006076388888889 0.6786265432098766 0.4032118055555556 0.6755401234567902
1 0.3580729166666667 0.7029320987654321 0.3602430555555556 0.706983024691358 0.3561197916666667 0.720679012345679 0.3513454861111111 0.7183641975308642 0.3435329861111111 0.7062114197530864 0.3463541666666667 0.7033179012345679 0.3578559027777778 0.7029320987654321
1 0.3179253472222222 0.7027391975308642 0.3430989583333333 0.7038966049382716 0.3444010416666667 0.7067901234567902 0.3420138888888889 0.7145061728395061 0.3318142361111111 0.7189429012345679 0.3287760416666667 0.7173996913580247 0.3302951388888889 0.7089120370370371 0.3122829861111111 0.7071759259259259 0.3140190972222222 0.703125 0.3177083333333333 0.7027391975308642
1 0.328125 0.6664737654320988 0.3385416666666667 0.6682098765432098 0.345703125 0.6722608024691358 0.3480902777777778 0.6790123456790124 0.3454861111111111 0.6826774691358025 0.3274739583333333 0.6824845679012346 0.32421875 0.6684027777777778 0.3279079861111111 0.6666666666666666
1 0.5638020833333334 0.36766975308641975 0.5668402777777778 0.3746141975308642 0.5711805555555556 0.3767361111111111 0.5713975694444444 0.3802083333333333 0.5609809027777778 0.38927469135802467 0.5570746527777778 0.38676697530864196 0.5546875 0.3800154320987654 0.5588107638888888 0.36940586419753085 0.5635850694444444 0.36766975308641975
1 0.443359375 0.36728395061728397 0.4459635416666667 0.36844135802469136 0.451171875 0.3800154320987654 0.4461805555555556 0.3879243827160494 0.439453125 0.3869598765432099 0.4372829861111111 0.3809799382716049 0.4372829861111111 0.3767361111111111 0.4431423611111111 0.36728395061728397
1 0.4184027777777778 0.37191358024691357 0.4357638888888889 0.3773148148148148 0.4368489583333333 0.38676697530864196 0.4288194444444444 0.38773148148148145 0.4155815972222222 0.38290895061728397 0.4103732638888889 0.38310185185185186 0.4097222222222222 0.3802083333333333 0.4147135416666667 0.373070987654321 0.4181857638888889 0.37191358024691357
1 0.4945746527777778 0.19945987654320987 0.4919704861111111 0.21334876543209877 0.4880642361111111 0.21431327160493827 0.4769965277777778 0.21373456790123457 0.4737413194444444 0.20621141975308643 0.4943576388888889 0.19945987654320987
1 0.4503038194444444 0.20987654320987653 0.4529079861111111 0.21219135802469136 0.4524739583333333 0.22029320987654322 0.4650607638888889 0.24459876543209877 0.4635416666666667 0.24614197530864199 0.4401041666666667 0.2309027777777778 0.4435763888888889 0.21334876543209877 0.4500868055555556 0.20987654320987653
1 0.9997829861111112 0.13117283950617284 0.9997829861111112 0.15991512345679013 0.9952256944444444 0.16068672839506173 0.984375 0.1554783950617284 0.9800347222222222 0.14718364197530864 0.9911024305555556 0.13310185185185186 0.9995659722222222 0.13117283950617284
1 0.54296875 0.1707175925925926 0.5423177083333334 0.1732253086419753 0.5405815972222222 0.1753472222222222 0.5416666666666666 0.17862654320987653 0.5434027777777778 0.18209876543209877 0.5476707899305555 0.18531385030864198 0.5503472222222222 0.1884645061728395 0.5538194444444444 0.1861496913580247 0.5546875 0.18383487654320987 0.5568576388888888 0.18152006172839505 0.5625 0.1716820987654321 0.5622829861111112 0.16878858024691357 0.5609809027777778 0.16782407407407407 0.5577256944444444 0.1684027777777778 0.5536024305555556 0.16782407407407407 0.5514322916666666 0.16647376543209877 0.5503472222222222 0.16435185185185186 0.5466579861111112 0.16435185185185186
1 0.5536024305555556 0.16763117283950618 0.5618489583333334 0.1684027777777778 0.5618489583333334 0.1716820987654321 0.55078125 0.1878858024691358 0.5436197916666666 0.18190586419753085 0.5414496527777778 0.17476851851851852 0.5470920138888888 0.16435185185185186 0.5501302083333334 0.16415895061728394 0.5533854166666666 0.16763117283950618
1 0.5084635416666666 0.16647376543209877 0.5065104166666666 0.16820987654320987 0.5069444444444444 0.17515432098765432 0.5080295138888888 0.17881944444444445 0.5177951388888888 0.18229166666666666 0.5227864583333334 0.18229166666666666 0.5256076388888888 0.18113425925925927 0.52734375 0.17881944444444445 0.5327690972222222 0.16473765432098766 0.5260416666666666 0.16473765432098766 0.5251736111111112 0.16801697530864199 0.5217013888888888 0.1701388888888889 0.5101996527777778 0.1697530864197531
1 0.5325520833333334 0.16415895061728394 0.5277777777777778 0.17881944444444445 0.5227864583333334 0.18229166666666666 0.5093315972222222 0.17843364197530864 0.5071614583333334 0.1753472222222222 0.5067274305555556 0.16531635802469136 0.5119357638888888 0.16570216049382716 0.5171440972222222 0.17033179012345678 0.5269097222222222 0.16415895061728394 0.5323350694444444 0.16415895061728394
1 0.3001302083333333 0.8304398148148148 0.3157552083333333 0.8385416666666666 0.3127170138888889 0.8489583333333334 0.3081597222222222 0.8551311728395061 0.3075086805555556 0.8628472222222222 0.3038194444444444 0.8640046296296297 0.2977430555555556 0.859375 0.2973090277777778 0.8564814814814815 0.2977430555555556 0.8452932098765432 0.3012152777777778 0.8385416666666666 0.3001302083333333 0.8306327160493827
1 0.3489583333333333 0.6763117283950617 0.3591579861111111 0.6728395061728395 0.361328125 0.6780478395061729 0.359375 0.6869212962962963 0.3435329861111111 0.6944444444444444 0.3411458333333333 0.6919367283950617 0.3489583333333333 0.6765046296296297
1 0.4845920138888889 0.17380401234567902 0.4884982638888889 0.17650462962962962 0.4895833333333333 0.18267746913580246 0.4839409722222222 0.1869212962962963 0.4713541666666667 0.1857638888888889 0.4694010416666667 0.18036265432098766 0.4737413194444444 0.17380401234567902 0.484375 0.17380401234567902
1 0.4956597222222222 0.16242283950617284 0.501953125 0.16261574074074073 0.5060763888888888 0.16512345679012347 0.5060763888888888 0.1722608024691358 0.5015190972222222 0.17669753086419754 0.4937065972222222 0.1753472222222222 0.486328125 0.1693672839506173 0.4878472222222222 0.16280864197530864 0.4954427083333333 0.16242283950617284
1 0.4398871527777778 0.1726466049382716 0.4446614583333333 0.17920524691358025 0.435546875 0.1880787037037037 0.4309895833333333 0.18595679012345678 0.4305555555555556 0.18171296296296297 0.4353298611111111 0.1726466049382716 0.4396701388888889 0.1726466049382716
1 0.4565972222222222 0.1545138888888889 0.4596354166666667 0.15239197530864199 0.4652777777777778 0.1541280864197531 0.4652777777777778 0.15991512345679013 0.4698350694444444 0.16782407407407407 0.4665798611111111 0.17476851851851852 0.4600694444444444 0.1743827160493827 0.4555121527777778 0.1684027777777778 0.4568142361111111 0.15470679012345678
1 0.4704861111111111 0.14602623456790123 0.4754774305555556 0.14756944444444445 0.4848090277777778 0.16107253086419754 0.474609375 0.1722608024691358 0.4685329861111111 0.1716820987654321 0.4678819444444444 0.1541280864197531 0.4704861111111111 0.14621913580246915
1 0.4353298611111111 0.16107253086419754 0.4379340277777778 0.16415895061728394 0.4368489583333333 0.17496141975308643 0.4288194444444444 0.19116512345679013 0.4251302083333333 0.18942901234567902 0.4188368055555556 0.17515432098765432 0.4255642361111111 0.16222993827160495 0.4351128472222222 0.16107253086419754
1 0.4982638888888889 0.1394675925925926 0.5002170138888888 0.140625 0.5013020833333334 0.14891975308641975 0.5052083333333334 0.15084876543209877 0.5049913194444444 0.1566358024691358 0.4986979166666667 0.1579861111111111 0.4976128472222222 0.15393518518518517 0.4945746527777778 0.15625 0.484375 0.1576003086419753 0.4713541666666667 0.14756944444444445 0.4774305555555556 0.14737654320987653 0.4841579861111111 0.14255401234567902 0.4917534722222222 0.14255401234567902 0.498046875 0.1396604938271605
1 0.5744357638888888 0.09760802469135803 0.5766059027777778 0.09934413580246913 0.576171875 0.10570987654320987 0.5681423611111112 0.10493827160493827 0.5687934027777778 0.09895833333333333 0.57421875 0.09780092592592593
1 0.5748697916666666 0.09760802469135803 0.5768229166666666 0.10339506172839506 0.5746527777777778 0.10648148148148148 0.5679253472222222 0.10455246913580248 0.5685763888888888 0.09895833333333333 0.5746527777777778 0.09760802469135803
1 0.5748697916666666 0.09799382716049383 0.5746527777777778 0.10609567901234568 0.556640625 0.10532407407407407 0.5523003472222222 0.10243055555555555 0.5564236111111112 0.09837962962962964 0.5746527777777778 0.09799382716049383
1 0.6380208333333334 0.058256172839506175 0.6451822916666666 0.05922067901234568 0.6462673611111112 0.06558641975308642 0.6438802083333334 0.06809413580246913 0.6358506944444444 0.06712962962962964 0.6349826388888888 0.06076388888888889 0.6378038194444444 0.058256172839506175
1 0.21875 0.9774305555555556 0.2222222222222222 0.9807098765432098 0.220703125 0.9853395061728395 0.21006944444444445 0.9886188271604939 0.21006944444444445 0.9795524691358025 0.212890625 0.9772376543209876 0.2185329861111111 0.9774305555555556
1 0.2065972222222222 0.8900462962962963 0.2202690972222222 0.8931327160493827 0.22135416666666666 0.8975694444444444 0.2172309027777778 0.904320987654321 0.20377604166666666 0.9068287037037037 0.19813368055555555 0.904320987654321 0.1990017361111111 0.8933256172839507 0.2009548611111111 0.890625 0.20638020833333334 0.8900462962962963
1 0.3036024305555556 0.6612654320987654 0.3036024305555556 0.6685956790123457 0.3125 0.671875 0.3133680555555556 0.6797839506172839 0.3107638888888889 0.6815200617283951 0.3014322916666667 0.6797839506172839 0.2899305555555556 0.6811342592592593 0.2788628472222222 0.6682098765432098 0.2825520833333333 0.6647376543209876 0.2881944444444444 0.6678240740740741 0.2918836805555556 0.6662808641975309 0.2934027777777778 0.6628086419753086 0.3033854166666667 0.6614583333333334
1 0.2241753472222222 0.6724537037037037 0.22981770833333334 0.6780478395061729 0.23046875 0.6828703703703703 0.21766493055555555 0.6925154320987654 0.21006944444444445 0.6942515432098766 0.20768229166666666 0.6925154320987654 0.2052951388888889 0.6820987654320988 0.2107204861111111 0.6753472222222222 0.22395833333333334 0.6724537037037037
1 0.291015625 0.45717592592592593 0.2931857638888889 0.4575617283950617 0.296875 0.46662808641975306 0.2966579861111111 0.47723765432098764 0.2934027777777778 0.4828317901234568 0.2897135416666667 0.47974537037037035 0.2827690972222222 0.48746141975308643 0.2808159722222222 0.4851466049382716 0.2819010416666667 0.4801311728395062 0.2736545138888889 0.470679012345679 0.2723524305555556 0.46566358024691357 0.2760416666666667 0.46141975308641975 0.2829861111111111 0.46161265432098764 0.2907986111111111 0.45717592592592593
1 0.13020833333333334 0.9535108024691358 0.13563368055555555 0.9562114197530864 0.13151041666666666 0.9693287037037037 0.12999131944444445 0.9704861111111112 0.123046875 0.9675925925925926 0.12608506944444445 0.9565972222222222 0.12999131944444445 0.9537037037037037
1 0.19618055555555555 0.3738425925925926 0.1996527777777778 0.3734567901234568 0.20638020833333334 0.3775077160493827 0.2133246527777778 0.3765432098765432 0.2183159722222222 0.3869598765432099 0.216796875 0.3896604938271605 0.19596354166666666 0.3869598765432099 0.1931423611111111 0.3800154320987654 0.19618055555555555 0.3740354938271605
1 0.283203125 0.29147376543209874 0.2886284722222222 0.2935956790123457 0.2938368055555556 0.30324074074074076 0.2899305555555556 0.31732253086419754 0.2827690972222222 0.3125 0.275390625 0.3003472222222222 0.2760416666666667 0.2962962962962963 0.2829861111111111 0.29147376543209874
1 0.2958984375 0.2926311728395062 0.014105902777777778 0.023148148148148147
1 0.3910590277777778 0.16493055555555555 0.3969184027777778 0.1714891975308642 0.404296875 0.16608796296296297 0.4079861111111111 0.16589506172839505 0.4092881944444444 0.16801697530864199 0.4045138888888889 0.18190586419753085 0.3943142361111111 0.1849922839506173 0.390625 0.18441358024691357 0.3880208333333333 0.17959104938271606 0.3880208333333333 0.16743827160493827 0.3908420138888889 0.16493055555555555
1 0.4496527777777778 0.11246141975308642 0.4635416666666667 0.11554783950617284 0.4661458333333333 0.1232638888888889 0.4633246527777778 0.12866512345679013 0.4557291666666667 0.12654320987654322 0.4440104166666667 0.13001543209876543 0.4459635416666667 0.12364969135802469 0.4444444444444444 0.11496913580246913 0.4455295138888889 0.11284722222222222 0.4494357638888889 0.11265432098765432
1 0.4672309027777778 0.10551697530864197 0.4722222222222222 0.1091820987654321 0.4752604166666667 0.11631944444444445 0.4741753472222222 0.12307098765432099 0.4704861111111111 0.125 0.4661458333333333 0.12403549382716049 0.4641927083333333 0.12017746913580248 0.4637586805555556 0.10590277777777778 0.4670138888888889 0.10551697530864197
1 0.5470920138888888 0.07291666666666667 0.55078125 0.07581018518518519 0.5516493055555556 0.08159722222222222 0.5455729166666666 0.08796296296296297 0.5360243055555556 0.08641975308641975 0.5295138888888888 0.0777391975308642 0.546875 0.07291666666666667
1 0.4947916666666667 0.06886574074074074 0.4971788194444444 0.07195216049382716 0.4967447916666667 0.08082561728395062 0.4952256944444444 0.08526234567901235 0.4915364583333333 0.08699845679012345 0.4874131944444444 0.08603395061728394 0.4858940972222222 0.08140432098765432 0.4911024305555556 0.07098765432098765 0.4945746527777778 0.06886574074074074
1 0.5355902777777778 0.050347222222222224 0.5466579861111112 0.05381944444444445 0.5575086805555556 0.050347222222222224 0.5540364583333334 0.06462191358024691 0.5407986111111112 0.06404320987654322 0.5358072916666666 0.050540123456790126
1 0.3179253472222222 0.7019675925925926 0.3370225694444444 0.703125 0.341796875 0.7056327160493827 0.341796875 0.7085262345679012 0.3244357638888889 0.7091049382716049 0.3174913194444444 0.7067901234567902 0.3107638888888889 0.7098765432098766 0.3131510416666667 0.7033179012345679 0.3177083333333333 0.7019675925925926
1 0.10980902777777778 0.949266975308642 0.12174479166666667 0.9513888888888888 0.12065972222222222 0.9577546296296297 0.11631944444444445 0.9602623456790124 0.1072048611111111 0.9533179012345679 0.10590277777777778 0.9494598765432098 0.1095920138888889 0.949266975308642
1 0.1171875 0.6620370370370371 0.1265190972222222 0.6643518518518519 0.1369357638888889 0.6624228395061729 0.13802083333333334 0.6695601851851852 0.1462673611111111 0.6749614197530864 0.14539930555555555 0.6820987654320988 0.1371527777777778 0.6820987654320988 0.1332465277777778 0.6842206790123457 0.12586805555555555 0.6824845679012346 0.115234375 0.6649305555555556 0.1169704861111111 0.6620370370370371
1 0.1265190972222222 0.4367283950617284 0.1332465277777778 0.44502314814814814 0.14388020833333334 0.44328703703703703 0.15494791666666666 0.453125 0.1558159722222222 0.46219135802469136 0.14735243055555555 0.46257716049382713 0.140625 0.4714506172839506 0.1267361111111111 0.4702932098765432 0.12348090277777778 0.4677854938271605 0.1213107638888889 0.46315586419753085 0.12565104166666666 0.45601851851851855 0.12065972222222222 0.44907407407407407 0.12630208333333334 0.4369212962962963
1 0.13020833333333334 0.3636188271604938 0.15147569444444445 0.3767361111111111 0.1538628472222222 0.38348765432098764 0.15104166666666666 0.38580246913580246 0.12999131944444445 0.3800154320987654 0.1271701388888889 0.36709104938271603 0.12999131944444445 0.3636188271604938
1 0.026258680555555556 0.7795138888888888 0.030815972222222224 0.7847222222222222 0.039713541666666664 0.7895447530864198 0.04014756944444445 0.796875 0.036675347222222224 0.7986111111111112 0.024522569444444444 0.7964891975308642 0.021267361111111112 0.7820216049382716 0.022352430555555556 0.7797067901234568 0.026041666666666668 0.7795138888888888
1 0.091796875 0.3751929012345679 0.09895833333333333 0.3767361111111111 0.10221354166666667 0.37962962962962965 0.10069444444444445 0.3871527777777778 0.09635416666666667 0.3888888888888889 0.07378472222222222 0.3871527777777778 0.08289930555555555 0.3765432098765432 0.0915798611111111 0.3751929012345679
1 0.4470486111111111 0.06404320987654322 0.4498697916666667 0.078125 0.4474826388888889 0.08159722222222222 0.4437934027777778 0.08236882716049383 0.4372829861111111 0.08140432098765432 0.4357638888888889 0.07908950617283951 0.435546875 0.06712962962962964 0.4468315972222222 0.06404320987654322
1 0.4060329861111111 0.06790123456790123 0.4084201388888889 0.07098765432098765 0.4084201388888889 0.0798611111111111 0.4045138888888889 0.08603395061728394 0.3999565972222222 0.08468364197530864 0.3988715277777778 0.07947530864197531 0.4025607638888889 0.06963734567901235 0.4058159722222222 0.06790123456790123
1 0.03342013888888889 0.41300154320987653 0.03884548611111111 0.4278549382716049 0.036675347222222224 0.43132716049382713 0.027560763888888888 0.42862654320987653 0.029513888888888888 0.41628086419753085 0.033203125 0.41300154320987653
1 0.033203125 0.41338734567901236 0.03537326388888889 0.4149305555555556 0.038411458333333336 0.42997685185185186 0.015407986111111112 0.43209876543209874 0.011935763888888888 0.43094135802469136 0.0078125 0.4251543209876543 0.015407986111111112 0.4214891975308642 0.027560763888888888 0.4216820987654321 0.03298611111111111 0.41338734567901236
1 0.2845052083333333 0.15104166666666666 0.2853732638888889 0.15432098765432098 0.279296875 0.1564429012345679 0.2736545138888889 0.1537422839506173 0.2842881944444444 0.15104166666666666
1 0.345703125 0.060378086419753084 0.3506944444444444 0.0787037037037037 0.3487413194444444 0.08352623456790123 0.3433159722222222 0.08584104938271606 0.3305121527777778 0.08506944444444445 0.3309461805555556 0.0775462962962963 0.3372395833333333 0.07349537037037036 0.3454861111111111 0.060378086419753084
1 0 0.4203317901234568 0.013237847222222222 0.4253472222222222 0.012152777777777778 0.42939814814814814 0.008680555555555556 0.4261188271604938 0 0.4270833333333333 0 0.42052469135802467
1 0.22374131944444445 0.2658179012345679 0.234375 0.2725694444444444 0.23828125 0.2808641975308642 0.22352430555555555 0.2800925925925926 0.22178819444444445 0.27025462962962965 0.22352430555555555 0.2660108024691358
1 0.050347222222222224 0.3626543209876543 0.052734375 0.3715277777777778 0.06749131944444445 0.3773148148148148 0.07465277777777778 0.38676697530864196 0.078125 0.38348765432098764 0.080078125 0.3869598765432099 0.07161458333333333 0.38850308641975306 0.057291666666666664 0.3836805555555556 0.04709201388888889 0.3767361111111111 0.04210069444444445 0.3767361111111111 0.044921875 0.3742283950617284 0.04665798611111111 0.3628472222222222 0.050130208333333336 0.3626543209876543
1 0.016276041666666668 0.33796296296296297 0.027560763888888888 0.35281635802469136 0.028862847222222224 0.3560956790123457 0.026041666666666668 0.3595679012345679 0.01171875 0.3566743827160494 0.0078125 0.35204475308641975 0.006727430555555556 0.34760802469135804 0.010633680555555556 0.3385416666666667 0.016059027777777776 0.33796296296296297
1 0.015842013888888888 0.3377700617283951 0.02734375 0.3524305555555556 0.028862847222222224 0.3559027777777778 0.026258680555555556 0.3595679012345679 0.01171875 0.3566743827160494 0.008029513888888888 0.3524305555555556 0.006727430555555556 0.3479938271604938 0.010633680555555556 0.3387345679012346 0.015625 0.3377700617283951
1 0.4878472222222222 0.0314429012345679 0.4937065972222222 0.036265432098765434 0.4939236111111111 0.050347222222222224 0.4871961805555556 0.05150462962962963 0.4832899305555556 0.0466820987654321 0.4876302083333333 0.031635802469135804
1 0.46875 0.1739969135802469 0.4680989583333333 0.17881944444444445 0.4704861111111111 0.1840277777777778 0.4774305555555556 0.18595679012345678 0.4800347222222222 0.18557098765432098 0.4796006944444444 0.18190586419753085 0.48046875 0.18132716049382716 0.4839409722222222 0.18036265432098766 0.4854600694444444 0.18094135802469136 0.4874131944444444 0.18325617283950618 0.4884982638888889 0.18209876543209877 0.4874131944444444 0.17843364197530864 0.484375 0.17708333333333334 0.4787326388888889 0.17746913580246915 0.4780815972222222 0.1753472222222222 0.4752604166666667 0.17380401234567902 0.4737413194444444 0.1716820987654321 0.4700520833333333 0.1728395061728395
1 0.4641927083333333 0.030671296296296297 0.4739583333333333 0.03279320987654321 0.4774305555555556 0.03722993827160494 0.4798177083333333 0.04301697530864197 0.4774305555555556 0.048804012345679014 0.466796875 0.046875 0.4600694444444444 0.039544753086419755 0.4578993055555556 0.03202160493827161 0.4600694444444444 0.02970679012345679 0.4639756944444444 0.030671296296296297
1 0.018663194444444444 0.5252700617283951 0 0.5262345679012346 0 0.5493827160493827 0.004991319444444444 0.5480324074074074 0.0078125 0.5443672839506173 0.011935763888888888 0.5410879629629629 0.015625 0.5420524691358025 0.017578125 0.5447530864197531 0.022135416666666668 0.5482253086419753 0.023871527777777776 0.5474537037037037 0.024305555555555556 0.5466820987654321 0.020616319444444444 0.5370370370370371 0.020616319444444444 0.5260416666666666
1 0.521484375 0.2056327160493827 0.5210503472222222 0.21084104938271606 0.5223524305555556 0.21412037037037038 0.5301649305555556 0.21489197530864199 0.5336371527777778 0.21354166666666666 0.53125 0.21006944444444445 0.5264756944444444 0.20601851851851852 0.5227864583333334 0.20466820987654322