1 0.9181857638888888 0.9612268518518519 0.9223090277777778 0.9637345679012346 0.9288194444444444 0.9737654320987654 0.9288194444444444 0.9774305555555556 0.9231770833333334 0.9799382716049383 0.9184027777777778 0.9886188271604939 0.9045138888888888 0.9828317901234568 0.8977864583333334 0.9710648148148148 0.9079861111111112 0.9685570987654321 0.912109375 0.9629629629629629 0.91796875 0.9612268518518519
1 0.8211805555555556 0.9778163580246914 0.8244357638888888 0.9799382716049383 0.8246527777777778 0.9872685185185185 0.8142361111111112 0.9920910493827161 0.8072916666666666 0.980516975308642 0.8209635416666666 0.9778163580246914
1 0.9947916666666666 0.8043981481481481 0.9997829861111112 0.8030478395061729 0.9997829861111112 0.8119212962962963 0.9932725694444444 0.810570987654321 0.9924045138888888 0.8072916666666666 0.9947916666666666 0.8045910493827161
1 0.7760416666666666 0.980516975308642 0.7816840277777778 0.9818672839506173 0.7827690972222222 0.9907407407407407 0.7751736111111112 0.9841820987654321 0.7738715277777778 0.9809027777777778 0.7758246527777778 0.980516975308642
1 0.6638454861111112 0.9133873456790124 0.6692708333333334 0.9162808641975309 0.6725260416666666 0.921875 0.6742621527777778 0.9326774691358025 0.6720920138888888 0.9357638888888888 0.6649305555555556 0.9293981481481481 0.6614583333333334 0.9293981481481481 0.6579861111111112 0.9349922839506173 0.6519097222222222 0.921875 0.6545138888888888 0.9149305555555556 0.6636284722222222 0.9133873456790124
1 0.66015625 0.9139660493827161 0.6625434027777778 0.9288194444444444 0.6592881944444444 0.9357638888888888 0.6566840277777778 0.9349922839506173 0.6506076388888888 0.9214891975308642 0.654296875 0.9143518518518519 0.6599392361111112 0.9139660493827161
1 0.6371527777777778 0.9027777777777778 0.6404079861111112 0.9099151234567902 0.6486545138888888 0.9114583333333334 0.6456163194444444 0.9195601851851852 0.6365017361111112 0.9253472222222222 0.6299913194444444 0.9253472222222222 0.6258680555555556 0.9216820987654321 0.6256510416666666 0.9147376543209876 0.6369357638888888 0.9029706790123457
1 0.5536024305555556 0.9587191358024691 0.5620659722222222 0.9670138888888888 0.5607638888888888 0.9739583333333334 0.546875 0.9764660493827161 0.5434027777777778 0.9735725308641975 0.5434027777777778 0.9652777777777778 0.5533854166666666 0.9589120370370371
1 0.6195746527777778 0.7908950617283951 0.6236979166666666 0.7932098765432098 0.6243489583333334 0.8036265432098766 0.6161024305555556 0.8030478395061729 0.6145833333333334 0.793016975308642 0.6193576388888888 0.7910879629629629
1 0.4529079861111111 0.9646990740740741 0.4563802083333333 0.96875 0.4563802083333333 0.9729938271604939 0.4461805555555556 0.9857253086419753 0.4427083333333333 0.9814814814814815 0.443359375 0.9708719135802469 0.4494357638888889 0.9646990740740741 0.4526909722222222 0.9646990740740741
1 0.4223090277777778 0.9884259259259259 0.4270833333333333 0.9913194444444444 0.4266493055555556 0.9998070987654321 0.4162326388888889 0.9998070987654321 0.4147135416666667 0.9965277777777778 0.4155815972222222 0.9909336419753086 0.4220920138888889 0.9884259259259259
1 0.4331597222222222 0.9560185185185185 0.4390190972222222 0.9591049382716049 0.44921875 0.9598765432098766 0.4509548611111111 0.9633487654320988 0.4422743055555556 0.9708719135802469 0.4364149305555556 0.9718364197530864 0.4320746527777778 0.9704861111111112 0.43359375 0.9656635802469136 0.4281684027777778 0.9598765432098766 0.4286024305555556 0.9564043209876543 0.4329427083333333 0.9560185185185185
1 0.80078125 0.6116898148148148 0.8250868055555556 0.6134259259259259 0.8279079861111112 0.6168981481481481 0.8279079861111112 0.628858024691358 0.8244357638888888 0.6292438271604939 0.8140190972222222 0.6232638888888888 0.8038194444444444 0.6300154320987654 0.798828125 0.6134259259259259 0.8005642361111112 0.6116898148148148
1 0.5364583333333334 0.777391975308642 0.5418836805555556 0.7824074074074074 0.5405815972222222 0.7878086419753086 0.5364583333333334 0.7897376543209876 0.5260416666666666 0.7878086419753086 0.5219184027777778 0.7827932098765432 0.5258246527777778 0.7779706790123457 0.5362413194444444 0.777391975308642
1 0.9463975694444444 0.5970293209876543 0.9635416666666666 0.6091820987654321 0.9661458333333334 0.6168981481481481 0.95703125 0.6188271604938271 0.9498697916666666 0.6176697530864198 0.9353298611111112 0.6089891975308642 0.935546875 0.6024305555555556 0.9424913194444444 0.5966435185185185 0.9461805555555556 0.5970293209876543
1 0.5375434027777778 0.7891589506172839 0.5546875 0.7932098765432098 0.5536024305555556 0.8134645061728395 0.5466579861111112 0.8070987654320988 0.5431857638888888 0.8159722222222222 0.5397135416666666 0.8153935185185185 0.5338541666666666 0.8038194444444444 0.5223524305555556 0.8016975308641975 0.5160590277777778 0.8040123456790124 0.5108506944444444 0.8001543209876543 0.509765625 0.7932098765432098 0.51171875 0.7920524691358025 0.5373263888888888 0.7891589506172839
1 0.5327690972222222 0.7602237654320988 0.537109375 0.7633101851851852 0.5399305555555556 0.7845293209876543 0.5368923611111112 0.7816358024691358 0.5327690972222222 0.7833719135802469 0.5295138888888888 0.7814429012345679 0.5262586805555556 0.7829861111111112 0.5279947916666666 0.7860725308641975 0.5262586805555556 0.7870370370370371 0.5188802083333334 0.7797067901234568 0.5121527777777778 0.7667824074074074 0.5262586805555556 0.7665895061728395 0.5325520833333334 0.7602237654320988
1 0.5295138888888888 0.7592592592592593 0.5368923611111112 0.7625385802469136 0.5373263888888888 0.7781635802469136 0.5295138888888888 0.7789351851851852 0.5225694444444444 0.7829861111111112 0.51171875 0.7690972222222222 0.5123697916666666 0.7654320987654321 0.5266927083333334 0.7660108024691358 0.5295138888888888 0.7594521604938271
1 0.341796875 0.9585262345679012 0.3452690972222222 0.9656635802469136 0.3426649305555556 0.9772376543209876 0.3263888888888889 0.9704861111111112 0.3283420138888889 0.9627700617283951 0.3415798611111111 0.9585262345679012
1 0.529296875 0.7513503086419753 0.5381944444444444 0.7627314814814815 0.5381944444444444 0.7758487654320988 0.5260416666666666 0.777391975308642 0.5225694444444444 0.7806712962962963 0.5188802083333334 0.7791280864197531 0.5121527777777778 0.7681327160493827 0.5143229166666666 0.765625 0.5225694444444444 0.7673611111111112 0.5269097222222222 0.7646604938271605 0.5258246527777778 0.7517361111111112 0.5290798611111112 0.7513503086419753
1 0.3001302083333333 0.8302469135802469 0.3142361111111111 0.8369984567901234 0.3161892361111111 0.8408564814814815 0.314453125 0.8485725308641975 0.3088107638888889 0.8543595679012346 0.3072916666666667 0.8636188271604939 0.3038194444444444 0.8645833333333334 0.2973090277777778 0.8562885802469136 0.2977430555555556 0.8454861111111112 0.30078125 0.8389274691358025 0.3001302083333333 0.8304398148148148
1 0.6924913194444444 0.5706018518518519 0.6929253472222222 0.5802469135802469 0.7035590277777778 0.5868055555555556 0.7046440972222222 0.591820987654321 0.6859809027777778 0.5983796296296297 0.6788194444444444 0.5962577160493827 0.6764322916666666 0.5887345679012346 0.6783854166666666 0.5814043209876543 0.6723090277777778 0.5746527777777778 0.6831597222222222 0.5765817901234568 0.6890190972222222 0.5706018518518519 0.6922743055555556 0.5706018518518519
1 0.5935329861111112 0.6022376543209876 0.6030815972222222 0.6043595679012346 0.6024305555555556 0.613233024691358 0.5913628472222222 0.6076388888888888 0.5815972222222222 0.6103395061728395 0.5755208333333334 0.6057098765432098 0.5748697916666666 0.6024305555555556 0.5933159722222222 0.6022376543209876
1 0.4079861111111111 0.6747685185185185 0.4173177083333333 0.6788194444444444 0.4114583333333333 0.6936728395061729 0.3999565972222222 0.6822916666666666 0.4025607638888889 0.6763117283950617 0.4077690972222222 0.6747685185185185
1 0.3563368055555556 0.7029320987654321 0.359375 0.703125 0.361328125 0.7065972222222222 0.3524305555555556 0.7197145061728395 0.3485243055555556 0.7189429012345679 0.34375 0.7062114197530864 0.3483072916666667 0.703125 0.3561197916666667 0.7029320987654321
1 0.3483072916666667 0.6751543209876543 0.359375 0.6682098765432098 0.3617621527777778 0.6817129629629629 0.3589409722222222 0.6873070987654321 0.3420138888888889 0.6940586419753086 0.3411458333333333 0.6892361111111112 0.3446180555555556 0.6859567901234568 0.3483072916666667 0.6753472222222222
1 0.3174913194444444 0.7025462962962963 0.3424479166666667 0.7035108024691358 0.3446180555555556 0.706983024691358 0.3420138888888889 0.7172067901234568 0.3309461805555556 0.71875 0.3296440972222222 0.716820987654321 0.3326822916666667 0.7096836419753086 0.3177083333333333 0.7064043209876543 0.3129340277777778 0.7077546296296297 0.3140190972222222 0.7033179012345679 0.3172743055555556 0.7027391975308642
1 0.3313802083333333 0.6647376543209876 0.3348524305555556 0.6643518518518519 0.3502604166666667 0.6749614197530864 0.3454861111111111 0.6797839506172839 0.3272569444444444 0.6822916666666666 0.3148871527777778 0.6714891975308642 0.3172743055555556 0.6682098765432098 0.328125 0.6711033950617284 0.3313802083333333 0.6649305555555556
1 0.21766493055555555 0.9772376543209876 0.22157118055555555 0.9791666666666666 0.22178819444444445 0.9837962962962963 0.2146267361111111 0.9884259259259259 0.2094184027777778 0.9876543209876543 0.20985243055555555 0.9797453703703703 0.2124565972222222 0.9772376543209876 0.21744791666666666 0.9772376543209876
1 0.2065972222222222 0.8896604938271605 0.2202690972222222 0.8929398148148148 0.22157118055555555 0.8964120370370371 0.2170138888888889 0.9047067901234568 0.2074652777777778 0.9077932098765432 0.2026909722222222 0.9077932098765432 0.19791666666666666 0.9045138888888888 0.2013888888888889 0.890625 0.20638020833333334 0.8896604938271605
1 0.1312934027777778 0.9529320987654321 0.13563368055555555 0.9564043209876543 0.13368055555555555 0.966820987654321 0.13563368055555555 0.9714506172839507 0.12391493055555555 0.9774305555555556 0.12217881944444445 0.9772376543209876 0.12174479166666667 0.9670138888888888 0.12586805555555555 0.9565972222222222 0.1310763888888889 0.9529320987654321
1 0.11610243055555555 0.9496527777777778 0.1228298611111111 0.9527391975308642 0.1213107638888889 0.9565972222222222 0.11653645833333333 0.9585262345679012 0.109375 0.9556327160493827 0.10546875 0.9496527777777778 0.11588541666666667 0.9496527777777778
1 0.3036024305555556 0.6614583333333334 0.3040364583333333 0.6684027777777778 0.3122829861111111 0.6716820987654321 0.3142361111111111 0.6747685185185185 0.3129340277777778 0.6803626543209876 0.2901475694444444 0.6853780864197531 0.2795138888888889 0.6682098765432098 0.2819010416666667 0.6647376543209876 0.2890625 0.6676311728395061 0.2934027777777778 0.6628086419753086 0.3033854166666667 0.6616512345679012
1 0.10590277777777778 0.9488811728395061 0.11979166666666667 0.9502314814814815 0.12174479166666667 0.9544753086419753 0.119140625 0.9602623456790124 0.1228298611111111 0.9629629629629629 0.12999131944444445 0.953125 0.13368055555555555 0.9533179012345679 0.13563368055555555 0.9565972222222222 0.13411458333333334 0.9670138888888888 0.13736979166666666 0.9702932098765432 0.1369357638888889 0.9729938271604939 0.12999131944444445 0.9743441358024691 0.12630208333333334 0.9783950617283951 0.11414930555555555 0.984375 0.1150173611111111 0.9945987654320988 0.11176215277777778 0.9947916666666666 0.11089409722222222 0.9878472222222222 0.09852430555555555 0.9737654320987654 0.09895833333333333 0.9702932098765432 0.1091579861111111 0.956983024691358 0.1056857638888889 0.9490740740740741
1 0.228515625 0.6753472222222222 0.23046875 0.6788194444444444 0.2282986111111111 0.6846064814814815 0.2163628472222222 0.6925154320987654 0.21028645833333334 0.6938657407407407 0.2065972222222222 0.6927083333333334 0.20442708333333334 0.6822916666666666 0.21354166666666666 0.6761188271604939 0.2282986111111111 0.6753472222222222
1 0.11610243055555555 0.6614583333333334 0.1232638888888889 0.6641589506172839 0.1369357638888889 0.6631944444444444 0.13802083333333334 0.6695601851851852 0.14453125 0.6730324074074074 0.14735243055555555 0.6782407407407407 0.14561631944444445 0.6822916666666666 0.1384548611111111 0.6819058641975309 0.13368055555555555 0.6849922839506173 0.1265190972222222 0.6840277777777778 0.11610243055555555 0.6664737654320988 0.11610243055555555 0.6616512345679012
1 0.9498697916666666 0.35300925925925924 0.9598524305555556 0.3541666666666667 0.9683159722222222 0.3626543209876543 0.9694010416666666 0.3663194444444444 0.9594184027777778 0.36651234567901236 0.9565972222222222 0.3726851851851852 0.9435763888888888 0.359375 0.9442274305555556 0.35455246913580246 0.9496527777777778 0.35300925925925924
1 0.4427083333333333 0.36689814814814814 0.4459635416666667 0.36824845679012347 0.451171875 0.37982253086419754 0.4461805555555556 0.3879243827160494 0.4385850694444444 0.3861882716049383 0.4372829861111111 0.3767361111111111 0.4427083333333333 0.36709104938271603
1 0.4181857638888889 0.3717206790123457 0.435546875 0.3765432098765432 0.4368489583333333 0.3869598765432099 0.4281684027777778 0.38753858024691357 0.4110243055555556 0.38329475308641975 0.4099392361111111 0.3800154320987654 0.4147135416666667 0.373070987654321 0.41796875 0.37191358024691357
1 0.4939236111111111 0.19926697530864199 0.4917534722222222 0.21354166666666666 0.4895833333333333 0.21412037037037038 0.4774305555555556 0.21412037037037038 0.4737413194444444 0.2042824074074074 0.4937065972222222 0.19926697530864199
1 0.9997829861111112 0.13155864197530864 0.9997829861111112 0.1597222222222222 0.9947916666666666 0.16068672839506173 0.9826388888888888 0.1545138888888889 0.9798177083333334 0.14737654320987653 0.9908854166666666 0.13329475308641975 0.9995659722222222 0.13155864197530864
1 0.5501302083333334 0.16396604938271606 0.5536024305555556 0.16763117283950618 0.5611979166666666 0.16820987654320987 0.5618489583333334 0.1711033950617284 0.5505642361111112 0.1884645061728395 0.5434027777777778 0.18171296296296297 0.5414496527777778 0.17611882716049382 0.5466579861111112 0.16473765432098766 0.5499131944444444 0.16396604938271606
1 0.5297309027777778 0.16319444444444445 0.5329861111111112 0.16512345679012347 0.5275607638888888 0.17901234567901234 0.5230034722222222 0.18229166666666666 0.5095486111111112 0.17843364197530864 0.5065104166666666 0.16608796296296297 0.5106336805555556 0.16493055555555555 0.5151909722222222 0.1697530864197531 0.5190972222222222 0.16994598765432098 0.5295138888888888 0.16319444444444445
1 0.5026041666666666 0.16300154320987653 0.5060763888888888 0.16512345679012347 0.5069444444444444 0.16878858024691357 0.5017361111111112 0.17669753086419754 0.490234375 0.1739969135802469 0.4861111111111111 0.16763117283950618 0.48828125 0.16338734567901234 0.5023871527777778 0.16300154320987653
1 0.4772135416666667 0.17380401234567902 0.48828125 0.17669753086419754 0.4887152777777778 0.1857638888888889 0.482421875 0.1873070987654321 0.4702690972222222 0.18595679012345678 0.4700520833333333 0.17727623456790123 0.4733072916666667 0.17418981481481483 0.4769965277777778 0.1739969135802469
1 0.4626736111111111 0.15258487654320987 0.4711371527777778 0.1684027777777778 0.4646267361111111 0.17554012345679013 0.4600694444444444 0.1743827160493827 0.4561631944444444 0.16859567901234568 0.4565972222222222 0.15432098765432098 0.4624565972222222 0.15258487654320987
1 0.4704861111111111 0.14679783950617284 0.4765625 0.15104166666666666 0.4817708333333333 0.16126543209876543 0.4774305555555556 0.16994598765432098 0.4739583333333333 0.1724537037037037 0.4685329861111111 0.1705246913580247 0.4676649305555556 0.15393518518518517 0.4702690972222222 0.14699074074074073
1 0.4372829861111111 0.16145833333333334 0.4372829861111111 0.1701388888888889 0.4431423611111111 0.1753472222222222 0.4442274305555556 0.17920524691358025 0.4392361111111111 0.18595679012345678 0.4322916666666667 0.1869212962962963 0.4286024305555556 0.19135802469135801 0.4220920138888889 0.1853780864197531 0.4203559027777778 0.1716820987654321 0.4253472222222222 0.16261574074074073 0.4370659722222222 0.16145833333333334
1 0.4357638888888889 0.16126543209876543 0.4375 0.16415895061728394 0.4361979166666667 0.171875 0.4288194444444444 0.1849922839506173 0.4253472222222222 0.1849922839506173 0.4216579861111111 0.18190586419753085 0.4197048611111111 0.1720679012345679 0.4253472222222222 0.16165123456790123 0.435546875 0.16126543209876543
1 0.4984809027777778 0.1398533950617284 0.5015190972222222 0.14969135802469136 0.5052083333333334 0.15104166666666666 0.5049913194444444 0.1558641975308642 0.5015190972222222 0.15219907407407407 0.4800347222222222 0.15084876543209877 0.4796006944444444 0.14756944444444445 0.4841579861111111 0.14255401234567902 0.4913194444444444 0.14255401234567902 0.4982638888888889 0.1398533950617284
1 0.5614149305555556 0.09857253086419752 0.568359375 0.10204475308641975 0.5677083333333334 0.10570987654320987 0.5651041666666666 0.10590277777777778 0.556640625 0.10532407407407407 0.5542534722222222 0.10320216049382716 0.5562065972222222 0.09876543209876543 0.5611979166666666 0.09857253086419752
1 0.5748697916666666 0.09760802469135803 0.5766059027777778 0.09876543209876543 0.5753038194444444 0.10551697530864197 0.5687934027777778 0.10609567901234568 0.5562065972222222 0.10474537037037036 0.5544704861111112 0.10262345679012345 0.5559895833333334 0.09953703703703703 0.5679253472222222 0.09992283950617284 0.5746527777777778 0.09760802469135803
1 0.6369357638888888 0.059799382716049385 0.640625 0.060570987654320986 0.6440972222222222 0.05787037037037037 0.6458333333333334 0.06732253086419752 0.6351996527777778 0.06751543209876543 0.6336805555555556 0.060570987654320986 0.63671875 0.05999228395061729
1 0.8166232638888888 0.03510802469135803 0.8307291666666666 0.03993055555555555 0.8294270833333334 0.04764660493827161 0.8246527777777778 0.050347222222222224 0.8059895833333334 0.0466820987654321 0.8088107638888888 0.037037037037037035 0.81640625 0.03510802469135803
1 0.4507378472222222 0.11226851851851852 0.4633246527777778 0.11419753086419752 0.4661458333333333 0.1232638888888889 0.4633246527777778 0.12827932098765432 0.4557291666666667 0.12654320987654322 0.4463975694444444 0.13001543209876543 0.4442274305555556 0.13001543209876543 0.4459635416666667 0.12364969135802469 0.4442274305555556 0.11593364197530864 0.4455295138888889 0.11284722222222222 0.4505208333333333 0.11226851851851852
1 0.4637586805555556 0.10590277777777778 0.470703125 0.10686728395061729 0.4754774305555556 0.11863425925925926 0.4728732638888889 0.12422839506172839 0.4652777777777778 0.12384259259259259 0.4637586805555556 0.10609567901234568
1 0.5470920138888888 0.07349537037037036 0.5505642361111112 0.07561728395061729 0.5516493055555556 0.08179012345679013 0.5477430555555556 0.08719135802469136 0.5434027777777778 0.08834876543209877 0.5340711805555556 0.08526234567901235 0.5297309027777778 0.0779320987654321 0.546875 0.07349537037037036
1 0.4945746527777778 0.06867283950617284 0.4976128472222222 0.07407407407407407 0.4952256944444444 0.08506944444444445 0.4906684027777778 0.08699845679012345 0.4861111111111111 0.08487654320987655 0.4876302083333333 0.07658179012345678 0.4943576388888889 0.06886574074074074
1 0.5360243055555556 0.050347222222222224 0.5464409722222222 0.05343364197530864 0.5577256944444444 0.050347222222222224 0.5536024305555556 0.06462191358024691 0.5407986111111112 0.06404320987654322 0.5360243055555556 0.050540123456790126
1 0.2923177083333333 0.4573688271604938 0.2979600694444444 0.47010030864197533 0.2966579861111111 0.47781635802469136 0.2934027777777778 0.4820601851851852 0.2879774305555556 0.4810956790123457 0.2827690972222222 0.4876543209876543 0.2810329861111111 0.4866898148148148 0.2821180555555556 0.48051697530864196 0.2725694444444444 0.4689429012345679 0.2723524305555556 0.46219135802469136 0.275390625 0.4600694444444444 0.2829861111111111 0.46199845679012347 0.2921006944444444 0.4573688271604938
1 0.19618055555555555 0.37364969135802467 0.20008680555555555 0.3732638888888889 0.20616319444444445 0.3767361111111111 0.21354166666666666 0.3765432098765432 0.21875 0.3871527777777778 0.21592881944444445 0.3894675925925926 0.19618055555555555 0.3869598765432099 0.1931423611111111 0.38213734567901236 0.19618055555555555 0.3738425925925926
1 0.2879774305555556 0.29224537037037035 0.2934027777777778 0.30362654320987653 0.2934027777777778 0.3159722222222222 0.2901475694444444 0.31732253086419754 0.2825520833333333 0.3119212962962963 0.275390625 0.3003472222222222 0.2760416666666667 0.2962962962962963 0.2829861111111111 0.29205246913580246 0.2877604166666667 0.29224537037037035
1 0.2951388888888889 0.28125 0.2979600694444444 0.2829861111111111 0.302734375 0.2935956790123457 0.3016493055555556 0.3001543209876543 0.2973090277777778 0.3038194444444444 0.2927517361111111 0.3018904320987654 0.2888454861111111 0.29398148148148145 0.2901475694444444 0.2829861111111111 0.294921875 0.28125
1 0.140625 0.44290123456790126 0.15516493055555555 0.453125 0.15711805555555555 0.45621141975308643 0.1560329861111111 0.46219135802469136 0.1467013888888889 0.46257716049382713 0.1408420138888889 0.47183641975308643 0.12782118055555555 0.4702932098765432 0.12261284722222222 0.466820987654321 0.1213107638888889 0.46315586419753085 0.12608506944444445 0.4564043209876543 0.1208767361111111 0.4494598765432099 0.1208767361111111 0.4461805555555556 0.1254340277777778 0.4373070987654321 0.1273871527777778 0.4367283950617284 0.13368055555555555 0.44521604938271603 0.1371527777777778 0.44560185185185186 0.1404079861111111 0.44309413580246915
1 0.13020833333333334 0.36342592592592593 0.1521267361111111 0.376929012345679 0.1540798611111111 0.38348765432098764 0.15125868055555555 0.38580246913580246 0.12999131944444445 0.38040123456790126 0.1273871527777778 0.36747685185185186 0.12782118055555555 0.3638117283950617 0.12999131944444445 0.36342592592592593
1 0.390625 0.16512345679012347 0.3971354166666667 0.1714891975308642 0.4045138888888889 0.16608796296296297 0.4077690972222222 0.16589506172839505 0.4092881944444444 0.16820987654320987 0.4045138888888889 0.18209876543209877 0.3975694444444444 0.1849922839506173 0.390625 0.18441358024691357 0.388671875 0.18229166666666666 0.3880208333333333 0.16782407407407407 0.3904079861111111 0.16512345679012347
1 0.4459635416666667 0.06327160493827161 0.4500868055555556 0.07407407407407407 0.4481336805555556 0.08101851851851852 0.4381510416666667 0.08159722222222222 0.435546875 0.07696759259259259 0.4357638888888889 0.06616512345679013 0.4457465277777778 0.06346450617283951
1 0.4055989583333333 0.06809413580246913 0.4077690972222222 0.06847993827160494 0.4088541666666667 0.07368827160493827 0.408203125 0.08256172839506173 0.4049479166666667 0.08584104938271606 0.4001736111111111 0.08468364197530864 0.3988715277777778 0.08005401234567901 0.4019097222222222 0.07118055555555555 0.4053819444444444 0.06809413580246913
1 0.345703125 0.05999228395061729 0.3511284722222222 0.078125 0.3489583333333333 0.08333333333333333 0.3426649305555556 0.08564814814814815 0.3305121527777778 0.08506944444444445 0.3309461805555556 0.0775462962962963 0.3376736111111111 0.07310956790123457 0.3454861111111111 0.05999228395061729
1 0.026041666666666668 0.7797067901234568 0.038411458333333336 0.7895447530864198 0.040581597222222224 0.796875 0.036675347222222224 0.7986111111111112 0.024305555555555556 0.7966820987654321 0.021267361111111112 0.7827932098765432 0.022569444444444444 0.7800925925925926 0.025824652777777776 0.7797067901234568
1 0 0.5109953703703703 0.0032552083333333335 0.5121527777777778 0.008246527777777778 0.5233410493827161 0.021267361111111112 0.5250771604938271 0.020833333333333332 0.5385802469135802 0.024305555555555556 0.5464891975308642 0.022352430555555556 0.5486111111111112 0.011935763888888888 0.5422453703703703 0.004991319444444444 0.5482253086419753 0 0.5486111111111112 0 0.5111882716049383
1 0.09244791666666667 0.3753858024691358 0.10286458333333333 0.3800154320987654 0.10091145833333333 0.3869598765432099 0.0959201388888889 0.3888888888888889 0.07335069444444445 0.3869598765432099 0.08289930555555555 0.3767361111111111 0.09223090277777778 0.3753858024691358
1 0.03624131944444445 0.4112654320987654 0.038628472222222224 0.4305555555555556 0.036458333333333336 0.43171296296296297 0.019314236111111112 0.42862654320987653 0.022135416666666668 0.4251543209876543 0.026258680555555556 0.4255401234567901 0.029296875 0.4149305555555556 0.03602430555555555 0.4114583333333333
1 0.03624131944444445 0.41261574074074076 0.038628472222222224 0.43036265432098764 0.014322916666666666 0.43209876543209874 0.011935763888888888 0.43190586419753085 0.008897569444444444 0.4251543209876543 0.014973958333333334 0.4216820987654321 0.026041666666666668 0.4220679012345679 0.029513888888888888 0.41512345679012347 0.03602430555555555 0.41261574074074076
1 0.224609375 0.2654320987654321 0.23697916666666666 0.27565586419753085 0.2387152777777778 0.2797067901234568 0.23567708333333334 0.28125 0.22265625 0.279320987654321 0.22157118055555555 0.2658179012345679 0.2243923611111111 0.2654320987654321
1 0.017903645833333332 0.3480902777777778 0.023220486111111112 0.02141203703703704
1 0.4876302083333333 0.031057098765432098 0.4947916666666667 0.039544753086419755 0.4937065972222222 0.050347222222222224 0.4856770833333333 0.050347222222222224 0.4837239583333333 0.044174382716049385 0.4876302083333333 0.03125
1 0.4611545138888889 0.03009259259259259 0.4670138888888889 0.032407407407407406 0.4748263888888889 0.032214506172839504 0.4793836805555556 0.043209876543209874 0.4774305555555556 0.048032407407407406 0.466796875 0.04764660493827161 0.4583333333333333 0.036265432098765434 0.4574652777777778 0.03279320987654321 0.4609375 0.03009259259259259
1 0.5553385416666666 0.37885802469135804 0.5551215277777778 0.38348765432098764 0.5570746527777778 0.3863811728395062 0.5603298611111112 0.388695987654321 0.5640190972222222 0.3873456790123457 0.5681423611111112 0.38136574074074076 0.5700954861111112 0.3800154320987654 0.5685763888888888 0.376929012345679 0.5657552083333334 0.3740354938271605 0.5640190972222222 0.37017746913580246 0.5611979166666666 0.36863425925925924 0.5594618055555556 0.36959876543209874
1 0.4437934027777778 0.21334876543209877 0.4435763888888889 0.2181712962962963 0.4396701388888889 0.22723765432098766 0.4396701388888889 0.23070987654320987 0.443359375 0.234375 0.4487847222222222 0.2378472222222222 0.4633246527777778 0.2465277777777778 0.4644097222222222 0.24614197530864199 0.4657118055555556 0.24459876543209877 0.4618055555555556 0.23765432098765432 0.4607204861111111 0.2326388888888889 0.4524739583333333 0.2212577160493827 0.4518229166666667 0.21643518518518517 0.4526909722222222 0.21315586419753085 0.4520399305555556 0.21161265432098766 0.4494357638888889 0.21006944444444445 0.4457465277777778 0.21161265432098766
1 0.5199652777777778 0.21006944444444445 0.5197482638888888 0.21392746913580246 0.5212673611111112 0.2152777777777778 0.5301649305555556 0.21547067901234568 0.5321180555555556 0.21489197530864199 0.533203125 0.21354166666666666 0.5310329861111112 0.21006944444444445 0.5225694444444444 0.2033179012345679 0.5210503472222222 0.2048611111111111
1 0.2517361111111111 0.1568287037037037 0.2517361111111111 0.15817901234567902 0.2562934027777778 0.15991512345679013 0.2588975694444444 0.16010802469135801 0.26171875 0.16203703703703703 0.2723524305555556 0.16261574074074073 0.279296875 0.16145833333333334 0.28125 0.15856481481481483 0.28515625 0.15625 0.2858072916666667 0.1541280864197531 0.2847222222222222 0.15123456790123457 0.2829861111111111 0.15027006172839505 0.2751736111111111 0.14969135802469136 0.2693142361111111 0.14795524691358025 0.26171875 0.14814814814814814 0.2586805555555556 0.14891975308641975 0.2560763888888889 0.15065586419753085 0.2532552083333333 0.15354938271604937
1 0.9418402777777778 0.326195987654321 0.94140625 0.33526234567901236 0.9379340277777778 0.33969907407407407 0.9346788194444444 0.3420138888888889 0.9357638888888888 0.3429783950617284 0.9429253472222222 0.3431712962962963 0.9535590277777778 0.3402777777777778 0.9563802083333334 0.3412422839506173 0.9602864583333334 0.33912037037037035 0.9607204861111112 0.33815586419753085 0.9598524305555556 0.33603395061728397 0.9561631944444444 0.3298611111111111 0.9427083333333334 0.3254243827160494