1 0.9188368055555556 0.9618055555555556 0.92578125 0.9670138888888888 0.9296875 0.9743441358024691 0.9205729166666666 0.9820601851851852 0.9184027777777778 0.9888117283950617 0.9079861111111112 0.9853395061728395 0.8982204861111112 0.9739583333333334 0.8982204861111112 0.9712577160493827 0.9079861111111112 0.96875 0.9142795138888888 0.9614197530864198 0.9186197916666666 0.9618055555555556
1 0.8226996527777778 0.9785879629629629 0.8237847222222222 0.9872685185185185 0.8174913194444444 0.9920910493827161 0.8142361111111112 0.9913194444444444 0.8055555555555556 0.9807098765432098 0.8224826388888888 0.9785879629629629
1 0.998046875 0.7993827160493827 0.9997829861111112 0.7993827160493827 0.9997829861111112 0.8107638888888888 0.9943576388888888 0.810570987654321 0.9930555555555556 0.8074845679012346 0.998046875 0.7995756172839507
1 0.7732204861111112 0.9809027777777778 0.7816840277777778 0.9812885802469136 0.7829861111111112 0.9876543209876543 0.7797309027777778 0.9886188271604939 0.7734375 0.9809027777777778
1 0.6634114583333334 0.9133873456790124 0.6716579861111112 0.9195601851851852 0.6742621527777778 0.9305555555555556 0.6720920138888888 0.9349922839506173 0.6649305555555556 0.9293981481481481 0.6579861111111112 0.9349922839506173 0.6510416666666666 0.9220679012345679 0.6540798611111112 0.9147376543209876 0.6631944444444444 0.9133873456790124
1 0.6608072916666666 0.9143518518518519 0.6625434027777778 0.9288194444444444 0.6612413194444444 0.9344135802469136 0.6579861111111112 0.9357638888888888 0.6508246527777778 0.9216820987654321 0.6540798611111112 0.9145447530864198 0.6605902777777778 0.9143518518518519
1 0.6384548611111112 0.9147376543209876 0.6440972222222222 0.9157021604938271 0.6460503472222222 0.9182098765432098 0.638671875 0.925733024691358 0.6271701388888888 0.9251543209876543 0.6221788194444444 0.9184027777777778 0.6265190972222222 0.9153163580246914 0.6382378472222222 0.9147376543209876
1 0.6369357638888888 0.9008487654320988 0.6419270833333334 0.9103009259259259 0.6510416666666666 0.9114583333333334 0.650390625 0.9147376543209876 0.640625 0.9232253086419753 0.6369357638888888 0.9205246913580247 0.6267361111111112 0.9220679012345679 0.6232638888888888 0.9182098765432098 0.6369357638888888 0.9010416666666666
1 0.5538194444444444 0.9585262345679012 0.5596788194444444 0.9635416666666666 0.5622829861111112 0.9704861111111112 0.5603298611111112 0.9745370370370371 0.5505642361111112 0.9766589506172839 0.5438368055555556 0.9737654320987654 0.5427517361111112 0.9670138888888888 0.5453559027777778 0.9631558641975309 0.5536024305555556 0.9585262345679012
1 0.4505208333333333 0.9639274691358025 0.4557291666666667 0.966820987654321 0.4565972222222222 0.9729938271604939 0.4461805555555556 0.9853395061728395 0.443359375 0.9839891975308642 0.4422743055555556 0.9716435185185185 0.4503038194444444 0.9639274691358025
1 0.4227430555555556 0.9886188271604939 0.4279513888888889 0.9942129629629629 0.4264322916666667 0.9998070987654321 0.4166666666666667 0.9998070987654321 0.4147135416666667 0.9965277777777778 0.4157986111111111 0.9909336419753086 0.4225260416666667 0.9886188271604939
1 0.4325086805555556 0.9560185185185185 0.4381510416666667 0.9587191358024691 0.4498697916666667 0.9600694444444444 0.4500868055555556 0.9643132716049383 0.4401041666666667 0.9728009259259259 0.4320746527777778 0.9704861111111112 0.4340277777777778 0.9641203703703703 0.4288194444444444 0.9598765432098766 0.4286024305555556 0.9564043209876543 0.4322916666666667 0.9560185185185185
1 0.5329861111111112 0.7891589506172839 0.5505642361111112 0.7910879629629629 0.5546875 0.7934027777777778 0.5540364583333334 0.8142361111111112 0.546875 0.8097993827160493 0.5434027777777778 0.8155864197530864 0.541015625 0.8082561728395061 0.5308159722222222 0.8043981481481481 0.5277777777777778 0.8001543209876543 0.5260416666666666 0.7914737654320988 0.5327690972222222 0.7891589506172839
1 0.8023003472222222 0.6120756172839507 0.8250868055555556 0.6134259259259259 0.8279079861111112 0.6167052469135802 0.8279079861111112 0.6292438271604939 0.8133680555555556 0.6236496913580247 0.8038194444444444 0.6298225308641975 0.8016493055555556 0.6282793209876543 0.798828125 0.6130401234567902 0.8020833333333334 0.6120756172839507
1 0.5368923611111112 0.7770061728395061 0.5416666666666666 0.7824074074074074 0.5403645833333334 0.7881944444444444 0.537109375 0.7891589506172839 0.5260416666666666 0.7880015432098766 0.5219184027777778 0.7829861111111112 0.5221354166666666 0.7797067901234568 0.5258246527777778 0.777391975308642 0.5366753472222222 0.7770061728395061
1 0.5095486111111112 0.7910879629629629 0.5260416666666666 0.7897376543209876 0.5277777777777778 0.7966820987654321 0.5338541666666666 0.8036265432098766 0.5227864583333334 0.810570987654321 0.5121527777777778 0.8125 0.515625 0.8065200617283951 0.5091145833333334 0.8001543209876543 0.5095486111111112 0.7912808641975309
1 0.5264756944444444 0.7895447530864198 0.5323350694444444 0.8003472222222222 0.5260416666666666 0.8076774691358025 0.5219184027777778 0.8074845679012346 0.5188802083333334 0.8038194444444444 0.51171875 0.8030478395061729 0.5084635416666666 0.7932098765432098 0.5115017361111112 0.7899305555555556 0.5262586805555556 0.7895447530864198
1 0.5366753472222222 0.7887731481481481 0.5505642361111112 0.7912808641975309 0.5546875 0.7939814814814815 0.5538194444444444 0.814429012345679 0.5499131944444444 0.8092206790123457 0.5434027777777778 0.8152006172839507 0.5412326388888888 0.8090277777777778 0.53515625 0.8057484567901234 0.5186631944444444 0.8115354938271605 0.51171875 0.8113425925925926 0.5171440972222222 0.8038194444444444 0.5099826388888888 0.800733024691358 0.5086805555555556 0.7924382716049383 0.5260416666666666 0.7883873456790124 0.5364583333333334 0.7887731481481481
1 0.5225694444444444 0.7540509259259259 0.5262586805555556 0.7546296296296297 0.5364583333333334 0.7646604938271605 0.5384114583333334 0.7771990740740741 0.5269097222222222 0.7779706790123457 0.5227864583333334 0.7818287037037037 0.5188802083333334 0.7800925925925926 0.5119357638888888 0.7652391975308642 0.5193142361111112 0.767554012345679 0.5251736111111112 0.7648533950617284 0.5260416666666666 0.7619598765432098 0.5223524305555556 0.7542438271604939
1 0.3435329861111111 0.9598765432098766 0.3452690972222222 0.9691358024691358 0.3420138888888889 0.9774305555555556 0.3279079861111111 0.9724151234567902 0.3263888888888889 0.9699074074074074 0.328125 0.9625771604938271 0.3350694444444444 0.9616126543209876 0.3385416666666667 0.9585262345679012 0.3433159722222222 0.9598765432098766
1 0.2693142361111111 0.9556327160493827 0.2725694444444444 0.9565972222222222 0.2799479166666667 0.966820987654321 0.2619357638888889 0.9673996913580247 0.2554253472222222 0.9737654320987654 0.24934895833333334 0.9633487654320988 0.2588975694444444 0.9575617283950617 0.2690972222222222 0.9556327160493827
1 0.3003472222222222 0.8306327160493827 0.3157552083333333 0.8385416666666666 0.3159722222222222 0.8422067901234568 0.3083767361111111 0.8543595679012346 0.3072916666666667 0.8638117283950617 0.3038194444444444 0.8638117283950617 0.2975260416666667 0.8586033950617284 0.2979600694444444 0.8454861111111112 0.3012152777777778 0.8389274691358025 0.3001302083333333 0.8308256172839507
1 0.2170138888888889 0.9776234567901234 0.2222222222222222 0.9799382716049383 0.2222222222222222 0.9836033950617284 0.2133246527777778 0.9886188271604939 0.2087673611111111 0.9876543209876543 0.20985243055555555 0.980516975308642 0.216796875 0.9776234567901234
1 0.3385416666666667 0.7027391975308642 0.3441840277777778 0.7060185185185185 0.3424479166666667 0.7133487654320988 0.3318142361111111 0.7189429012345679 0.3294270833333333 0.7172067901234568 0.3313802083333333 0.7137345679012346 0.3298611111111111 0.7081404320987654 0.3116319444444444 0.7064043209876543 0.3138020833333333 0.7029320987654321 0.3383246527777778 0.7027391975308642
1 0.20638020833333334 0.8898533950617284 0.2202690972222222 0.8929398148148148 0.22135416666666666 0.8977623456790124 0.216796875 0.9048996913580247 0.20421006944444445 0.9076003086419753 0.197265625 0.9041280864197531 0.1996527777777778 0.8910108024691358 0.20616319444444445 0.8898533950617284
1 0.11762152777777778 0.9498456790123457 0.12261284722222222 0.9527391975308642 0.11957465277777778 0.9575617283950617 0.109375 0.955054012345679 0.10698784722222222 0.9498456790123457 0.1174045138888889 0.9498456790123457
1 0.1091579861111111 0.9486882716049383 0.12044270833333333 0.9502314814814815 0.12261284722222222 0.9527391975308642 0.1208767361111111 0.9571759259259259 0.11588541666666667 0.9585262345679012 0.1095920138888889 0.9556327160493827 0.10677083333333333 0.9498456790123457 0.10894097222222222 0.9488811728395061
1 0.9427083333333334 0.5968364197530864 0.9505208333333334 0.5987654320987654 0.9594184027777778 0.6072530864197531 0.9644097222222222 0.6091820987654321 0.9661458333333334 0.6168981481481481 0.9529079861111112 0.6186342592592593 0.9392361111111112 0.6128472222222222 0.9342447916666666 0.605516975308642 0.9424913194444444 0.5970293209876543
1 0.9544270833333334 0.35281635802469136 0.9598524305555556 0.35474537037037035 0.9689670138888888 0.3628472222222222 0.9691840277777778 0.36612654320987653 0.9598524305555556 0.36709104938271603 0.9565972222222222 0.3722993827160494 0.9431423611111112 0.359375 0.9440104166666666 0.35378086419753085 0.9542100694444444 0.35281635802469136
1 0.9611545138888888 0.3377700617283951 0.9750434027777778 0.3385416666666667 0.9763454861111112 0.3420138888888889 0.9739583333333334 0.3449074074074074 0.9633246527777778 0.3524305555555556 0.9466145833333334 0.3543595679012346 0.9424913194444444 0.3524305555555556 0.9455295138888888 0.3449074074074074 0.9496527777777778 0.34066358024691357 0.9609375 0.3377700617283951
1 0.9444444444444444 0.32426697530864196 0.9574652777777778 0.33121141975308643 0.9635416666666666 0.33892746913580246 0.9741753472222222 0.3385416666666667 0.9761284722222222 0.34162808641975306 0.966796875 0.3506944444444444 0.9466145833333334 0.35358796296296297 0.9431423611111112 0.35223765432098764 0.9440104166666666 0.3449074074074074 0.9353298611111112 0.34239969135802467 0.94140625 0.33526234567901236 0.9416232638888888 0.3244598765432099 0.9442274305555556 0.32426697530864196
1 0.9431423611111112 0.32349537037037035 0.9602864583333334 0.33487654320987653 0.9598524305555556 0.33661265432098764 0.9505208333333334 0.3395061728395062 0.9459635416666666 0.3441358024691358 0.9366319444444444 0.3441358024691358 0.9351128472222222 0.34239969135802467 0.9411892361111112 0.33487654320987653 0.9411892361111112 0.3246527777777778 0.9429253472222222 0.32349537037037035
1 0.6753472222222222 0.5779320987654321 0.6959635416666666 0.5827546296296297 0.7005208333333334 0.5848765432098766 0.7020399305555556 0.5881558641975309 0.7003038194444444 0.5916280864197531 0.6918402777777778 0.5933641975308642 0.6857638888888888 0.5983796296296297 0.6814236111111112 0.5983796296296297 0.6783854166666666 0.595679012345679 0.6753472222222222 0.578125
1 0.5844184027777778 0.6024305555555556 0.5907118055555556 0.605516975308642 0.5855034722222222 0.6128472222222222 0.5750868055555556 0.6057098765432098 0.5757378472222222 0.6024305555555556 0.5842013888888888 0.6024305555555556
1 0.5924479166666666 0.6022376543209876 0.6004774305555556 0.6039737654320988 0.6004774305555556 0.6157407407407407 0.591796875 0.6082175925925926 0.5848524305555556 0.6128472222222222 0.5753038194444444 0.6057098765432098 0.5772569444444444 0.6024305555555556 0.5922309027777778 0.6022376543209876
1 0.4079861111111111 0.6745756172839507 0.4173177083333333 0.6788194444444444 0.4114583333333333 0.6938657407407407 0.400390625 0.6830632716049383 0.4029947916666667 0.6759259259259259 0.4077690972222222 0.6745756172839507
1 0.3511284722222222 0.7029320987654321 0.3563368055555556 0.7033179012345679 0.359375 0.7060185185185185 0.3524305555555556 0.7202932098765432 0.3489583333333333 0.7185570987654321 0.341796875 0.7067901234567902 0.3441840277777778 0.703125 0.3509114583333333 0.7029320987654321
1 0.3322482638888889 0.7021604938271605 0.3370225694444444 0.7040895061728395 0.3363715277777778 0.7064043209876543 0.3318142361111111 0.7079475308641975 0.3109809027777778 0.7064043209876543 0.3140190972222222 0.7025462962962963 0.33203125 0.7021604938271605
1 0.3420138888888889 0.6678240740740741 0.3478732638888889 0.6712962962962963 0.3452690972222222 0.6792052469135802 0.33203125 0.6834490740740741 0.3276909722222222 0.6824845679012346 0.3246527777777778 0.6790123456790124 0.3220486111111111 0.669945987654321 0.341796875 0.6678240740740741
1 0.568359375 0.3757716049382716 0.5713975694444444 0.3767361111111111 0.5713975694444444 0.3800154320987654 0.5607638888888888 0.38927469135802467 0.5551215277777778 0.3836805555555556 0.55859375 0.3699845679012346 0.560546875 0.36747685185185186 0.5640190972222222 0.36766975308641975 0.5681423611111112 0.3757716049382716
1 0.4427083333333333 0.36689814814814814 0.4459635416666667 0.3680555555555556 0.451171875 0.3800154320987654 0.4459635416666667 0.3881172839506173 0.4385850694444444 0.38599537037037035 0.4377170138888889 0.3767361111111111 0.4427083333333333 0.36709104938271603
1 0.4194878472222222 0.37287808641975306 0.4361979166666667 0.3765432098765432 0.4357638888888889 0.3869598765432099 0.4292534722222222 0.38773148148148145 0.4140625 0.3871527777777778 0.41796875 0.38040123456790126 0.4155815972222222 0.3732638888888889 0.4192708333333333 0.37287808641975306
1 0.4928385416666667 0.2006172839506173 0.4947916666666667 0.203125 0.4917534722222222 0.20756172839506173 0.4915364583333333 0.21334876543209877 0.4893663194444444 0.21412037037037038 0.4767795138888889 0.21354166666666666 0.4733072916666667 0.20640432098765432 0.4869791666666667 0.20042438271604937 0.4926215277777778 0.2006172839506173
1 0.4523654513888889 0.22810570987654322 0.026258680555555556 0.036458333333333336
1 0.5503472222222222 0.16435185185185186 0.5538194444444444 0.16763117283950618 0.5616319444444444 0.1684027777777778 0.5577256944444444 0.17881944444444445 0.5505642361111112 0.1882716049382716 0.5431857638888888 0.18113425925925927 0.5414496527777778 0.17573302469135801 0.5466579861111112 0.16512345679012347 0.5501302083333334 0.16435185185185186
1 0.5301649305555556 0.16338734567901234 0.5329861111111112 0.16473765432098766 0.5277777777777778 0.17843364197530864 0.5227864583333334 0.18229166666666666 0.5095486111111112 0.17843364197530864 0.5071614583333334 0.17515432098765432 0.5062934027777778 0.16512345679012347 0.5104166666666666 0.16493055555555555 0.5173611111111112 0.17033179012345678 0.5299479166666666 0.16338734567901234
1 0.3511284722222222 0.6838348765432098 0.020833333333333332 0.02199074074074074
1 0.4924045138888889 0.16261574074074073 0.5060763888888888 0.16493055555555555 0.5069444444444444 0.16878858024691357 0.5017361111111112 0.17689043209876543 0.4871961805555556 0.1716820987654321 0.4856770833333333 0.16473765432098766 0.4921875 0.16261574074074073
1 0.4782986111111111 0.17457561728395063 0.4878472222222222 0.17631172839506173 0.4898003472222222 0.18209876543209877 0.4887152777777778 0.18557098765432098 0.478515625 0.1875 0.4704861111111111 0.1863425925925926 0.4696180555555556 0.18344907407407407 0.4702690972222222 0.17746913580246915 0.4780815972222222 0.17457561728395063
1 0.4600694444444444 0.15258487654320987 0.4631076388888889 0.15432098765432098 0.4654947916666667 0.16049382716049382 0.4754774305555556 0.16685956790123457 0.4750434027777778 0.1720679012345679 0.4676649305555556 0.17592592592592593 0.4565972222222222 0.1730324074074074 0.4516059027777778 0.1739969135802469 0.4598524305555556 0.1527777777777778
1 0.4372829861111111 0.16145833333333334 0.4375 0.1697530864197531 0.4427083333333333 0.17476851851851852 0.443359375 0.18016975308641975 0.431640625 0.18595679012345678 0.4286024305555556 0.19135802469135801 0.4220920138888889 0.1853780864197531 0.4203559027777778 0.171875 0.4253472222222222 0.16280864197530864 0.4370659722222222 0.16145833333333334
1 0.4989149305555556 0.1394675925925926 0.5054253472222222 0.15084876543209877 0.5049913194444444 0.1566358024691358 0.4908854166666667 0.15162037037037038 0.4802517361111111 0.15065586419753085 0.4796006944444444 0.14756944444444445 0.4841579861111111 0.14293981481481483 0.4913194444444444 0.14293981481481483 0.4986979166666667 0.1394675925925926
1 0.5748697916666666 0.09722222222222222 0.5768229166666666 0.09857253086419752 0.5748697916666666 0.10628858024691358 0.568359375 0.10570987654320987 0.5677083333333334 0.10300925925925926 0.5694444444444444 0.09876543209876543 0.5746527777777778 0.09722222222222222
1 0.5618489583333334 0.09857253086419752 0.5677083333333334 0.10050154320987655 0.5679253472222222 0.10609567901234568 0.5553385416666666 0.10493827160493827 0.5559895833333334 0.09915123456790123 0.5616319444444444 0.09857253086419752
1 0.5757378472222222 0.09780092592592593 0.5757378472222222 0.10570987654320987 0.5679253472222222 0.10648148148148148 0.556640625 0.10532407407407407 0.5549045138888888 0.10262345679012345 0.556640625 0.09895833333333333 0.5755208333333334 0.09780092592592593
1 0.6380208333333334 0.05999228395061729 0.6451822916666666 0.059027777777777776 0.646484375 0.06751543209876543 0.6449652777777778 0.06790123456790123 0.6345486111111112 0.06751543209876543 0.6341145833333334 0.060570987654320986 0.6378038194444444 0.05999228395061729
1 0.3038194444444444 0.6612654320987654 0.3031684027777778 0.6684027777777778 0.3125 0.6720679012345679 0.3140190972222222 0.6792052469135802 0.3107638888888889 0.6815200617283951 0.2996961805555556 0.6801697530864198 0.2901475694444444 0.6844135802469136 0.2797309027777778 0.6662808641975309 0.2827690972222222 0.6649305555555556 0.2860243055555556 0.6678240740740741 0.2899305555555556 0.6674382716049383 0.2936197916666667 0.6628086419753086 0.3036024305555556 0.6612654320987654
1 0.111328125 0.949266975308642 0.12152777777777778 0.9519675925925926 0.11979166666666667 0.9616126543209876 0.123046875 0.9614197530864198 0.13020833333333334 0.953125 0.13368055555555555 0.9533179012345679 0.13563368055555555 0.9567901234567902 0.13346354166666666 0.966820987654321 0.13758680555555555 0.9704861111111112 0.1369357638888889 0.9735725308641975 0.12999131944444445 0.9737654320987654 0.1265190972222222 0.9791666666666666 0.11458333333333333 0.9837962962962963 0.1169704861111111 0.9949845679012346 0.1130642361111111 0.9976851851851852 0.10655381944444445 0.9945987654320988 0.10286458333333333 0.9807098765432098 0.09809027777777778 0.9739583333333334 0.10069444444444445 0.9670138888888888 0.1091579861111111 0.9571759259259259 0.1072048611111111 0.9496527777777778 0.1111111111111111 0.949266975308642
1 0.22743055555555555 0.6747685185185185 0.2306857638888889 0.6772762345679012 0.2302517361111111 0.6828703703703703 0.2230902777777778 0.6863425925925926 0.2191840277777778 0.6927083333333334 0.21484375 0.6940586419753086 0.21006944444444445 0.6925154320987654 0.20789930555555555 0.6786265432098766 0.21419270833333334 0.6751543209876543 0.22721354166666666 0.6747685185185185
1 0.11675347222222222 0.6620370370370371 0.12608506944444445 0.6647376543209876 0.1371527777777778 0.6630015432098766 0.13780381944444445 0.6695601851851852 0.1449652777777778 0.6734182098765432 0.14713541666666666 0.6793981481481481 0.14453125 0.6828703703703703 0.13389756944444445 0.6842206790123457 0.1267361111111111 0.6824845679012346 0.12348090277777778 0.6786265432098766 0.115234375 0.6649305555555556 0.11653645833333333 0.6620370370370371
1 0.1994357638888889 0.3726851851851852 0.2065972222222222 0.37789351851851855 0.21354166666666666 0.3767361111111111 0.21875 0.3871527777777778 0.21766493055555555 0.38927469135802467 0.19618055555555555 0.38676697530864196 0.1929253472222222 0.3800154320987654 0.19618055555555555 0.37364969135802467 0.19921875 0.37287808641975306
1 0.2858072916666667 0.2926311728395062 0.2934027777777778 0.3018904320987654 0.2934027777777778 0.3072916666666667 0.2897135416666667 0.3130787037037037 0.2855902777777778 0.3130787037037037 0.2795138888888889 0.3167438271604938 0.2751736111111111 0.2970679012345679 0.2855902777777778 0.2926311728395062
1 0.3910590277777778 0.16493055555555555 0.3973524305555556 0.1716820987654321 0.4045138888888889 0.16589506172839505 0.4077690972222222 0.16570216049382716 0.4092881944444444 0.16782407407407407 0.4045138888888889 0.18209876543209877 0.3956163194444444 0.1849922839506173 0.390625 0.18441358024691357 0.3880208333333333 0.17959104938271606 0.3880208333333333 0.16685956790123457 0.3908420138888889 0.16493055555555555
1 0.4578993055555556 0.11265432098765432 0.4633246527777778 0.11361882716049383 0.46484375 0.11612654320987655 0.4650607638888889 0.12654320987654322 0.4609375 0.12827932098765432 0.4563802083333333 0.1263503086419753 0.4461805555555556 0.13020833333333334 0.4424913194444444 0.13001543209876543 0.4459635416666667 0.12364969135802469 0.4450954861111111 0.11323302469135803 0.4576822916666667 0.11265432098765432
1 0.46875 0.10570987654320987 0.4752604166666667 0.11612654320987655 0.4743923611111111 0.12268518518518519 0.4709201388888889 0.125 0.4663628472222222 0.12422839506172839 0.4644097222222222 0.12037037037037036 0.4637586805555556 0.10590277777777778 0.4685329861111111 0.10570987654320987
1 0.5470920138888888 0.07310956790123457 0.5518663194444444 0.078125 0.5516493055555556 0.08159722222222222 0.5501302083333334 0.08506944444444445 0.544921875 0.08796296296296297 0.5338541666666666 0.08487654320987655 0.529296875 0.0779320987654321 0.546875 0.07310956790123457
1 0.4918619791666667 0.07802854938271606 0.011501736111111112 0.01871141975308642
1 0.5366753472222222 0.051118827160493825 0.5470920138888888 0.05381944444444445 0.5572916666666666 0.050347222222222224 0.5540364583333334 0.06481481481481481 0.5399305555555556 0.06404320987654322 0.53515625 0.053626543209876545 0.5364583333333334 0.051118827160493825
1 0.2912326388888889 0.4581404320987654 0.2973090277777778 0.4670138888888889 0.2966579861111111 0.47665895061728397 0.2934027777777778 0.4816743827160494 0.2901475694444444 0.47974537037037035 0.2866753472222222 0.48148148148148145 0.2827690972222222 0.4870756172839506 0.2803819444444444 0.4870756172839506 0.2814670138888889 0.47974537037037035 0.2725694444444444 0.4672067901234568 0.2723524305555556 0.45987654320987653 0.283203125 0.46103395061728397 0.291015625 0.4581404320987654
1 0.294921875 0.2810570987654321 0.2986111111111111 0.283179012345679 0.3029513888888889 0.2961033950617284 0.3005642361111111 0.3018904320987654 0.296875 0.30401234567901236 0.2931857638888889 0.30227623456790126 0.2890625 0.294945987654321 0.2905815972222222 0.2827932098765432 0.2947048611111111 0.2810570987654321
1 0.1271701388888889 0.4573688271604938 0.1410590277777778 0.4627700617283951 0.14322916666666666 0.4677854938271605 0.1408420138888889 0.47183641975308643 0.1265190972222222 0.470679012345679 0.1232638888888889 0.4683641975308642 0.1193576388888889 0.45987654320987653 0.126953125 0.4573688271604938
1 0.1265190972222222 0.4376929012345679 0.1332465277777778 0.44521604938271603 0.14388020833333334 0.44328703703703703 0.15538194444444445 0.453125 0.15755208333333334 0.45968364197530864 0.1547309027777778 0.46315586419753085 0.14366319444444445 0.4627700617283951 0.14149305555555555 0.4702932098765432 0.1384548611111111 0.4702932098765432 0.1371527777777778 0.46469907407407407 0.13020833333333334 0.4627700617283951 0.12608506944444445 0.45891203703703703 0.12217881944444445 0.4496527777777778 0.12152777777777778 0.4461805555555556 0.1265190972222222 0.4378858024691358
1 0.1293402777777778 0.36477623456790126 0.140625 0.3690200617283951 0.1519097222222222 0.3765432098765432 0.154296875 0.38348765432098764 0.15125868055555555 0.38599537037037035 0.13368055555555555 0.38175154320987653 0.1189236111111111 0.373070987654321 0.119140625 0.3697916666666667 0.1252170138888889 0.36323302469135804 0.1291232638888889 0.36477623456790126
1 0.025824652777777776 0.7797067901234568 0.038411458333333336 0.7895447530864198 0.03819444444444445 0.7934027777777778 0.041015625 0.796875 0.029079861111111112 0.798804012345679 0.023003472222222224 0.7966820987654321 0.021050347222222224 0.7829861111111112 0.025607638888888888 0.7798996913580247
1 0.08897569444444445 0.3744212962962963 0.10221354166666667 0.3777006172839506 0.10394965277777778 0.3800154320987654 0.10221354166666667 0.38522376543209874 0.09874131944444445 0.3881172839506173 0.07855902777777778 0.3888888888888889 0.07313368055555555 0.3869598765432099 0.078125 0.37885802469135804 0.08203125 0.3753858024691358 0.08875868055555555 0.3744212962962963
1 0.05056423611111111 0.3616898148148148 0.054036458333333336 0.36246141975308643 0.06032986111111111 0.3732638888888889 0.07269965277777778 0.37962962962962965 0.076171875 0.38657407407407407 0.07465277777777778 0.3883101851851852 0.06749131944444445 0.38753858024691357 0.046223958333333336 0.3765432098765432 0.045572916666666664 0.36940586419753085 0.050347222222222224 0.3616898148148148
1 0 0.4207175925925926 0.010850694444444444 0.4251543209876543 0 0.42727623456790126 0 0.4209104938271605
1 0.036458333333333336 0.4104938271604938 0.038411458333333336 0.43036265432098764 0.015842013888888888 0.43209876543209874 0.011935763888888888 0.43094135802469136 0.008246527777777778 0.4251543209876543 0.014973958333333334 0.4211033950617284 0.026258680555555556 0.4222608024691358 0.029296875 0.41473765432098764 0.03624131944444445 0.4104938271604938
1 0.22395833333333334 0.265625 0.2358940972222222 0.27546296296296297 0.23828125 0.2795138888888889 0.234375 0.2822145061728395 0.22395833333333334 0.2818287037037037 0.22200520833333334 0.27989969135802467 0.2209201388888889 0.26774691358024694 0.22374131944444445 0.265625
1 0.2690972222222222 0.14467592592592593 0.2760416666666667 0.15200617283950618 0.2829861111111111 0.15104166666666666 0.2845052083333333 0.15432098765432098 0.2795138888888889 0.15625 0.2465277777777778 0.1554783950617284 0.2482638888888889 0.15258487654320987 0.2549913194444444 0.15142746913580246 0.2586805555555556 0.14795524691358025 0.2667100694444444 0.14737654320987653 0.2688802083333333 0.14486882716049382
1 0.4459635416666667 0.0630787037037037 0.4500868055555556 0.07407407407407407 0.4481336805555556 0.08101851851851852 0.4379340277777778 0.08159722222222222 0.435546875 0.0779320987654321 0.4357638888888889 0.06558641975308642 0.4457465277777778 0.06327160493827161
1 0.4060329861111111 0.06809413580246913 0.4086371527777778 0.07079475308641975 0.4086371527777778 0.078125 0.4049479166666667 0.08584104938271606 0.400390625 0.08506944444444445 0.3988715277777778 0.08063271604938271 0.4019097222222222 0.07098765432098765 0.4058159722222222 0.06809413580246913
1 0.3454861111111111 0.05999228395061729 0.3506944444444444 0.0779320987654321 0.34765625 0.08449074074074074 0.3305121527777778 0.08487654320987655 0.3315972222222222 0.07619598765432099 0.3376736111111111 0.07291666666666667 0.3452690972222222 0.06018518518518518
1 0.4878472222222222 0.031635802469135804 0.4913194444444444 0.033371913580246916 0.4945746527777778 0.03935185185185185 0.4937065972222222 0.050347222222222224 0.4876302083333333 0.05150462962962963 0.4837239583333333 0.046875 0.4876302083333333 0.031828703703703706
1 0.4605034722222222 0.02970679012345679 0.4752604166666667 0.03260030864197531 0.4802517361111111 0.04301697530864197 0.4776475694444444 0.048804012345679014 0.4672309027777778 0.0470679012345679 0.4631076388888889 0.04378858024691358 0.4578993055555556 0.03414351851851852 0.4602864583333333 0.02970679012345679
1 0.037543402777777776 0.36882716049382713 0.045355902777777776 0.3713348765432099 0.04904513888888889 0.3767361111111111 0.04318576388888889 0.38155864197530864 0.026258680555555556 0.38233024691358025 0.018663194444444444 0.3802083333333333 0.015407986111111112 0.3767361111111111 0.017361111111111112 0.3726851851851852 0.022352430555555556 0.36959876543209874 0.03732638888888889 0.36882716049382713
1 0.015842013888888888 0.33699845679012347 0.029730902777777776 0.3557098765432099 0.026692708333333332 0.3599537037037037 0.011935763888888888 0.35628858024691357 0.007595486111111111 0.35108024691358025 0.008463541666666666 0.33834876543209874 0.015625 0.33699845679012347
1 0.5208333333333334 0.2065972222222222 0.5206163194444444 0.21219135802469136 0.5219184027777778 0.21412037037037038 0.5297309027777778 0.21489197530864199 0.5329861111111112 0.21354166666666666 0.5305989583333334 0.21006944444444445 0.5260416666666666 0.20601851851851852 0.5223524305555556 0.20505401234567902
1 0.018663194444444444 0.5250771604938271 0.014105902777777778 0.5258487654320988 0 0.5254629629629629 0 0.5499614197530864 0.004991319444444444 0.548804012345679 0.01171875 0.5408950617283951 0.015625 0.5420524691358025 0.017144097222222224 0.5441743827160493 0.022135416666666668 0.5480324074074074 0.024956597222222224 0.5470679012345679 0.020833333333333332 0.5372299382716049 0.020833333333333332 0.5260416666666666