1 0.7732204861111112 0.9085648148148148 0.7805989583333334 0.9141589506172839 0.7845052083333334 0.9286265432098766 0.7888454861111112 0.9357638888888888 0.7788628472222222 0.935570987654321 0.767578125 0.9216820987654321 0.7662760416666666 0.9149305555555556 0.7688802083333334 0.9103009259259259 0.7730034722222222 0.9085648148148148
1 0.7970920138888888 0.7137345679012346 0.8062065972222222 0.7202932098765432 0.8081597222222222 0.7260802469135802 0.8077256944444444 0.7361111111111112 0.8003472222222222 0.7415123456790124 0.7918836805555556 0.7312885802469136 0.7899305555555556 0.7241512345679012 0.7918836805555556 0.7170138888888888 0.796875 0.7137345679012346
1 0.7862413194444444 0.7102623456790124 0.7916666666666666 0.7166280864197531 0.7921006944444444 0.7341820987654321 0.7836371527777778 0.7341820987654321 0.7790798611111112 0.7204861111111112 0.7801649305555556 0.7137345679012346 0.7860243055555556 0.7104552469135802
1 0.7875434027777778 0.7112268518518519 0.7912326388888888 0.716820987654321 0.7914496527777778 0.7341820987654321 0.7842881944444444 0.7359182098765432 0.7829861111111112 0.7380401234567902 0.7771267361111112 0.7173996913580247 0.7827690972222222 0.7114197530864198 0.7873263888888888 0.7112268518518519
1 0.6130642361111112 0.8983410493827161 0.6163194444444444 0.8994984567901234 0.6197916666666666 0.9116512345679012 0.6056857638888888 0.910108024691358 0.5954861111111112 0.918016975308642 0.5913628472222222 0.9072145061728395 0.5776909722222222 0.9010416666666666 0.6128472222222222 0.8983410493827161
1 0.7723524305555556 0.7104552469135802 0.7790798611111112 0.7135416666666666 0.7864583333333334 0.7106481481481481 0.7897135416666666 0.7133487654320988 0.7923177083333334 0.7303240740740741 0.7914496527777778 0.7339891975308642 0.78515625 0.7359182098765432 0.7829861111111112 0.7393904320987654 0.7725694444444444 0.7339891975308642 0.7632378472222222 0.7204861111111112 0.7723524305555556 0.7106481481481481
1 0.7727864583333334 0.7104552469135802 0.7779947916666666 0.7135416666666666 0.7829861111111112 0.7270447530864198 0.7829861111111112 0.7393904320987654 0.7727864583333334 0.7345679012345679 0.763671875 0.7233796296296297 0.7643229166666666 0.7170138888888888 0.7725694444444444 0.7104552469135802
1 0.7723524305555556 0.7100694444444444 0.7790798611111112 0.7131558641975309 0.7864583333333334 0.7104552469135802 0.7899305555555556 0.7131558641975309 0.7912326388888888 0.7301311728395061 0.791015625 0.7341820987654321 0.7855902777777778 0.7359182098765432 0.7829861111111112 0.7393904320987654 0.7725694444444444 0.7341820987654321 0.7632378472222222 0.7204861111111112 0.7723524305555556 0.7102623456790124
1 0.70703125 0.703125 0.7163628472222222 0.7100694444444444 0.7211371527777778 0.7191358024691358 0.7311197916666666 0.7239583333333334 0.7170138888888888 0.7283950617283951 0.7003038194444444 0.7135416666666666 0.7003038194444444 0.7064043209876543 0.703125 0.7033179012345679 0.7068142361111112 0.703125
1 0.6944444444444444 0.7058256172839507 0.6990017361111112 0.7089120370370371 0.7009548611111112 0.7141203703703703 0.6901041666666666 0.7272376543209876 0.6861979166666666 0.7260802469135802 0.6864149305555556 0.7202932098765432 0.6825086805555556 0.7129629629629629 0.6857638888888888 0.7079475308641975 0.6942274305555556 0.7058256172839507
1 0.7137586805555556 0.6103395061728395 0.7237413194444444 0.6114969135802469 0.7259114583333334 0.6186342592592593 0.7302517361111112 0.6217206790123457 0.7515190972222222 0.6232638888888888 0.7458767361111112 0.6334876543209876 0.734375 0.640625 0.7306857638888888 0.6404320987654321 0.7302517361111112 0.6354166666666666 0.7254774305555556 0.6321373456790124 0.7063802083333334 0.6327160493827161 0.7029079861111112 0.6309799382716049 0.7029079861111112 0.626929012345679 0.7135416666666666 0.6103395061728395
1 0.7209201388888888 0.5974151234567902 0.7306857638888888 0.6057098765432098 0.7306857638888888 0.6091820987654321 0.7241753472222222 0.6114969135802469 0.7100694444444444 0.611304012345679 0.7055121527777778 0.609375 0.7046440972222222 0.6066743827160493 0.7133246527777778 0.5974151234567902 0.720703125 0.5974151234567902
1 0.6890190972222222 0.6001157407407407 0.6944444444444444 0.6022376543209876 0.7013888888888888 0.609375 0.7029079861111112 0.6271219135802469 0.6961805555555556 0.6381172839506173 0.6924913194444444 0.6402391975308642 0.6918402777777778 0.6321373456790124 0.6840277777777778 0.6257716049382716 0.6794704861111112 0.6128472222222222 0.6831597222222222 0.6024305555555556 0.6888020833333334 0.6003086419753086
1 0.7864583333333334 0.4868827160493827 0.7881944444444444 0.4876543209876543 0.7864583333333334 0.4967206790123457 0.7725694444444444 0.4963348765432099 0.7721354166666666 0.4947916666666667 0.7758246527777778 0.4876543209876543 0.7862413194444444 0.4868827160493827
1 0.4401041666666667 0.9998070987654321 0.4437934027777778 0.9828317901234568 0.4529079861111111 0.9801311728395061 0.4565972222222222 0.980516975308642 0.4578993055555556 0.9839891975308642 0.4544270833333333 0.9940200617283951 0.4503038194444444 0.9998070987654321 0.4403211805555556 0.9998070987654321
1 0.4357638888888889 0.9762731481481481 0.4429253472222222 0.9809027777777778 0.45703125 0.9809027777777778 0.4565972222222222 0.9899691358024691 0.4500868055555556 0.9998070987654321 0.4342447916666667 0.9998070987654321 0.4294704861111111 0.9841820987654321 0.435546875 0.9764660493827161
1 0.4357638888888889 0.9760802469135802 0.4440104166666667 0.9837962962962963 0.4427083333333333 0.9945987654320988 0.4385850694444444 0.9998070987654321 0.4344618055555556 0.9998070987654321 0.4292534722222222 0.9876543209876543 0.4303385416666667 0.9814814814814815 0.435546875 0.9762731481481481
1 0.5868055555555556 0.6163194444444444 0.6260850694444444 0.6197916666666666 0.6197916666666666 0.6248070987654321 0.6182725694444444 0.6346450617283951 0.6080729166666666 0.6338734567901234 0.6022135416666666 0.6404320987654321 0.5998263888888888 0.6302083333333334 0.5865885416666666 0.6195987654320988 0.5868055555555556 0.6165123456790124
1 0.5857204861111112 0.6163194444444444 0.6037326388888888 0.6182484567901234 0.6065538194444444 0.6203703703703703 0.6091579861111112 0.628858024691358 0.6180555555555556 0.6332947530864198 0.6121961805555556 0.6338734567901234 0.609375 0.6305941358024691 0.6022135416666666 0.6402391975308642 0.6000434027777778 0.6304012345679012 0.5859375 0.6195987654320988 0.5857204861111112 0.6165123456790124
1 0.7094184027777778 0.49344135802469136 0.7100694444444444 0.4976851851851852 0.70703125 0.4988425925925926 0.697265625 0.4957561728395062 0.6953125 0.4809027777777778 0.6996527777777778 0.47434413580246915 0.7029079861111112 0.47434413580246915 0.7055121527777778 0.4774305555555556 0.7065972222222222 0.49016203703703703 0.7092013888888888 0.49344135802469136
1 0.6809895833333334 0.498070987654321 0.6801215277777778 0.4841820987654321 0.6857638888888888 0.47781635802469136 0.6905381944444444 0.4807098765432099 0.6916232638888888 0.498070987654321 0.6812065972222222 0.498070987654321
1 0.5399305555555556 0.580054012345679 0.5434027777777778 0.5815972222222222 0.5514322916666666 0.5954861111111112 0.5455729166666666 0.6012731481481481 0.5434027777777778 0.6084104938271605 0.5401475694444444 0.6099537037037037 0.5362413194444444 0.6086033950617284 0.5327690972222222 0.6005015432098766 0.529296875 0.6107253086419753 0.5223524305555556 0.609375 0.5169270833333334 0.5951003086419753 0.5271267361111112 0.5814043209876543 0.5397135416666666 0.580054012345679
1 0.6404079861111112 0.4645061728395062 0.6453993055555556 0.47087191358024694 0.6512586805555556 0.48726851851851855 0.640625 0.49074074074074076 0.6295572916666666 0.4774305555555556 0.6315104166666666 0.4714506172839506 0.6404079861111112 0.46469907407407407
1 0.6232638888888888 0.4737654320987654 0.6267361111111112 0.48128858024691357 0.6226128472222222 0.49459876543209874 0.6197916666666666 0.4963348765432099 0.6165364583333334 0.49421296296296297 0.6150173611111112 0.48051697530864196 0.6195746527777778 0.4739583333333333 0.623046875 0.4737654320987654
1 0.5883246527777778 0.4756944444444444 0.5991753472222222 0.47897376543209874 0.5993923611111112 0.4870756172839506 0.5909288194444444 0.48977623456790126 0.5852864583333334 0.49691358024691357 0.5811631944444444 0.49710648148148145 0.5792100694444444 0.4913194444444444 0.5802951388888888 0.4809027777777778 0.5848524305555556 0.47588734567901236 0.5881076388888888 0.47588734567901236
1 0.7239583333333334 0.3861882716049383 0.7265625 0.3939043209876543 0.7241753472222222 0.41107253086419754 0.7163628472222222 0.40412808641975306 0.7150607638888888 0.39872685185185186 0.7163628472222222 0.3869598765432099 0.7237413194444444 0.3861882716049383
1 0.3665364583333333 0.9691358024691358 0.3739149305555556 0.9753086419753086 0.375 0.9812885802469136 0.3689236111111111 0.9945987654320988 0.3634982638888889 0.9965277777777778 0.361328125 0.9949845679012346 0.3595920138888889 0.9774305555555556 0.3663194444444444 0.9691358024691358
1 0.3283420138888889 0.8761574074074074 0.333984375 0.876929012345679 0.3385416666666667 0.8699845679012346 0.33984375 0.878858024691358 0.3470052083333333 0.8869598765432098 0.3472222222222222 0.8900462962962963 0.3459201388888889 0.8937114197530864 0.3394097222222222 0.8956404320987654 0.3363715277777778 0.8888888888888888 0.3246527777777778 0.876929012345679 0.328125 0.8761574074074074
1 0.3385416666666667 0.8697916666666666 0.33984375 0.8786651234567902 0.3435329861111111 0.8829089506172839 0.3485243055555556 0.8850308641975309 0.3630642361111111 0.8854166666666666 0.3628472222222222 0.8960262345679012 0.345703125 0.8940972222222222 0.3383246527777778 0.8954475308641975 0.3363715277777778 0.8885030864197531 0.3248697916666667 0.8767361111111112 0.3333333333333333 0.8777006172839507 0.3383246527777778 0.8697916666666666
1 0.7135416666666666 0.38425925925925924 0.7174479166666666 0.3869598765432099 0.7163628472222222 0.4012345679012346 0.7131076388888888 0.40914351851851855 0.7105034722222222 0.4104938271604938 0.7052951388888888 0.4077932098765432 0.7046440972222222 0.3900462962962963 0.7133246527777778 0.38425925925925924
1 0.5607638888888888 0.4893904320987654 0.5579427083333334 0.4870756172839506 0.5572916666666666 0.470679012345679 0.5640190972222222 0.4675925925925926 0.5674913194444444 0.4722222222222222 0.56640625 0.4876543209876543 0.5609809027777778 0.48919753086419754
1 0.6024305555555556 0.44058641975308643 0.6085069444444444 0.4461805555555556 0.6080729166666666 0.46412037037037035 0.6059027777777778 0.46662808641975306 0.5987413194444444 0.4654706790123457 0.5954861111111112 0.4677854938271605 0.591796875 0.44598765432098764 0.5952690972222222 0.4411651234567901 0.6022135416666666 0.44058641975308643
1 0.6336805555555556 0.4060570987654321 0.6655815972222222 0.4079861111111111 0.6692708333333334 0.41107253086419754 0.6681857638888888 0.41975308641975306 0.6651475694444444 0.4216820987654321 0.6577690972222222 0.4209104938271605 0.6510416666666666 0.42727623456790126 0.6380208333333334 0.4322916666666667 0.6310763888888888 0.42804783950617287 0.6293402777777778 0.4114583333333333 0.6302083333333334 0.4074074074074074 0.6334635416666666 0.40625
1 0.6831597222222222 0.3912037037037037 0.6898871527777778 0.3956404320987654 0.6896701388888888 0.40084876543209874 0.6723090277777778 0.41165123456790126 0.6647135416666666 0.4050925925925926 0.6566840277777778 0.4047067901234568 0.6577690972222222 0.39351851851851855 0.6666666666666666 0.3940972222222222 0.6603732638888888 0.39699074074074076 0.6612413194444444 0.40084876543209874 0.6647135416666666 0.40219907407407407 0.6681857638888888 0.39891975308641975 0.6716579861111112 0.40142746913580246 0.6783854166666666 0.39197530864197533 0.6829427083333334 0.3912037037037037
1 0.681640625 0.38290895061728397 0.6955295138888888 0.3871527777777778 0.6929253472222222 0.3913966049382716 0.6833767361111112 0.3923611111111111 0.6788194444444444 0.3915895061728395 0.6727430555555556 0.3869598765432099 0.6751302083333334 0.38213734567901236 0.6814236111111112 0.38290895061728397
1 0.6664496527777778 0.3902391975308642 0.6684027777777778 0.390625 0.671875 0.39988425925925924 0.6822916666666666 0.40412808641975306 0.671875 0.4112654320987654 0.6508246527777778 0.404320987654321 0.6564670138888888 0.3915895061728395 0.6662326388888888 0.3902391975308642
1 0.7016059027777778 0.3611111111111111 0.7096354166666666 0.36246141975308643 0.7065972222222222 0.3724922839506173 0.703125 0.3755787037037037 0.7000868055555556 0.3732638888888889 0.6957465277777778 0.3628472222222222 0.7013888888888888 0.3611111111111111
1 0.6512586805555556 0.38252314814814814 0.6549479166666666 0.3846450617283951 0.6579861111111112 0.390625 0.6560329861111112 0.404320987654321 0.6519097222222222 0.4060570987654321 0.6471354166666666 0.4050925925925926 0.6371527777777778 0.39274691358024694 0.6419270833333334 0.3836805555555556 0.6510416666666666 0.38252314814814814
1 0.6128472222222222 0.390625 0.6208767361111112 0.39467592592592593 0.6234809027777778 0.40046296296296297 0.6189236111111112 0.4182098765432099 0.6165364583333334 0.41898148148148145 0.6072048611111112 0.41608796296296297 0.603515625 0.4012345679012346 0.6091579861111112 0.3915895061728395 0.6126302083333334 0.390625
1 0.6614583333333334 0.3601466049382716 0.6640625 0.3626543209876543 0.6614583333333334 0.3761574074074074 0.6493055555555556 0.3628472222222222 0.6612413194444444 0.3601466049382716
1 0.4743923611111111 0.47820216049382713 0.4776475694444444 0.4809027777777778 0.4796006944444444 0.4878472222222222 0.4778645833333333 0.498070987654321 0.474609375 0.4998070987654321 0.4702690972222222 0.4982638888888889 0.4680989583333333 0.4878472222222222 0.4694010416666667 0.4807098765432099 0.4741753472222222 0.47820216049382713
1 0.6512586805555556 0.3680555555555556 0.025173611111111112 0.015817901234567902
1 0.640625 0.3599537037037037 0.6529947916666666 0.3626543209876543 0.6512586805555556 0.3697916666666667 0.6475694444444444 0.3726851851851852 0.6438802083333334 0.37094907407407407 0.6380208333333334 0.3626543209876543 0.6404079861111112 0.3601466049382716
1 0.5575086805555556 0.37982253086419754 0.5625 0.3836805555555556 0.5648871527777778 0.3904320987654321 0.5575086805555556 0.4060570987654321 0.5503472222222222 0.40046296296296297 0.5434027777777778 0.40489969135802467 0.5399305555555556 0.40412808641975306 0.5388454861111112 0.40142746913580246 0.5434027777777778 0.3861882716049383 0.5572916666666666 0.37982253086419754
1 0.6195746527777778 0.3402777777777778 0.6232638888888888 0.34510030864197533 0.626953125 0.36246141975308643 0.6234809027777778 0.36516203703703703 0.6156684027777778 0.3611111111111111 0.6091579861111112 0.3464506172839506 0.6128472222222222 0.33699845679012347 0.6161024305555556 0.33699845679012347 0.6193576388888888 0.3402777777777778
1 0.599609375 0.33198302469135804 0.6080729166666666 0.3422067901234568 0.6046006944444444 0.35223765432098764 0.5991753472222222 0.359375 0.5896267361111112 0.3551311728395062 0.5881076388888888 0.35204475308641975 0.5948350694444444 0.3350694444444444 0.5993923611111112 0.33198302469135804
1 0.7764756944444444 0.19695216049382716 0.7868923611111112 0.20621141975308643 0.7877604166666666 0.2170138888888889 0.79296875 0.22376543209876543 0.7838541666666666 0.22530864197530864 0.76953125 0.20679012345679013 0.7723524305555556 0.19945987654320987 0.7762586805555556 0.19695216049382716
1 0.3977864583333333 0.8429783950617284 0.400390625 0.8452932098765432 0.3962673611111111 0.8526234567901234 0.400390625 0.8599537037037037 0.3904079861111111 0.855516975308642 0.3860677083333333 0.8454861111111112 0.3871527777777778 0.8431712962962963 0.3975694444444444 0.8429783950617284
1 0.3600260416666667 0.8838734567901234 0.3648003472222222 0.8869598765432098 0.3650173611111111 0.8940972222222222 0.3628472222222222 0.8964120370370371 0.3489583333333333 0.8948688271604939 0.3459201388888889 0.8875385802469136 0.34765625 0.8850308641975309 0.3598090277777778 0.8838734567901234
1 0.2795138888888889 0.8823302469135802 0.2866753472222222 0.8859953703703703 0.2921006944444444 0.8940972222222222 0.2899305555555556 0.8979552469135802 0.2760416666666667 0.8971836419753086 0.2747395833333333 0.8935185185185185 0.279296875 0.8871527777777778 0.2795138888888889 0.8825231481481481
1 0.2690972222222222 0.8912037037037037 0.2771267361111111 0.8975694444444444 0.2797309027777778 0.9158950617283951 0.2697482638888889 0.9149305555555556 0.263671875 0.9047067901234568 0.263671875 0.8973765432098766 0.2688802083333333 0.8913966049382716
1 0.17860243055555555 0.9872685185185185 0.17686631944444445 0.970679012345679 0.18294270833333334 0.9606481481481481 0.1892361111111111 0.9637345679012346 0.19205729166666666 0.970679012345679 0.1879340277777778 0.9810956790123457 0.18272569444444445 0.9870756172839507 0.17881944444444445 0.9872685185185185
1 0.216796875 0.8821373456790124 0.220703125 0.8832947530864198 0.22395833333333334 0.890625 0.21354166666666666 0.9076003086419753 0.20182291666666666 0.9039351851851852 0.19856770833333334 0.8912037037037037 0.203125 0.8823302469135802 0.20638020833333334 0.8811728395061729 0.2124565972222222 0.8850308641975309 0.216796875 0.8823302469135802
1 0.171875 0.8805941358024691 0.19401041666666666 0.8904320987654321 0.1892361111111111 0.8971836419753086 0.18424479166666666 0.8983410493827161 0.16471354166666666 0.8912037037037037 0.154296875 0.8996913580246914 0.1519097222222222 0.8989197530864198 0.1501736111111111 0.8940972222222222 0.15364583333333334 0.8859953703703703 0.16145833333333334 0.8807870370370371 0.1716579861111111 0.8805941358024691
1 0.11653645833333333 0.9608410493827161 0.1208767361111111 0.9633487654320988 0.12565104166666666 0.9724151234567902 0.1312934027777778 0.9772376543209876 0.1304253472222222 0.9797453703703703 0.1252170138888889 0.9791666666666666 0.11957465277777778 0.9832175925925926 0.11436631944444445 0.9809027777777778 0.11241319444444445 0.9708719135802469 0.11263020833333333 0.9627700617283951 0.11631944444444445 0.9608410493827161
1 0.14453125 0.8767361111111112 0.1545138888888889 0.8825231481481481 0.1703559027777778 0.8802083333333334 0.1814236111111111 0.8834876543209876 0.19444444444444445 0.890625 0.1859809027777778 0.8983410493827161 0.16471354166666666 0.8913966049382716 0.154296875 0.9004629629629629 0.1408420138888889 0.9045138888888888 0.13151041666666666 0.9008487654320988 0.13606770833333334 0.8802083333333334 0.1443142361111111 0.8767361111111112
1 0.4825303819444444 0.48032407407407407 0.011501736111111112 0.02044753086419753
1 0.5779079861111112 0.38387345679012347 0.5844184027777778 0.3873456790123457 0.5872395833333334 0.3939043209876543 0.5872395833333334 0.40489969135802467 0.5813802083333334 0.41261574074074076 0.5766059027777778 0.4122299382716049 0.5668402777777778 0.39448302469135804 0.5709635416666666 0.38773148148148145 0.5776909722222222 0.38406635802469136
1 0.5581597222222222 0.3794367283950617 0.5631510416666666 0.38387345679012347 0.5655381944444444 0.3910108024691358 0.560546875 0.4039351851851852 0.5572916666666666 0.40625 0.5536024305555556 0.404320987654321 0.5523003472222222 0.39699074074074076 0.5542534722222222 0.3836805555555556 0.5579427083333334 0.3794367283950617
1 0.5815972222222222 0.2957175925925926 0.5874565972222222 0.2970679012345679 0.5920138888888888 0.3107638888888889 0.5885416666666666 0.3107638888888889 0.58203125 0.30401234567901236 0.5746527777777778 0.30844907407407407 0.5709635416666666 0.30767746913580246 0.5737847222222222 0.2978395061728395 0.5813802083333334 0.2957175925925926
1 0.4534505208333333 0.28115354938271603 0.016276041666666668 0.026813271604938273
1 0.3224826388888889 0.4724151234567901 0.3285590277777778 0.47550154320987653 0.330078125 0.4799382716049383 0.3270399305555556 0.4947916666666667 0.314453125 0.49691358024691357 0.3120659722222222 0.49459876543209874 0.3129340277777778 0.4809027777777778 0.3168402777777778 0.47453703703703703 0.322265625 0.4724151234567901
1 0.3259548611111111 0.34239969135802467 0.3307291666666667 0.34837962962962965 0.3292100694444444 0.3663194444444444 0.3213975694444444 0.36477623456790126 0.3185763888888889 0.3559027777777778 0.3200954861111111 0.345679012345679 0.3257378472222222 0.34239969135802467
1 0.4390190972222222 0.2638888888888889 0.4424913194444444 0.2640817901234568 0.4479166666666667 0.27179783950617287 0.447265625 0.29031635802469136 0.4427083333333333 0.2945601851851852 0.4342447916666667 0.2762345679012346 0.4353298611111111 0.26871141975308643 0.4390190972222222 0.2640817901234568
1 0.373046875 0.26003086419753085 0.3773871527777778 0.2650462962962963 0.3782552083333333 0.27237654320987653 0.3726128472222222 0.28414351851851855 0.3669704861111111 0.28665123456790126 0.3634982638888889 0.2689043209876543 0.3695746527777778 0.26003086419753085 0.3728298611111111 0.26003086419753085
1 0.6189236111111112 0.18132716049382716 0.6232638888888888 0.19328703703703703 0.6098090277777778 0.19251543209876543 0.5989583333333334 0.20119598765432098 0.5948350694444444 0.18981481481481483 0.5902777777777778 0.1865354938271605 0.5815972222222222 0.18460648148148148 0.6187065972222222 0.18132716049382716
1 0.3582899305555556 0.17689043209876543 0.020399305555555556 0.013503086419753086
1 0.3385416666666667 0.1574074074074074 0.341796875 0.1574074074074074 0.3433159722222222 0.16608796296296297 0.3498263888888889 0.1724537037037037 0.3519965277777778 0.17862654320987653 0.3487413194444444 0.18267746913580246 0.341796875 0.18287037037037038 0.3365885416666667 0.17341820987654322 0.3279079861111111 0.16531635802469136 0.328125 0.16300154320987653 0.3359375 0.16454475308641975 0.3385416666666667 0.1576003086419753
1 0.12999131944444445 0.8688271604938271 0.13780381944444445 0.8751929012345679 0.14952256944444445 0.8767361111111112 0.15559895833333334 0.8809799382716049 0.15364583333333334 0.8912037037037037 0.1545138888888889 0.8940972222222222 0.15907118055555555 0.8939043209876543 0.15711805555555555 0.8973765432098766 0.140625 0.9070216049382716 0.12890625 0.9010416666666666 0.1323784722222222 0.8940972222222222 0.13346354166666666 0.8838734567901234 0.12630208333333334 0.8697916666666666 0.12977430555555555 0.8688271604938271
1 0.12803819444444445 0.8678626543209876 0.1362847222222222 0.8728780864197531 0.15169270833333334 0.8767361111111112 0.1564670138888889 0.8800154320987654 0.14756944444444445 0.8910108024691358 0.1410590277777778 0.8869598765432098 0.1369357638888889 0.8892746913580247 0.13563368055555555 0.8834876543209876 0.1273871527777778 0.8748070987654321 0.12586805555555555 0.8692129629629629 0.12782118055555555 0.8678626543209876
1 0.10590277777777778 0.8290895061728395 0.1130642361111111 0.8315972222222222 0.11284722222222222 0.8360339506172839 0.10221354166666667 0.8331404320987654 0.10221354166666667 0.8292824074074074 0.1056857638888889 0.8290895061728395
1 0.12586805555555555 0.8759645061728395 0.13194444444444445 0.8802083333333334 0.13172743055555555 0.890625 0.12369791666666667 0.8977623456790124 0.11328125 0.8996913580246914 0.10590277777777778 0.8975694444444444 0.10655381944444445 0.886766975308642 0.10460069444444445 0.8836805555555556 0.119140625 0.8767361111111112 0.12565104166666666 0.8759645061728395
1 0.09223090277777778 0.8780864197530864 0.10850694444444445 0.8823302469135802 0.11653645833333333 0.878858024691358 0.126953125 0.8784722222222222 0.1304253472222222 0.8802083333333334 0.13194444444444445 0.890625 0.1232638888888889 0.8981481481481481 0.1130642361111111 0.9014274691358025 0.09874131944444445 0.9020061728395061 0.08832465277777778 0.9060570987654321 0.08485243055555555 0.9060570987654321 0.0837673611111111 0.8996913580246914 0.08854166666666667 0.8802083333333334 0.0920138888888889 0.8780864197530864
1 0.1890190972222222 0.26099537037037035 0.19422743055555555 0.2658179012345679 0.19444444444444445 0.27334104938271603 0.189453125 0.2845293209876543 0.18250868055555555 0.28954475308641975 0.1799045138888889 0.28587962962962965 0.18033854166666666 0.2692901234567901 0.18467881944444445 0.2621527777777778 0.18880208333333334 0.26099537037037035
1 0.341796875 0.1570216049382716 0.3433159722222222 0.16531635802469136 0.3485243055555556 0.1701388888888889 0.36328125 0.1701388888888889 0.3674045138888889 0.1720679012345679 0.3671875 0.18209876543209877 0.3569878472222222 0.18190586419753085 0.3556857638888889 0.18942901234567902 0.3515625 0.1853780864197531 0.3420138888888889 0.18344907407407407 0.3363715277777778 0.1730324074074074 0.3276909722222222 0.16493055555555555 0.328125 0.16261574074074073 0.3355034722222222 0.16454475308641975 0.3385416666666667 0.1572145061728395 0.3415798611111111 0.1570216049382716
1 0.2725694444444444 0.18190586419753085 0.2795138888888889 0.1876929012345679 0.2829861111111111 0.2029320987654321 0.2810329861111111 0.2056327160493827 0.2762586805555556 0.2065972222222222 0.2725694444444444 0.20543981481481483 0.2660590277777778 0.19347993827160495 0.267578125 0.1849922839506173 0.2723524305555556 0.18190586419753085
1 0.283203125 0.1705246913580247 0.2921006944444444 0.17901234567901234 0.2938368055555556 0.18557098765432098 0.2797309027777778 0.1871141975308642 0.2775607638888889 0.18229166666666666 0.2829861111111111 0.1705246913580247
1 0.2209201388888889 0.17592592592592593 0.22591145833333334 0.1857638888888889 0.21571180555555555 0.20158179012345678 0.21028645833333334 0.1996527777777778 0.2092013888888889 0.19598765432098766 0.2150607638888889 0.17881944444444445 0.220703125 0.17592592592592593
1 0.2068142361111111 0.17573302469135801 0.21223958333333334 0.17881944444444445 0.2146267361111111 0.18325617283950618 0.2111545138888889 0.19733796296296297 0.2068142361111111 0.20081018518518517 0.2029079861111111 0.19926697530864199 0.19921875 0.1865354938271605 0.2065972222222222 0.17573302469135801
1 0.7970920138888888 0 0.8036024305555556 0 0.8107638888888888 0.009259259259259259 0.8120659722222222 0.017939814814814815 0.8111979166666666 0.022376543209876542 0.8070746527777778 0.026041666666666668 0.802734375 0.025848765432098766 0.7951388888888888 0.015432098765432098 0.7923177083333334 0.005208333333333333 0.7970920138888888 0.00019290123456790122
1 0.7690972222222222 0 0.7934027777777778 0 0.7947048611111112 0.004629629629629629 0.7940538194444444 0.015625 0.7881944444444444 0.01832561728395062 0.7866753472222222 0.022569444444444444 0.7827690972222222 0.022569444444444444 0.7684461805555556 0.008680555555555556 0.7669270833333334 0.005015432098765432 0.7690972222222222 0.00019290123456790122
1 0.7118055555555556 0 0.7265625 0 0.7341579861111112 0.005208333333333333 0.7341579861111112 0.008487654320987654 0.7272135416666666 0.007908950617283951 0.7202690972222222 0.010030864197530864 0.716796875 0.008487654320987654 0.7118055555555556 0.00019290123456790122
1 0.7033420138888888 0 0.7272135416666666 0 0.7339409722222222 0.005015432098765432 0.7337239583333334 0.008101851851851851 0.7200520833333334 0.010030864197530864 0.7133246527777778 0.003279320987654321 0.7033420138888888 0.00019290123456790122
1 0.6896701388888888 0 0.6996527777777778 0 0.697265625 0.0055941358024691355 0.6927083333333334 0.008873456790123456 0.6892361111111112 0.006944444444444444 0.6896701388888888 0.00019290123456790122
1 0.6896701388888888 0 0.6994357638888888 0 0.6974826388888888 0.005208333333333333 0.6931423611111112 0.008680555555555556 0.6892361111111112 0.006751543209876543 0.6896701388888888 0.00019290123456790122
1 0.1252170138888889 0.9000771604938271 0.13346354166666666 0.9002700617283951 0.140625 0.902391975308642 0.1421440972222222 0.9048996913580247 0.13736979166666666 0.9164737654320988 0.1286892361111111 0.9251543209876543 0.12434895833333333 0.9263117283950617 0.11870659722222222 0.9253472222222222 0.1130642361111111 0.9172453703703703 0.10047743055555555 0.9149305555555556 0.0978732638888889 0.9114583333333334 0.10590277777777778 0.9014274691358025 0.125 0.9000771604938271
1 0.12022569444444445 0.2681327160493827 0.1362847222222222 0.2862654320987654 0.1265190972222222 0.2856867283950617 0.123046875 0.29050925925925924 0.11827256944444445 0.28973765432098764 0.11436631944444445 0.27276234567901236 0.11631944444444445 0.26851851851851855 0.12000868055555555 0.2681327160493827
1 0.1755642361111111 0.17862654320987653 0.1918402777777778 0.18518518518518517 0.19249131944444445 0.1892361111111111 0.1892361111111111 0.19521604938271606 0.1857638888888889 0.19560185185185186 0.1779513888888889 0.19135802469135801 0.16536458333333334 0.19039351851851852 0.15559895833333334 0.1996527777777778 0.1508246527777778 0.2010030864197531 0.14539930555555555 0.19888117283950618 0.14973958333333334 0.19598765432098766 0.15342881944444445 0.1865354938271605 0.1586371527777778 0.18094135802469136 0.16710069444444445 0.17804783950617284 0.1753472222222222 0.17862654320987653
1 0.1371527777777778 0.19791666666666666 0.14388020833333334 0.2033179012345679 0.1408420138888889 0.21373456790123457 0.13172743055555555 0.22743055555555555 0.1228298611111111 0.22974537037037038 0.11588541666666667 0.22202932098765432 0.10221354166666667 0.2204861111111111 0.09917534722222222 0.21682098765432098 0.10611979166666667 0.2048611111111111 0.1306423611111111 0.2023533950617284 0.1369357638888889 0.19810956790123457
1 0.3923611111111111 0.1253858024691358 0.4027777777777778 0.1263503086419753 0.3988715277777778 0.13290895061728394 0.4034288194444444 0.140625 0.4012586805555556 0.14293981481481483 0.3917100694444444 0.13695987654320987 0.3880208333333333 0.12654320987654322 0.3921440972222222 0.1253858024691358
1 0.12999131944444445 0.1697530864197531 0.13780381944444445 0.1743827160493827 0.15928819444444445 0.17862654320987653 0.15494791666666666 0.1892361111111111 0.15516493055555555 0.19212962962962962 0.158203125 0.19251543209876543 0.15559895833333334 0.19945987654320987 0.1443142361111111 0.2029320987654321 0.1365017361111111 0.2021604938271605 0.1349826388888889 0.1849922839506173 0.1273871527777778 0.1722608024691358 0.12977430555555555 0.16994598765432098
1 0.130859375 0.17033179012345678 0.13758680555555555 0.17457561728395063 0.16145833333333334 0.17978395061728394 0.1684027777777778 0.17785493827160495 0.1818576388888889 0.18016975308641975 0.1916232638888889 0.1857638888888889 0.1890190972222222 0.19425154320987653 0.17860243055555555 0.19077932098765432 0.16471354166666666 0.19039351851851852 0.15625 0.1996527777777778 0.15104166666666666 0.2013888888888889 0.1440972222222222 0.2010030864197531 0.1371527777777778 0.19560185185185186 0.1351996527777778 0.18248456790123457 0.1291232638888889 0.17766203703703703 0.126953125 0.171875 0.1306423611111111 0.17033179012345678
1 0.12825520833333334 0.17727623456790123 0.1345486111111111 0.18248456790123457 0.1332465277777778 0.19251543209876543 0.12586805555555555 0.20003858024691357 0.11783854166666667 0.2033179012345679 0.107421875 0.2021604938271605 0.10807291666666667 0.18904320987654322 0.11436631944444445 0.18209876543209877 0.12803819444444445 0.17727623456790123
1 0.4568142361111111 0.09182098765432099 0.4602864583333333 0.0933641975308642 0.4644097222222222 0.10590277777777778 0.4529079861111111 0.12422839506172839 0.4494357638888889 0.12307098765432099 0.4476996527777778 0.11400462962962964 0.4513888888888889 0.09529320987654322 0.4565972222222222 0.09182098765432099
1 0.4496527777777778 0.0941358024691358 0.453125 0.09799382716049383 0.451171875 0.11072530864197531 0.4483506944444444 0.11786265432098765 0.4396701388888889 0.12384259259259259 0.4357638888888889 0.12307098765432099 0.4375 0.10281635802469136 0.4429253472222222 0.09587191358024691 0.4494357638888889 0.0941358024691358
1 0.2775607638888889 0.09220679012345678 0.2853732638888889 0.09799382716049383 0.2890625 0.10590277777777778 0.2881944444444444 0.1097608024691358 0.2808159722222222 0.11786265432098765 0.279296875 0.12403549382716049 0.2760416666666667 0.1255787037037037 0.2723524305555556 0.12094907407407407 0.2647569444444444 0.12287808641975309 0.2593315972222222 0.12172067901234568 0.2582465277777778 0.11940586419753087 0.26171875 0.11496913580246913 0.2632378472222222 0.10590277777777778 0.271484375 0.0933641975308642 0.27734375 0.09220679012345678
1 0.12825520833333334 0.17920524691358025 0.1330295138888889 0.18229166666666666 0.13346354166666666 0.1849922839506173 0.12999131944444445 0.19637345679012347 0.11653645833333333 0.2042824074074074 0.09830729166666667 0.20736882716049382 0.08832465277777778 0.21296296296296297 0.08485243055555555 0.21257716049382716 0.0842013888888889 0.20871913580246915 0.09114583333333333 0.18479938271604937 0.1095920138888889 0.1857638888888889 0.11631944444444445 0.18190586419753085 0.12803819444444445 0.17920524691358025
1 0.1469184027777778 0.12982253086419754 0.14713541666666666 0.13348765432098766 0.13780381944444445 0.1388888888888889 0.13411458333333334 0.14544753086419754 0.12217881944444445 0.13676697530864199 0.1213107638888889 0.13368055555555555 0.12760416666666666 0.13020833333333334 0.1467013888888889 0.12982253086419754
1 0.11024305555555555 0.13059413580246915 0.11284722222222222 0.13445216049382716 0.10611979166666667 0.13753858024691357 0.1015625 0.13695987654320987 0.099609375 0.13329475308641975 0.10243055555555555 0.13078703703703703 0.11002604166666667 0.13059413580246915
1 0.068359375 0.13290895061728394 0.08268229166666667 0.13348765432098766 0.08116319444444445 0.1545138888888889 0.078125 0.16550925925925927 0.07465277777777778 0.16859567901234568 0.06966145833333333 0.16512345679012347 0.0685763888888889 0.15181327160493827 0.05859375 0.14429012345679013 0.060546875 0.13464506172839505 0.0681423611111111 0.13290895061728394
1 0.12369791666666667 0.8346836419753086 0.1247829861111111 0.8383487654320988 0.12890625 0.8404706790123457 0.13411458333333334 0.8454861111111112 0.138671875 0.8389274691358025 0.14583333333333334 0.8364197530864198 0.14756944444444445 0.8350694444444444 0.14756944444444445 0.8341049382716049 0.14713541666666666 0.8329475308641975 0.14518229166666666 0.831983024691358 0.1325954861111111 0.8314043209876543 0.1265190972222222 0.8321759259259259
1 0.6577690972222222 0.6280864197530864 0.6573350694444444 0.6300154320987654 0.6586371527777778 0.6305941358024691 0.6766493055555556 0.6278935185185185 0.6825086805555556 0.6280864197530864 0.6848958333333334 0.6265432098765432 0.6820746527777778 0.6205632716049383 0.6794704861111112 0.6194058641975309 0.6749131944444444 0.6190200617283951 0.6692708333333334 0.6207561728395061 0.6651475694444444 0.6238425925925926 0.6588541666666666 0.6263503086419753
1 0.4060329861111111 0.4112654320987654 0.4058159722222222 0.4149305555555556 0.41109288194444443 0.4159373070987654 0.41015625 0.41782407407407407 0.4223090277777778 0.4216820987654321 0.4229600694444444 0.4182098765432099 0.4186197916666667 0.41435185185185186 0.4103732638888889 0.4112654320987654
1 0.3895399305555556 0.4114583333333333 0.38671875 0.41473765432098764 0.3871527777777778 0.4185956790123457 0.3940972222222222 0.41724537037037035 0.396484375 0.41473765432098764 0.3971354166666667 0.41242283950617287 0.3986545138888889 0.4114583333333333 0.3947482638888889 0.4104938271604938
1 0.4301215277777778 0.45794753086419754 0.4296875 0.4600694444444444 0.4314236111111111 0.46141975308641975 0.4348958333333333 0.46141975308641975 0.4364149305555556 0.4600694444444444 0.4366319444444444 0.4565972222222222 0.4357638888888889 0.4556327160493827 0.4320746527777778 0.4556327160493827
1 0.4346788194444444 0.8240740740740741 0.4340277777777778 0.8422067901234568 0.4361979166666667 0.84375 0.4401041666666667 0.8425925925925926 0.4448784722222222 0.8375771604938271 0.4468315972222222 0.8342978395061729 0.4476996527777778 0.8314043209876543 0.4481336805555556 0.8204089506172839 0.4490017361111111 0.8180941358024691 0.4476996527777778 0.8148148148148148 0.4463975694444444 0.8140432098765432 0.4427083333333333 0.8146219135802469 0.4392361111111111 0.8165509259259259 0.435546875 0.8209876543209876
1 0.4498697916666667 0.8142361111111112 0.4496527777777778 0.8157793209876543 0.4468315972222222 0.8177083333333334 0.4481336805555556 0.8202160493827161 0.4483506944444444 0.8265542052469136 0.4483506944444444 0.8317901234567902 0.4470486111111111 0.8346836419753086 0.4470486111111111 0.8389274691358025 0.4494357638888889 0.8454861111111112 0.4509548611111111 0.8435570987654321 0.4522569444444444 0.8393132716049383 0.4600694444444444 0.8302469135802469 0.4622395833333333 0.8252314814814815 0.4615885416666667 0.8211805555555556 0.4578993055555556 0.8130787037037037 0.4565972222222222 0.8119212962962963 0.453125 0.8119212962962963
1 0.2717013888888889 0.8161651234567902 0.2717013888888889 0.8246527777777778 0.2725694444444444 0.8269675925925926 0.2748819444444444 0.8414863040123457 0.2787862413194444 0.8367158564814815 0.2804943576388889 0.8312949459876543 0.2864583333333333 0.8244598765432098 0.2881944444444444 0.8211805555555556 0.2877604166666667 0.8177083333333334 0.2860243055555556 0.8134645061728395 0.2829861111111111 0.8101851851851852 0.2788628472222222 0.8094135802469136 0.2760416666666667 0.8119212962962963 0.2732204861111111 0.8126929012345679
1 0.2580295138888889 0.8314043209876543 0.2575954861111111 0.8348765432098766 0.2588975694444444 0.8352623456790124 0.2643229166666667 0.8348765432098766 0.2697482638888889 0.8315972222222222 0.2721354166666667 0.8223379629629629 0.2719184027777778 0.8150077160493827 0.2777777777777778 0.8076774691358025 0.2758246527777778 0.8043981481481481 0.2725694444444444 0.8045910493827161 0.2645399305555556 0.8142361111111112 0.2615017361111111 0.8206018518518519 0.2610677083333333 0.828125