1 0.7732204861111112 0.9087577160493827 0.7810329861111112 0.9149305555555556 0.7845052083333334 0.9288194444444444 0.7899305555555556 0.935570987654321 0.7797309027777778 0.9359567901234568 0.7658420138888888 0.9184027777777778 0.7682291666666666 0.9112654320987654 0.7730034722222222 0.9087577160493827
1 0.7970920138888888 0.7137345679012346 0.8064236111111112 0.7204861111111112 0.8079427083333334 0.7245370370370371 0.8077256944444444 0.7353395061728395 0.8005642361111112 0.7413194444444444 0.7925347222222222 0.7310956790123457 0.7901475694444444 0.7239583333333334 0.7918836805555556 0.7172067901234568 0.796875 0.7137345679012346
1 0.7862413194444444 0.7112268518518519 0.7907986111111112 0.716820987654321 0.7907986111111112 0.734375 0.7829861111111112 0.7351466049382716 0.7771267361111112 0.7204861111111112 0.7786458333333334 0.7135416666666666 0.7860243055555556 0.7114197530864198
1 0.6156684027777778 0.8991126543209876 0.6195746527777778 0.9104938271604939 0.60546875 0.9095293209876543 0.5954861111111112 0.9182098765432098 0.5913628472222222 0.9070216049382716 0.5776909722222222 0.9010416666666666 0.6154513888888888 0.8991126543209876
1 0.7723524305555556 0.7104552469135802 0.7775607638888888 0.7135416666666666 0.7834201388888888 0.7372685185185185 0.7827690972222222 0.7395833333333334 0.7758246527777778 0.7368827160493827 0.7638888888888888 0.7239583333333334 0.7641059027777778 0.7172067901234568 0.7723524305555556 0.7106481481481481
1 0.7078993055555556 0.7038966049382716 0.7161458333333334 0.7098765432098766 0.7211371527777778 0.7193287037037037 0.7311197916666666 0.7237654320987654 0.7222222222222222 0.7253086419753086 0.7174479166666666 0.7283950617283951 0.7005208333333334 0.7135416666666666 0.6998697916666666 0.7065972222222222 0.703125 0.7033179012345679 0.7076822916666666 0.7038966049382716
1 0.6931423611111112 0.7052469135802469 0.6976996527777778 0.7067901234567902 0.701171875 0.7137345679012346 0.6898871527777778 0.7272376543209876 0.6861979166666666 0.7260802469135802 0.6825086805555556 0.7133487654320988 0.6857638888888888 0.7079475308641975 0.6929253472222222 0.7052469135802469
1 0.8630642361111112 0.4816743827160494 0.8648003472222222 0.484375 0.8598090277777778 0.4893904320987654 0.8548177083333334 0.4876543209876543 0.8580729166666666 0.48225308641975306 0.8628472222222222 0.4816743827160494
1 0.7864583333333334 0.4868827160493827 0.7862413194444444 0.4972993827160494 0.7723524305555556 0.4957561728395062 0.7760416666666666 0.4878472222222222 0.7862413194444444 0.4868827160493827
1 0.4359809027777778 0.9764660493827161 0.4435763888888889 0.9814814814814815 0.4568142361111111 0.9809027777777778 0.4565972222222222 0.9899691358024691 0.4500868055555556 0.9998070987654321 0.4342447916666667 0.9998070987654321 0.4296875 0.9841820987654321 0.4357638888888889 0.9764660493827161
1 0.3665364583333333 0.9693287037037037 0.3743489583333333 0.9760802469135802 0.375 0.9810956790123457 0.3689236111111111 0.9944058641975309 0.3628472222222222 0.9967206790123457 0.359375 0.9787808641975309 0.3663194444444444 0.9693287037037037
1 0.4463975694444444 0.8140432098765432 0.4498697916666667 0.8175154320987654 0.4487847222222222 0.8314043209876543 0.4440104166666667 0.8395061728395061 0.4372829861111111 0.84375 0.4338107638888889 0.8420138888888888 0.435546875 0.8211805555555556 0.4420572916666667 0.8142361111111112 0.4461805555555556 0.8140432098765432
1 0.5885416666666666 0.6161265432098766 0.6165364583333334 0.6176697530864198 0.6208767361111112 0.6195987654320988 0.6163194444444444 0.6309799382716049 0.609375 0.6253858024691358 0.6065538194444444 0.6369598765432098 0.6024305555555556 0.6385030864197531 0.583984375 0.6197916666666666 0.5852864583333334 0.6165123456790124 0.5883246527777778 0.6161265432098766
1 0.703125 0.47415123456790126 0.7063802083333334 0.4799382716049383 0.7068142361111112 0.49054783950617287 0.7105034722222222 0.4947916666666667 0.7100694444444444 0.498070987654321 0.70703125 0.4992283950617284 0.6974826388888888 0.4949845679012346 0.6955295138888888 0.48051697530864196 0.6994357638888888 0.47453703703703703 0.7029079861111112 0.47415123456790126
1 0.6857638888888888 0.47781635802469136 0.6903211805555556 0.48051697530864196 0.6905381944444444 0.498070987654321 0.6822916666666666 0.4988425925925926 0.6805555555555556 0.49710648148148145 0.6801215277777778 0.4845679012345679 0.685546875 0.47800925925925924
1 0.6432291666666666 0.4691358024691358 0.6493055555555556 0.4845679012345679 0.6419270833333334 0.49054783950617287 0.6297743055555556 0.47685185185185186 0.6330295138888888 0.4702932098765432 0.6404079861111112 0.4662422839506173 0.6430121527777778 0.4691358024691358
1 0.6209852430555556 0.4849537037037037 0.011935763888888888 0.022376543209876542
1 0.5885416666666666 0.47588734567901236 0.5987413194444444 0.4791666666666667 0.6004774305555556 0.484375 0.5987413194444444 0.48746141975308643 0.58984375 0.49093364197530864 0.587890625 0.498070987654321 0.5852864583333334 0.4992283950617284 0.5798611111111112 0.4947916666666667 0.5796440972222222 0.4837962962962963 0.5826822916666666 0.47762345679012347 0.5883246527777778 0.47588734567901236
1 0.7239583333333334 0.3861882716049383 0.7263454861111112 0.3921682098765432 0.7239583333333334 0.4114583333333333 0.7152777777777778 0.4010416666666667 0.7172309027777778 0.3871527777777778 0.7237413194444444 0.3861882716049383
1 0.3383246527777778 0.8701774691358025 0.3396267361111111 0.8782793209876543 0.3474392361111111 0.8858024691358025 0.3511284722222222 0.8940972222222222 0.3452690972222222 0.8967978395061729 0.3385416666666667 0.8956404320987654 0.3361545138888889 0.8875385802469136 0.3272569444444444 0.8767361111111112 0.328125 0.8746141975308642 0.3328993055555556 0.8751929012345679 0.3381076388888889 0.8703703703703703
1 0.7163628472222222 0.3869598765432099 0.7141927083333334 0.4039351851851852 0.7105034722222222 0.41030092592592593 0.7052951388888888 0.4077932098765432 0.7042100694444444 0.3898533950617284 0.7120225694444444 0.38483796296296297 0.7161458333333334 0.3869598765432099
1 0.7133246527777778 0.38387345679012347 0.7183159722222222 0.3871527777777778 0.7170138888888888 0.4012345679012346 0.7131076388888888 0.40933641975308643 0.7065972222222222 0.40933641975308643 0.7048611111111112 0.4045138888888889 0.705078125 0.3902391975308642 0.7131076388888888 0.38406635802469136
1 0.5640190972222222 0.46739969135802467 0.5674913194444444 0.47183641975308643 0.5672743055555556 0.484375 0.5661892361111112 0.4878472222222222 0.5611979166666666 0.48919753086419754 0.5581597222222222 0.4876543209876543 0.556640625 0.4737654320987654 0.5575086805555556 0.4704861111111111 0.5638020833333334 0.46739969135802467
1 0.6028645833333334 0.4409722222222222 0.6085069444444444 0.44637345679012347 0.6076388888888888 0.4650848765432099 0.6059027777777778 0.46662808641975306 0.5987413194444444 0.4650848765432099 0.595703125 0.4677854938271605 0.591796875 0.44637345679012347 0.5952690972222222 0.44135802469135804 0.6026475694444444 0.4409722222222222
1 0.6360677083333334 0.4066358024691358 0.662109375 0.4068287037037037 0.6694878472222222 0.4114583333333333 0.6677517361111112 0.42052469135802467 0.6560329861111112 0.4220679012345679 0.640625 0.43287037037037035 0.6315104166666666 0.42862654320987653 0.6299913194444444 0.4209104938271605 0.6299913194444444 0.4077932098765432 0.6358506944444444 0.4066358024691358
1 0.6766493055555556 0.38252314814814814 0.6953125 0.3869598765432099 0.6927083333333334 0.3912037037037037 0.68359375 0.39197530864197533 0.6733940972222222 0.38753858024691357 0.6729600694444444 0.3836805555555556 0.6764322916666666 0.38252314814814814
1 0.6827256944444444 0.3904320987654321 0.6905381944444444 0.39621913580246915 0.6898871527777778 0.40065586419753085 0.6720920138888888 0.41165123456790126 0.6647135416666666 0.4050925925925926 0.6575520833333334 0.4050925925925926 0.6579861111111112 0.3950617283950617 0.6610243055555556 0.40239197530864196 0.6647135416666666 0.4029706790123457 0.6681857638888888 0.39911265432098764 0.6716579861111112 0.4012345679012346 0.6786024305555556 0.3913966049382716 0.6825086805555556 0.3904320987654321
1 0.6614583333333334 0.3900462962962963 0.6684027777777778 0.39197530864197533 0.6714409722222222 0.4002700617283951 0.6740451388888888 0.40142746913580246 0.6751302083333334 0.4077932098765432 0.6681857638888888 0.41165123456790126 0.6510416666666666 0.404320987654321 0.6569010416666666 0.39197530864197533 0.6612413194444444 0.3902391975308642
1 0.7000868055555556 0.36072530864197533 0.7100694444444444 0.3626543209876543 0.7063802083333334 0.373070987654321 0.703125 0.3759645061728395 0.6957465277777778 0.3630401234567901 0.6961805555555556 0.3611111111111111 0.6998697916666666 0.36072530864197533
1 0.6510416666666666 0.38252314814814814 0.6590711805555556 0.390625 0.6560329861111112 0.404320987654321 0.6514756944444444 0.4058641975308642 0.6471354166666666 0.4047067901234568 0.6373697916666666 0.3921682098765432 0.6423611111111112 0.3836805555555556 0.6508246527777778 0.38252314814814814
1 0.6139322916666666 0.3915895061728395 0.62109375 0.3950617283950617 0.6234809027777778 0.40084876543209874 0.6189236111111112 0.4174382716049383 0.6163194444444444 0.41878858024691357 0.6076388888888888 0.41628086419753085 0.603515625 0.4010416666666667 0.6091579861111112 0.3915895061728395 0.6137152777777778 0.3915895061728395
1 0.6627604166666666 0.36072530864197533 0.6644965277777778 0.3636188271604938 0.6614583333333334 0.3775077160493827 0.6519097222222222 0.36747685185185186 0.6501736111111112 0.3626543209876543 0.6625434027777778 0.36072530864197533
1 0.4743923611111111 0.47820216049382713 0.4787326388888889 0.4837962962962963 0.4793836805555556 0.49112654320987653 0.4774305555555556 0.4982638888888889 0.4741753472222222 0.4998070987654321 0.4704861111111111 0.498070987654321 0.4683159722222222 0.4880401234567901 0.4694010416666667 0.4809027777777778 0.4741753472222222 0.47820216049382713
1 0.484375 0.4699074074074074 0.4878472222222222 0.4809027777777778 0.4854600694444444 0.48900462962962965 0.4811197916666667 0.49074074074074076 0.4769965277777778 0.47723765432098764 0.4806857638888889 0.4712577160493827 0.4841579861111111 0.4699074074074074
1 0.6480034722222222 0.3603395061728395 0.6634114583333334 0.3616898148148148 0.6614583333333334 0.3765432098765432 0.6545138888888888 0.36863425925925924 0.6475694444444444 0.3724922839506173 0.6434461805555556 0.3697916666666667 0.6388888888888888 0.3626543209876543 0.6477864583333334 0.3603395061728395
1 0.6410590277777778 0.3599537037037037 0.6532118055555556 0.3628472222222222 0.6512586805555556 0.3697916666666667 0.6475694444444444 0.3726851851851852 0.6380208333333334 0.3626543209876543 0.6408420138888888 0.3599537037037037
1 0.5783420138888888 0.38329475308641975 0.5848524305555556 0.3873456790123457 0.5870225694444444 0.39351851851851855 0.5863715277777778 0.4050925925925926 0.5783420138888888 0.4131944444444444 0.5668402777777778 0.3942901234567901 0.5681423611111112 0.390625 0.578125 0.38329475308641975
1 0.5579427083333334 0.37962962962962965 0.5631510416666666 0.38387345679012347 0.5655381944444444 0.3912037037037037 0.560546875 0.40316358024691357 0.5572916666666666 0.4058641975308642 0.5536024305555556 0.404320987654321 0.5523003472222222 0.39718364197530864 0.5542534722222222 0.38348765432098764 0.5577256944444444 0.37962962962962965
1 0.5572916666666666 0.38155864197530864 0.5611979166666666 0.3836805555555556 0.5581597222222222 0.3904320987654321 0.5614149305555556 0.39371141975308643 0.5603298611111112 0.39795524691358025 0.5568576388888888 0.39351851851851855 0.5572916666666666 0.40489969135802467 0.5512152777777778 0.40046296296296297 0.5436197916666666 0.40489969135802467 0.5401475694444444 0.404320987654321 0.5388454861111112 0.40162037037037035 0.5431857638888888 0.3861882716049383 0.5501302083333334 0.38175154320987653 0.5570746527777778 0.38155864197530864
1 0.6176215277777778 0.33796296296296297 0.6236979166666666 0.34510030864197533 0.623046875 0.3591820987654321 0.6267361111111112 0.36246141975308643 0.6236979166666666 0.36419753086419754 0.6148003472222222 0.36072530864197533 0.6091579861111112 0.34683641975308643 0.6111111111111112 0.33834876543209874 0.6128472222222222 0.33661265432098764 0.6174045138888888 0.33796296296296297
1 0.7764756944444444 0.19714506172839505 0.7866753472222222 0.20601851851851852 0.7881944444444444 0.2183641975308642 0.7931857638888888 0.22395833333333334 0.7829861111111112 0.22530864197530864 0.7697482638888888 0.20679012345679013 0.7723524305555556 0.19926697530864199 0.7762586805555556 0.19714506172839505
1 0.2697482638888889 0.8915895061728395 0.2771267361111111 0.8983410493827161 0.2803819444444444 0.9147376543209876 0.2725694444444444 0.9170524691358025 0.2634548611111111 0.9041280864197531 0.2643229166666667 0.8958333333333334 0.26953125 0.8915895061728395
1 0.2795138888888889 0.8078703703703703 0.2842881944444444 0.810570987654321 0.2875434027777778 0.8211805555555556 0.2760416666666667 0.8383487654320988 0.26953125 0.8331404320987654 0.265625 0.8354552469135802 0.2584635416666667 0.8350694444444444 0.2584635416666667 0.8314043209876543 0.2651909722222222 0.8140432098765432 0.2725694444444444 0.8082561728395061 0.279296875 0.8078703703703703
1 0.185546875 0.9604552469135802 0.19140625 0.966820987654321 0.19205729166666666 0.970679012345679 0.1890190972222222 0.9793595679012346 0.18229166666666666 0.9870756172839507 0.1779513888888889 0.9849537037037037 0.17686631944444445 0.9708719135802469 0.18229166666666666 0.9608410493827161 0.1853298611111111 0.9604552469135802
1 0.2183159722222222 0.8821373456790124 0.2228732638888889 0.8869598765432098 0.22374131944444445 0.8933256172839507 0.21354166666666666 0.908179012345679 0.2087673611111111 0.9050925925925926 0.2085503472222222 0.9016203703703703 0.2113715277777778 0.8873456790123457 0.21809895833333334 0.8821373456790124
1 0.20638020833333334 0.8807870370370371 0.21202256944444445 0.8869598765432098 0.2087673611111111 0.904320987654321 0.2065972222222222 0.9050925925925926 0.2007378472222222 0.9041280864197531 0.1968315972222222 0.8940972222222222 0.19921875 0.8863811728395061 0.203125 0.8811728395061729 0.20616319444444445 0.8807870370370371
1 0.1655815972222222 0.8800154320987654 0.1820746527777778 0.8840663580246914 0.19010416666666666 0.8900462962962963 0.1918402777777778 0.894483024691358 0.1851128472222222 0.8985339506172839 0.16471354166666666 0.8913966049382716 0.1527777777777778 0.9010416666666666 0.14778645833333334 0.902391975308642 0.14539930555555555 0.9008487654320988 0.1460503472222222 0.8973765432098766 0.150390625 0.8896604938271605 0.15733506944444445 0.8825231481481481 0.16536458333333334 0.8800154320987654
1 0.1171875 0.9612268518518519 0.13389756944444445 0.9807098765432098 0.12608506944444445 0.9791666666666666 0.11979166666666667 0.9830246913580247 0.1150173611111111 0.9812885802469136 0.11219618055555555 0.9702932098765432 0.11263020833333333 0.9625771604938271 0.1169704861111111 0.9612268518518519
1 0.1265190972222222 0.8694058641975309 0.13585069444444445 0.8751929012345679 0.14930555555555555 0.8767361111111112 0.1564670138888889 0.8800154320987654 0.1427951388888889 0.9008487654320988 0.138671875 0.9035493827160493 0.13368055555555555 0.9035493827160493 0.1312934027777778 0.9008487654320988 0.134765625 0.8832947530864198 0.1265190972222222 0.8695987654320988
1 0.4568142361111111 0.267554012345679 0.4607204861111111 0.2689043209876543 0.4605034722222222 0.27719907407407407 0.4496527777777778 0.29398148148148145 0.4459635416666667 0.2932098765432099 0.4442274305555556 0.2899305555555556 0.4468315972222222 0.27218364197530864 0.4483506944444444 0.2698688271604938 0.4565972222222222 0.267554012345679
1 0.3211805555555556 0.4722222222222222 0.3270399305555556 0.4739583333333333 0.3296440972222222 0.4774305555555556 0.3268229166666667 0.4949845679012346 0.3146701388888889 0.4972993827160494 0.3122829861111111 0.4949845679012346 0.3129340277777778 0.4807098765432099 0.3168402777777778 0.47453703703703703 0.3209635416666667 0.4724151234567901
1 0.3250868055555556 0.34239969135802467 0.3279079861111111 0.3431712962962963 0.3309461805555556 0.34857253086419754 0.3309461805555556 0.36342592592592593 0.3287760416666667 0.3663194444444444 0.3213975694444444 0.36496913580246915 0.3187934027777778 0.3559027777777778 0.3198784722222222 0.34587191358024694 0.3248697916666667 0.34239969135802467
1 0.4424913194444444 0.2648533950617284 0.44921875 0.26948302469135804 0.4598524305555556 0.2681327160493827 0.4609375 0.2716049382716049 0.4598524305555556 0.2785493827160494 0.4498697916666667 0.2932098765432099 0.4429253472222222 0.2943672839506173 0.4346788194444444 0.27642746913580246 0.4359809027777778 0.26774691358024694 0.4392361111111111 0.26427469135802467 0.4422743055555556 0.2648533950617284
1 0.4411892361111111 0.2640817901234568 0.4474826388888889 0.2690972222222222 0.4479166666666667 0.27237654320987653 0.4466145833333333 0.29128086419753085 0.4431423611111111 0.2945601851851852 0.4344618055555556 0.2760416666666667 0.435546875 0.2679398148148148 0.4409722222222222 0.2640817901234568
1 0.3726128472222222 0.26003086419753085 0.3773871527777778 0.2650462962962963 0.3782552083333333 0.27237654320987653 0.3726128472222222 0.2837577160493827 0.3669704861111111 0.28665123456790126 0.3634982638888889 0.26871141975308643 0.3695746527777778 0.26003086419753085 0.3723958333333333 0.26003086419753085
1 0.126953125 0.8692129629629629 0.13780381944444445 0.8757716049382716 0.1486545138888889 0.8767361111111112 0.1560329861111111 0.8800154320987654 0.140625 0.9045138888888888 0.12999131944444445 0.9010416666666666 0.1323784722222222 0.894483024691358 0.130859375 0.8913966049382716 0.12413194444444445 0.8993055555555556 0.11263020833333333 0.9004629629629629 0.10872395833333333 0.8975694444444444 0.11263020833333333 0.8800154320987654 0.1254340277777778 0.8748070987654321 0.1267361111111111 0.8692129629629629
1 0.12760416666666666 0.8746141975308642 0.1325954861111111 0.8800154320987654 0.1312934027777778 0.8919753086419753 0.12391493055555555 0.8987268518518519 0.11284722222222222 0.9018132716049383 0.10590277777777778 0.8973765432098766 0.10807291666666667 0.886766975308642 0.11631944444444445 0.8773148148148148 0.1273871527777778 0.8746141975308642
1 0.1890190972222222 0.26099537037037035 0.19401041666666666 0.265625 0.1948784722222222 0.27237654320987653 0.1859809027777778 0.28896604938271603 0.1818576388888889 0.2899305555555556 0.18055555555555555 0.2881944444444444 0.1796875 0.27295524691358025 0.18229166666666666 0.2652391975308642 0.185546875 0.26157407407407407 0.18880208333333334 0.2611882716049383
1 0.09613715277777778 0.878858024691358 0.1091579861111111 0.8848379629629629 0.10850694444444445 0.8975694444444444 0.10243055555555555 0.9020061728395061 0.08528645833333333 0.9066358024691358 0.08355034722222222 0.9002700617283951 0.08854166666666667 0.8804012345679012 0.091796875 0.8780864197530864 0.0959201388888889 0.878858024691358
1 0.1189236111111111 0.8767361111111112 0.1265190972222222 0.8753858024691358 0.1304253472222222 0.8800154320987654 0.1310763888888889 0.8910108024691358 0.12782118055555555 0.8954475308641975 0.11284722222222222 0.9021990740740741 0.09874131944444445 0.9020061728395061 0.0857204861111111 0.90625 0.08355034722222222 0.9045138888888888 0.08940972222222222 0.8790509259259259 0.099609375 0.8794367283950617 0.10980902777777778 0.8832947530864198 0.1189236111111111 0.876929012345679
1 0.06510416666666667 0.8265817901234568 0.0779079861111111 0.8287037037037037 0.08072916666666667 0.8310185185185185 0.08051215277777778 0.8491512345679012 0.078125 0.8580246913580247 0.07465277777777778 0.8618827160493827 0.06922743055555555 0.8589891975308642 0.06749131944444445 0.8451003086419753 0.05881076388888889 0.8385416666666666 0.060546875 0.8283179012345679 0.06488715277777778 0.8265817901234568
1 0.6161024305555556 0.18267746913580246 0.6195746527777778 0.18364197530864199 0.6271701388888888 0.19560185185185186 0.6256510416666666 0.19945987654320987 0.6195746527777778 0.2017746913580247 0.609375 0.2023533950617284 0.6065538194444444 0.20003858024691357 0.6065538194444444 0.19309413580246915 0.6161024305555556 0.18287037037037038
1 0.6163194444444444 0.18094135802469136 0.6197916666666666 0.18190586419753085 0.6232638888888888 0.19290123456790123 0.609375 0.19212962962962962 0.5991753472222222 0.20119598765432098 0.5946180555555556 0.1896219135802469 0.5815972222222222 0.18479938271604937 0.6161024305555556 0.18113425925925927
1 0.3663194444444444 0.16820987654320987 0.3693576388888889 0.1714891975308642 0.3680555555555556 0.17939814814814814 0.3663194444444444 0.18287037037037038 0.3630642361111111 0.18325617283950618 0.3519965277777778 0.18055555555555555 0.3489583333333333 0.171875 0.3661024305555556 0.16820987654320987
1 0.3389756944444444 0.1564429012345679 0.3415798611111111 0.1576003086419753 0.3424479166666667 0.16415895061728394 0.3500434027777778 0.1743827160493827 0.3502604166666667 0.18248456790123457 0.3435329861111111 0.18422067901234568 0.341796875 0.18422067901234568 0.3292100694444444 0.16145833333333334 0.3350694444444444 0.16222993827160495 0.3387586805555556 0.1564429012345679
1 0.3385416666666667 0.1564429012345679 0.341796875 0.15779320987654322 0.3433159722222222 0.16550925925925927 0.3485243055555556 0.1701388888888889 0.3661024305555556 0.16820987654320987 0.3693576388888889 0.171875 0.3665364583333333 0.18229166666666666 0.3587239583333333 0.18306327160493827 0.3556857638888889 0.19155092592592593 0.3489583333333333 0.19020061728395063 0.3465711805555556 0.1867283950617284 0.3420138888888889 0.1853780864197531 0.3361545138888889 0.1711033950617284 0.328125 0.16165123456790123 0.3352864583333333 0.16222993827160495 0.3385416666666667 0.1566358024691358
1 0.2688802083333333 0.18209876543209877 0.2732204861111111 0.18209876543209877 0.2799479166666667 0.1880787037037037 0.2829861111111111 0.2025462962962963 0.2801649305555556 0.20640432098765432 0.2725694444444444 0.2052469135802469 0.2658420138888889 0.19290123456790123 0.2688802083333333 0.18229166666666666
1 0.2829861111111111 0.1709104938271605 0.2931857638888889 0.18036265432098766 0.2940538194444444 0.1857638888888889 0.279296875 0.1875 0.2775607638888889 0.18209876543209877 0.2827690972222222 0.1711033950617284
1 0.2204861111111111 0.17592592592592593 0.22591145833333334 0.18595679012345678 0.216796875 0.2019675925925926 0.21028645833333334 0.19945987654320987 0.21006944444444445 0.19579475308641975 0.2124565972222222 0.18229166666666666 0.2170138888888889 0.17650462962962962 0.2202690972222222 0.17592592592592593
1 0.20703125 0.17573302469135801 0.21180555555555555 0.17881944444444445 0.21354166666666666 0.1857638888888889 0.2109375 0.19540895061728394 0.2068142361111111 0.20003858024691357 0.2029079861111111 0.19984567901234568 0.19835069444444445 0.18942901234567902 0.203125 0.17804783950617284 0.2068142361111111 0.17573302469135801
1 0.12065972222222222 0.26851851851851855 0.1365017361111111 0.2862654320987654 0.1267361111111111 0.2854938271604938 0.12261284722222222 0.29050925925925924 0.11805555555555555 0.28954475308641975 0.11458333333333333 0.27391975308641975 0.11566840277777778 0.2689043209876543 0.12044270833333333 0.26851851851851855
1 0.169921875 0.17804783950617284 0.18684895833333334 0.18229166666666666 0.19444444444444445 0.1886574074074074 0.1929253472222222 0.19251543209876543 0.185546875 0.19521604938271606 0.1733940972222222 0.1909722222222222 0.16493055555555555 0.19058641975308643 0.15625 0.1996527777777778 0.1488715277777778 0.20158179012345678 0.146484375 0.19945987654320987 0.15321180555555555 0.1871141975308642 0.16080729166666666 0.18016975308641975 0.1697048611111111 0.17804783950617284
1 0.1447482638888889 0.17727623456790123 0.1584201388888889 0.17881944444444445 0.14583333333333334 0.19868827160493827 0.13780381944444445 0.2048611111111111 0.13346354166666666 0.203125 0.13585069444444445 0.18287037037037038 0.1343315972222222 0.17843364197530864 0.14453125 0.17727623456790123
1 0.1284722222222222 0.17650462962962962 0.1349826388888889 0.18209876543209877 0.13151041666666666 0.19579475308641975 0.11653645833333333 0.2038966049382716 0.10850694444444445 0.2021604938271605 0.1115451388888889 0.18557098765432098 0.11957465277777778 0.17843364197530864 0.12825520833333334 0.17650462962962962
1 0.4021267361111111 0.1255787037037037 0.3984375 0.13348765432098766 0.4032118055555556 0.140625 0.4016927083333333 0.14390432098765432 0.3917100694444444 0.13695987654320987 0.3875868055555556 0.12654320987654322 0.4019097222222222 0.1255787037037037
1 0.13020833333333334 0.1712962962962963 0.140625 0.17611882716049382 0.1547309027777778 0.17631172839506173 0.15907118055555555 0.17862654320987653 0.1525607638888889 0.1861496913580247 0.14561631944444445 0.19984567901234568 0.1384548611111111 0.2044753086419753 0.1330295138888889 0.2029320987654321 0.13194444444444445 0.18595679012345678 0.1267361111111111 0.1720679012345679 0.12999131944444445 0.1712962962962963
1 0.130859375 0.1714891975308642 0.1404079861111111 0.17592592592592593 0.15516493055555555 0.17611882716049382 0.15950520833333334 0.17881944444444445 0.1519097222222222 0.1878858024691358 0.14735243055555555 0.19945987654320987 0.13802083333333334 0.2040895061728395 0.13368055555555555 0.2029320987654321 0.13368055555555555 0.1888503086419753 0.1273871527777778 0.17881944444444445 0.1265190972222222 0.171875 0.1306423611111111 0.1714891975308642
1 0.7990451388888888 0 0.8020833333333334 0 0.8120659722222222 0.011766975308641976 0.8101128472222222 0.022569444444444444 0.802734375 0.026234567901234566 0.7925347222222222 0.011959876543209876 0.7923177083333334 0.008680555555555556 0.7990451388888888 0.00019290123456790122
1 0.4578993055555556 0.0920138888888889 0.4633246527777778 0.10011574074074074 0.4644097222222222 0.10609567901234568 0.4548611111111111 0.11824845679012345 0.4529079861111111 0.1246141975308642 0.4494357638888889 0.12345679012345678 0.4474826388888889 0.11381172839506173 0.4507378472222222 0.10570987654320987 0.4509548611111111 0.0954861111111111 0.4576822916666667 0.0920138888888889
1 0.4498697916666667 0.09452160493827161 0.4526909722222222 0.09857253086419752 0.4509548611111111 0.11014660493827161 0.4481336805555556 0.11709104938271606 0.4398871527777778 0.12403549382716049 0.4357638888888889 0.12307098765432099 0.4375 0.10262345679012345 0.4427083333333333 0.09587191358024691 0.4496527777777778 0.09452160493827161
1 0.2799479166666667 0.09490740740740741 0.2845052083333333 0.09645061728395062 0.2890625 0.10648148148148148 0.2808159722222222 0.11824845679012345 0.279296875 0.1246141975308642 0.2766927083333333 0.125 0.2725694444444444 0.12094907407407407 0.2649739583333333 0.12307098765432099 0.2584635416666667 0.11979166666666667 0.2654079861111111 0.10204475308641975 0.2723524305555556 0.0954861111111111 0.2797309027777778 0.09490740740740741
1 0.1013454861111111 0.18460648148148148 0.1111111111111111 0.1886574074074074 0.1115451388888889 0.2029320987654321 0.08854166666666667 0.21257716049382716 0.08506944444444445 0.21257716049382716 0.0842013888888889 0.21006944444444445 0.08984375 0.1857638888888889 0.10112847222222222 0.18460648148148148
1 0.1443142361111111 0.12943672839506173 0.14778645833333334 0.13001543209876543 0.14713541666666666 0.13348765432098766 0.13736979166666666 0.13908179012345678 0.13389756944444445 0.14564043209876543 0.1228298611111111 0.13695987654320987 0.12152777777777778 0.13368055555555555 0.126953125 0.13020833333333334 0.1440972222222222 0.12943672839506173
1 0.7688802083333334 0 0.7957899305555556 0 0.7921006944444444 0.016203703703703703 0.7845052083333334 0.022569444444444444 0.7771267361111112 0.019097222222222224 0.7688802083333334 0.009645061728395061 0.7671440972222222 0.0055941358024691355 0.7688802083333334 0.00019290123456790122
1 0.7111545138888888 0 0.7265625 0 0.7341579861111112 0.005208333333333333 0.734375 0.007716049382716049 0.7202690972222222 0.010223765432098766 0.7111545138888888 0.00019290123456790122
1 0.109375 0.13078703703703703 0.11241319444444445 0.13387345679012347 0.10590277777777778 0.13734567901234568 0.10221354166666667 0.1371527777777778 0.10004340277777778 0.13348765432098766 0.10221354166666667 0.13117283950617284 0.1091579861111111 0.13078703703703703
1 0.69140625 0 0.7265625 0 0.7337239583333334 0.005015432098765432 0.7341579861111112 0.008101851851851851 0.7202690972222222 0.010223765432098766 0.7118055555555556 0.002507716049382716 0.7024739583333334 0.001736111111111111 0.6918402777777778 0.008487654320987654 0.689453125 0.005787037037037037 0.69140625 0.00019290123456790122
1 0.6896701388888888 0 0.7000868055555556 0 0.6976996527777778 0.005208333333333333 0.6927083333333334 0.008873456790123456 0.6892361111111112 0.007137345679012345 0.6896701388888888 0.00019290123456790122
1 0.06705729166666667 0.13310185185185186 0.08246527777777778 0.13368055555555555 0.08094618055555555 0.15470679012345678 0.0779079861111111 0.16628086419753085 0.07465277777777778 0.16898148148148148 0.06944444444444445 0.16473765432098766 0.0681423611111111 0.15142746913580246 0.05859375 0.14448302469135801 0.06032986111111111 0.13483796296296297 0.06684027777777778 0.13310185185185186
1 0.5709635416666666 0.30459104938271603 0.5709635416666666 0.3082561728395062 0.5746527777777778 0.30844907407407407 0.580078125 0.30343364197530864 0.5831163194444444 0.30324074074074076 0.5861545138888888 0.3055555555555556 0.5885416666666666 0.3101851851851852 0.5922309027777778 0.3107638888888889 0.5920138888888888 0.30690586419753085 0.5907118055555556 0.30536265432098764 0.5885416666666666 0.29899691358024694 0.5855034722222222 0.2962962962962963 0.5776909722222222 0.2964891975308642 0.5744357638888888 0.29822530864197533
1 0.5933159722222222 0.3431712962962963 0.5930989583333334 0.345679012345679 0.5952690972222222 0.3570601851851852 0.5987413194444444 0.359375 0.6006944444444444 0.3589891975308642 0.6022135416666666 0.3582175925925926 0.6030815972222222 0.3560956790123457 0.6019965277777778 0.35281635802469136 0.6022135416666666 0.35030864197530864 0.6037326388888888 0.34837962962962965 0.6078559027777778 0.3472222222222222 0.6080729166666666 0.341820987654321 0.6046006944444444 0.33584104938271603 0.6022135416666666 0.33352623456790126 0.6002604166666666 0.33429783950617287 0.5952690972222222 0.3385416666666667
1 0.3851996527777778 0.41396604938271603 0.3845486111111111 0.41531635802469136 0.3869357638888889 0.4191743827160494 0.3901909722222222 0.41782407407407407 0.3938802083333333 0.4182098765432099 0.3980034722222222 0.41473765432098764 0.3993055555555556 0.4114583333333333 0.3973524305555556 0.41010802469135804 0.3934461805555556 0.41010802469135804
1 0.4281684027777778 0.45794753086419754 0.4286024305555556 0.46122685185185186 0.4305555555555556 0.46238425925925924 0.4331597222222222 0.46257716049382713 0.4370659722222222 0.46084104938271603 0.4379340277777778 0.4564043209876543 0.4359809027777778 0.455054012345679 0.4320746527777778 0.4546682098765432 0.4296875 0.4556327160493827
1 0.5290798611111112 0.5864197530864198 0.5288628472222222 0.5889274691358025 0.5308159722222222 0.595679012345679 0.5323350694444444 0.5987654320987654 0.5366753472222222 0.6026234567901234 0.5381944444444444 0.609375 0.5421006944444444 0.6107253086419753 0.5451388888888888 0.6101466049382716 0.5470920138888888 0.607445987654321 0.5475260416666666 0.6024305555555556 0.5518663194444444 0.595679012345679 0.5520833333333334 0.5920138888888888 0.546875 0.5893132716049383 0.5405815972222222 0.581983024691358 0.5368923611111112 0.5802469135802469 0.5316840277777778 0.581983024691358 0.5299479166666666 0.5837191358024691
1 0.5177951388888888 0.5922067901234568 0.5169270833333334 0.5954861111111112 0.5182291666666666 0.5991512345679012 0.5210503472222222 0.6026234567901234 0.5223524305555556 0.6095679012345679 0.5258246527777778 0.6114969135802469 0.5295138888888888 0.6114969135802469 0.5310329861111112 0.6095679012345679 0.5319010416666666 0.6008873456790124 0.5336371527777778 0.595679012345679 0.5319010416666666 0.5850694444444444 0.5303819444444444 0.5821759259259259 0.5260416666666666 0.5794753086419753 0.5232204861111112 0.5810185185185185 0.5210503472222222 0.5848765432098766 0.5199652777777778 0.5891203703703703
1 0.6358506944444444 0.6182484567901234 0.6345486111111112 0.6197916666666666 0.6440972222222222 0.6265432098765432 0.6460503472222222 0.6232638888888888 0.6469184027777778 0.6192129629629629 0.64453125 0.6176697530864198 0.640625 0.6170910493827161
1 0.6814236111111112 0.6060956790123457 0.6801215277777778 0.6089891975308642 0.6814236111111112 0.6190200617283951 0.6851128472222222 0.6263503086419753 0.6875 0.6273148148148148 0.6911892361111112 0.6317515432098766 0.6911892361111112 0.6408179012345679 0.6924913194444444 0.6423611111111112 0.6959635416666666 0.6400462962962963 0.7005208333333334 0.6350308641975309 0.70703125 0.6334876543209876 0.7065972222222222 0.6259645061728395 0.7020399305555556 0.6199845679012346 0.7009548611111112 0.6091820987654321 0.6966145833333334 0.6043595679012346 0.6935763888888888 0.6022376543209876 0.6885850694444444 0.6005015432098766 0.6853298611111112 0.6012731481481481
1 0.73046875 0.6379243827160493 0.7300347222222222 0.6408179012345679 0.7309027777777778 0.6429398148148148 0.7354600694444444 0.6417824074074074 0.7437065972222222 0.6371527777777778 0.7450086805555556 0.6336805555555556 0.7387085503472223 0.631164737654321 0.7298370225694444 0.631164737654321 0.7315538194444444 0.6358024691358025
1 0.3858506944444444 0.8443287037037037 0.3854166666666667 0.845679012345679 0.388671875 0.8493441358024691 0.3860757378472222 0.8594450231481482 0.3926566840277778 0.8560592206790123 0.3975694444444444 0.8607253086419753 0.3997395833333333 0.8603395061728395 0.400390625 0.8589891975308642 0.3967013888888889 0.8512089120370371 0.3971354166666667 0.8485725308641975 0.3997395833333333 0.8474151234567902 0.4006076388888889 0.8447145061728395 0.3975694444444444 0.8429783950617284 0.3869357638888889 0.8431712962962963
1 0.3480902777777778 0.8858024691358025 0.34765625 0.8877314814814815 0.3485243055555556 0.8908179012345679 0.3506944444444444 0.8939043209876543 0.3611111111111111 0.8956404320987654 0.36328125 0.8956404320987654 0.365234375 0.8942901234567902 0.3663194444444444 0.8865740740740741 0.3643663194444444 0.8836805555555556 0.3585069444444444 0.8832947530864198 0.3524305555555556 0.8840663580246914 0.3491753472222222 0.8848379629629629
1 0.2749565972222222 0.890625 0.2738715277777778 0.8940972222222222 0.2760416666666667 0.8967978395061729 0.279296875 0.8971836419753086 0.2825520833333333 0.894483024691358 0.2899305555555556 0.8971836419753086 0.2923177083333333 0.894483024691358 0.2903645833333333 0.8902391975308642 0.2827690972222222 0.8827160493827161 0.2795138888888889 0.8823302469135802 0.2795138888888889 0.8860918209876543 0.2782118055555556 0.8885030864197531
1 0.24348958333333334 0.9236111111111112 0.2419704861111111 0.925733024691358 0.24479166666666666 0.9297839506172839 0.24461827256944446 0.9278416280864197 0.24844552951388887 0.9263842592592593 0.251953125 0.925733024691358 0.2510850694444444 0.9241898148148148 0.24869791666666666 0.9232253086419753
1 0.1208767361111111 0.8335262345679012 0.1208767361111111 0.8356481481481481 0.13368055555555555 0.8460648148148148 0.13563368055555555 0.8449074074074074 0.1391059027777778 0.8393132716049383 0.14561631944444445 0.8369984567901234 0.1480034722222222 0.8348765432098766 0.14756944444444445 0.8323688271604939 0.146484375 0.8315972222222222 0.13411458333333334 0.8308256172839507 0.1254340277777778 0.8314043209876543
1 0.10026041666666667 0.8308256172839507 0.0998263888888889 0.8314043209876543 0.10243055555555555 0.8335262345679012 0.1076388888888889 0.8350694444444444 0.10971137152777778 0.8329149305555555 0.11208072916666666 0.8324292052469136 0.11317404513888889 0.8316194058641975 0.1130642361111111 0.830054012345679 0.10872395833333333 0.8294753086419753 0.10221354166666667 0.8294753086419753