1 0.7732204861111112 0.9087577160493827 0.78125 0.9153163580246914 0.7881944444444444 0.9357638888888888 0.7790798611111112 0.9357638888888888 0.767578125 0.9216820987654321 0.7662760416666666 0.9149305555555556 0.7688802083333334 0.9104938271604939 0.7730034722222222 0.9087577160493827
1 0.7973090277777778 0.7139274691358025 0.8064236111111112 0.7204861111111112 0.8079427083333334 0.7241512345679012 0.8077256944444444 0.7351466049382716 0.8005642361111112 0.7413194444444444 0.7977430555555556 0.7395833333333334 0.7903645833333334 0.7251157407407407 0.7921006944444444 0.716820987654321 0.7970920138888888 0.7139274691358025
1 0.61328125 0.8983410493827161 0.6161024305555556 0.8993055555555556 0.6195746527777778 0.9112654320987654 0.6056857638888888 0.9093364197530864 0.5954861111111112 0.9182098765432098 0.5913628472222222 0.9070216049382716 0.5776909722222222 0.9010416666666666 0.6130642361111112 0.8983410493827161
1 0.4357638888888889 0.9764660493827161 0.4427083333333333 0.9814814814814815 0.4568142361111111 0.9809027777777778 0.4565972222222222 0.9901620370370371 0.4500868055555556 0.9998070987654321 0.4342447916666667 0.9998070987654321 0.4299045138888889 0.9841820987654321 0.435546875 0.9766589506172839
1 0.4366319444444444 0.9766589506172839 0.4440104166666667 0.9841820987654321 0.4392361111111111 0.9998070987654321 0.4346788194444444 0.9998070987654321 0.4292534722222222 0.9851466049382716 0.4307725694444444 0.9809027777777778 0.4364149305555556 0.9766589506172839
1 0.3671875 0.9695216049382716 0.3743489583333333 0.9760802469135802 0.375 0.9809027777777778 0.3689236111111111 0.9944058641975309 0.3630642361111111 0.9967206790123457 0.3595920138888889 0.9774305555555556 0.3669704861111111 0.9695216049382716
1 0.7864583333333334 0.7116126543209876 0.7907986111111112 0.716820987654321 0.7897135416666666 0.7351466049382716 0.7829861111111112 0.7349537037037037 0.7766927083333334 0.720679012345679 0.7779947916666666 0.7143132716049383 0.7862413194444444 0.7116126543209876
1 0.7725694444444444 0.7106481481481481 0.77734375 0.7133487654320988 0.7829861111111112 0.7393904320987654 0.7730034722222222 0.7345679012345679 0.763671875 0.7229938271604939 0.7645399305555556 0.716820987654321 0.7723524305555556 0.7108410493827161
1 0.7068142361111112 0.7029320987654321 0.7161458333333334 0.7098765432098766 0.7209201388888888 0.7191358024691358 0.7309027777777778 0.7237654320987654 0.7172309027777778 0.7283950617283951 0.7003038194444444 0.7135416666666666 0.6998697916666666 0.7064043209876543 0.7065972222222222 0.7029320987654321
1 0.6935763888888888 0.7054398148148148 0.6974826388888888 0.7067901234567902 0.7009548611111112 0.7135416666666666 0.6898871527777778 0.7272376543209876 0.6861979166666666 0.7260802469135802 0.6864149305555556 0.7204861111111112 0.6827256944444444 0.7127700617283951 0.6881510416666666 0.7064043209876543 0.693359375 0.7054398148148148
1 0.3383246527777778 0.8697916666666666 0.3394097222222222 0.8784722222222222 0.3467881944444444 0.8854166666666666 0.3493923611111111 0.8939043209876543 0.3385416666666667 0.8954475308641975 0.333984375 0.8840663580246914 0.3266059027777778 0.8765432098765432 0.3279079861111111 0.8740354938271605 0.3335503472222222 0.8757716049382716 0.3381076388888889 0.8699845679012346
1 0.3598090277777778 0.8834876543209876 0.369140625 0.8869598765432098 0.365234375 0.8892746913580247 0.3630642361111111 0.8960262345679012 0.349609375 0.8946759259259259 0.3470052083333333 0.890625 0.3472222222222222 0.8850308641975309 0.3595920138888889 0.8834876543209876
1 0.2795138888888889 0.8813657407407407 0.2903645833333333 0.8904320987654321 0.2903645833333333 0.8969907407407407 0.2760416666666667 0.8969907407407407 0.2747395833333333 0.8937114197530864 0.2795138888888889 0.8869598765432098 0.279296875 0.8815586419753086
1 0.2697482638888889 0.8915895061728395 0.2740885416666667 0.8939043209876543 0.2782118055555556 0.9014274691358025 0.2801649305555556 0.9149305555555556 0.2738715277777778 0.9166666666666666 0.2699652777777778 0.9153163580246914 0.2634548611111111 0.9045138888888888 0.263671875 0.8971836419753086 0.26953125 0.8915895061728395
1 0.2803819444444444 0.8080632716049383 0.2864583333333333 0.814429012345679 0.2875434027777778 0.8215663580246914 0.2760416666666667 0.8381558641975309 0.2690972222222222 0.8329475308641975 0.265625 0.8352623456790124 0.2584635416666667 0.8350694444444444 0.2582465277777778 0.8315972222222222 0.265625 0.8134645061728395 0.2725694444444444 0.8082561728395061 0.2801649305555556 0.8080632716049383
1 0.1857638888888889 0.9606481481481481 0.19140625 0.9666280864197531 0.19205729166666666 0.970679012345679 0.18858506944444445 0.9797453703703703 0.18229166666666666 0.9872685185185185 0.17881944444444445 0.9870756172839507 0.177734375 0.9849537037037037 0.17708333333333334 0.9701003086419753 0.1820746527777778 0.9612268518518519 0.185546875 0.9606481481481481
1 0.21766493055555555 0.8819444444444444 0.2228732638888889 0.8869598765432098 0.22374131944444445 0.8935185185185185 0.21354166666666666 0.908179012345679 0.2087673611111111 0.9050925925925926 0.20833333333333334 0.9014274691358025 0.2111545138888889 0.8871527777777778 0.21744791666666666 0.8819444444444444
1 0.203125 0.8813657407407407 0.20638020833333334 0.8805941358024691 0.21202256944444445 0.8869598765432098 0.2087673611111111 0.904320987654321 0.2009548611111111 0.9045138888888888 0.1970486111111111 0.8919753086419753 0.203125 0.8815586419753086
1 0.1677517361111111 0.8800154320987654 0.18663194444444445 0.8869598765432098 0.1918402777777778 0.8935185185185185 0.1898871527777778 0.8967978395061729 0.185546875 0.8985339506172839 0.16471354166666666 0.8913966049382716 0.1538628472222222 0.9002700617283951 0.1480034722222222 0.9020061728395061 0.14583333333333334 0.9008487654320988 0.146484375 0.8973765432098766 0.15342881944444445 0.8861882716049383 0.16124131944444445 0.8805941358024691 0.1675347222222222 0.8800154320987654
1 0.11653645833333333 0.9608410493827161 0.12109375 0.9637345679012346 0.13368055555555555 0.9807098765432098 0.12565104166666666 0.9789737654320988 0.12000868055555555 0.9828317901234568 0.1154513888888889 0.9818672839506173 0.11241319444444445 0.9712577160493827 0.11241319444444445 0.9631558641975309 0.11631944444444445 0.9608410493827161
1 0.12803819444444445 0.8707561728395061 0.13802083333333334 0.8755787037037037 0.1547309027777778 0.8775077160493827 0.15755208333333334 0.8798225308641975 0.14171006944444445 0.8991126543209876 0.13389756944444445 0.9014274691358025 0.1349826388888889 0.8854166666666666 0.12803819444444445 0.8709490740740741
1 0.1265190972222222 0.8690200617283951 0.1388888888888889 0.8753858024691358 0.1545138888888889 0.8771219135802469 0.15733506944444445 0.8800154320987654 0.140625 0.9012345679012346 0.1332465277777778 0.902391975308642 0.130859375 0.9004629629629629 0.1343315972222222 0.8863811728395061 0.1284722222222222 0.8804012345679012 0.1265190972222222 0.8692129629629629
1 0.1267361111111111 0.8692129629629629 0.1382378472222222 0.8753858024691358 0.154296875 0.8775077160493827 0.1564670138888889 0.8798225308641975 0.1427951388888889 0.8969907407407407 0.1404079861111111 0.9054783950617284 0.1271701388888889 0.9010416666666666 0.1312934027777778 0.8979552469135802 0.1343315972222222 0.8879243827160493 0.13346354166666666 0.8834876543209876 0.12348090277777778 0.8798225308641975 0.11653645833333333 0.8840663580246914 0.11263020833333333 0.8815586419753086 0.11848958333333333 0.8767361111111112 0.12565104166666666 0.8753858024691358 0.1265190972222222 0.8694058641975309
1 0.7200520833333334 0.5970293209876543 0.7306857638888888 0.6057098765432098 0.7306857638888888 0.6091820987654321 0.7239583333333334 0.6116898148148148 0.7098524305555556 0.6111111111111112 0.7057291666666666 0.6095679012345679 0.7042100694444444 0.6064814814814815 0.7133246527777778 0.5970293209876543 0.7198350694444444 0.5970293209876543
1 0.7868923611111112 0.4870756172839506 0.787109375 0.49537037037037035 0.7834201388888888 0.4972993827160494 0.7725694444444444 0.49614197530864196 0.7725694444444444 0.49209104938271603 0.7762586805555556 0.4878472222222222 0.7866753472222222 0.4870756172839506
1 0.6128472222222222 0.6168981481481481 0.6184895833333334 0.6192129629629629 0.6161024305555556 0.6307870370370371 0.609375 0.6240354938271605 0.6041666666666666 0.6255787037037037 0.6030815972222222 0.6298225308641975 0.6041666666666666 0.6338734567901234 0.6106770833333334 0.6404320987654321 0.609375 0.6413966049382716 0.6026475694444444 0.6379243827160493 0.5954861111111112 0.6402391975308642 0.5944010416666666 0.6286651234567902 0.5870225694444444 0.6192129629629629 0.5883246527777778 0.6172839506172839 0.6126302083333334 0.6168981481481481
1 0.7029079861111112 0.4866898148148148 0.014756944444444444 0.024691358024691357
1 0.6864149305555556 0.47800925925925924 0.689453125 0.47878086419753085 0.6909722222222222 0.4834104938271605 0.6911892361111112 0.498070987654321 0.6872829861111112 0.4990354938271605 0.6809895833333334 0.4982638888888889 0.6799045138888888 0.49151234567901236 0.6803385416666666 0.4836033950617284 0.6861979166666666 0.47800925925925924
1 0.6430121527777778 0.4689429012345679 0.6467013888888888 0.4737654320987654 0.6499565972222222 0.4861111111111111 0.6408420138888888 0.49074074074074076 0.6317274305555556 0.4809027777777778 0.6299913194444444 0.47511574074074076 0.6328125 0.4704861111111111 0.6404079861111112 0.46662808641975306 0.6427951388888888 0.4689429012345679
1 0.623046875 0.4737654320987654 0.6267361111111112 0.48148148148148145 0.623046875 0.49363425925925924 0.6197916666666666 0.49594907407407407 0.6165364583333334 0.49459876543209874 0.6150173611111112 0.48051697530864196 0.6197916666666666 0.47357253086419754 0.6228298611111112 0.4737654320987654
1 0.5887586805555556 0.47588734567901236 0.5989583333333334 0.47897376543209874 0.6004774305555556 0.484375 0.5987413194444444 0.48726851851851855 0.5904947916666666 0.4895833333333333 0.5850694444444444 0.4967206790123457 0.5794270833333334 0.4947916666666667 0.5794270833333334 0.4847608024691358 0.5828993055555556 0.47723765432098764 0.5885416666666666 0.47588734567901236
1 0.7241753472222222 0.3863811728395062 0.7265625 0.3942901234567901 0.7239583333333334 0.4114583333333333 0.7144097222222222 0.4029706790123457 0.7154947916666666 0.3869598765432099 0.7239583333333334 0.3863811728395062
1 0.7141927083333334 0.3846450617283951 0.7176649305555556 0.3871527777777778 0.7161458333333334 0.4002700617283951 0.7131076388888888 0.4089506172839506 0.7100694444444444 0.4104938271604938 0.7048611111111112 0.40760030864197533 0.7048611111111112 0.3902391975308642 0.7096354166666666 0.3856095679012346 0.7139756944444444 0.3846450617283951
1 0.5642361111111112 0.4675925925925926 0.5677083333333334 0.4729938271604938 0.5672743055555556 0.4849537037037037 0.5659722222222222 0.48823302469135804 0.5609809027777778 0.48919753086419754 0.5579427083333334 0.4870756172839506 0.556640625 0.4729938271604938 0.560546875 0.4677854938271605 0.5640190972222222 0.4675925925925926
1 0.6030815972222222 0.4409722222222222 0.6085069444444444 0.44598765432098764 0.6078559027777778 0.4645061728395062 0.6061197916666666 0.46662808641975306 0.5972222222222222 0.4654706790123457 0.5954861111111112 0.4672067901234568 0.5963541666666666 0.46334876543209874 0.5920138888888888 0.4529320987654321 0.591796875 0.4461805555555556 0.5952690972222222 0.44135802469135804 0.6028645833333334 0.4409722222222222
1 0.6753472222222222 0.38233024691358025 0.6927083333333334 0.3856095679012346 0.6950954861111112 0.3869598765432099 0.6937934027777778 0.3904320987654321 0.6792534722222222 0.3912037037037037 0.6731770833333334 0.3871527777777778 0.6729600694444444 0.3836805555555556 0.6751302083333334 0.38252314814814814
1 0.6822916666666666 0.3900462962962963 0.6903211805555556 0.39602623456790126 0.6896701388888888 0.40084876543209874 0.6720920138888888 0.41165123456790126 0.6647135416666666 0.4054783950617284 0.6571180555555556 0.4045138888888889 0.6577690972222222 0.3940972222222222 0.6657986111111112 0.3939043209876543 0.6605902777777778 0.39621913580246915 0.6610243055555556 0.39949845679012347 0.6649305555555556 0.39969135802469136 0.6681857638888888 0.39718364197530864 0.6716579861111112 0.4010416666666667 0.6781684027777778 0.3912037037037037 0.6820746527777778 0.3900462962962963
1 0.6649305555555556 0.3904320987654321 0.6684027777777778 0.39197530864197533 0.6716579861111112 0.40046296296296297 0.6768663194444444 0.40007716049382713 0.6786024305555556 0.39351851851851855 0.6825086805555556 0.3940972222222222 0.6799045138888888 0.39969135802469136 0.6768663194444444 0.40065586419753085 0.6825086805555556 0.404320987654321 0.6684027777777778 0.4122299382716049 0.650390625 0.404320987654321 0.6571180555555556 0.3915895061728395 0.6647135416666666 0.3904320987654321
1 0.701171875 0.3611111111111111 0.7094184027777778 0.3626543209876543 0.7063802083333334 0.37287808641975306 0.7033420138888888 0.3753858024691358 0.6957465277777778 0.3628472222222222 0.7009548611111112 0.3611111111111111
1 0.6519097222222222 0.38290895061728397 0.6584201388888888 0.3910108024691358 0.6555989583333334 0.40239197530864196 0.6508246527777778 0.4052854938271605 0.6473524305555556 0.4045138888888889 0.6401909722222222 0.39737654320987653 0.6375868055555556 0.3904320987654321 0.6419270833333334 0.3836805555555556 0.6516927083333334 0.38290895061728397
1 0.6126302083333334 0.3908179012345679 0.6200086805555556 0.3939043209876543 0.6232638888888888 0.3993055555555556 0.6187065972222222 0.4182098765432099 0.6128472222222222 0.41878858024691357 0.6076388888888888 0.4166666666666667 0.603515625 0.4010416666666667 0.6091579861111112 0.3915895061728395 0.6124131944444444 0.3910108024691358
1 0.6612413194444444 0.3601466049382716 0.6642795138888888 0.36246141975308643 0.6616753472222222 0.37712191358024694 0.6501736111111112 0.3628472222222222 0.6610243055555556 0.3603395061728395
1 0.4743923611111111 0.47820216049382713 0.4782986111111111 0.482445987654321 0.4793836805555556 0.4913194444444444 0.4776475694444444 0.498070987654321 0.4739583333333333 0.4998070987654321 0.4704861111111111 0.498070987654321 0.4683159722222222 0.4845679012345679 0.4702690972222222 0.47955246913580246 0.4741753472222222 0.47820216049382713
1 0.4841579861111111 0.4699074074074074 0.4878472222222222 0.47646604938271603 0.4850260416666667 0.4895833333333333 0.4806857638888889 0.48996913580246915 0.4767795138888889 0.47762345679012347 0.4806857638888889 0.4712577160493827 0.4839409722222222 0.47010030864197533
1 0.6480034722222222 0.3601466049382716 0.6634114583333334 0.3616898148148148 0.6614583333333334 0.376929012345679 0.6545138888888888 0.36844135802469136 0.6475694444444444 0.37287808641975306 0.6434461805555556 0.3697916666666667 0.638671875 0.3626543209876543 0.6404079861111112 0.36072530864197533 0.6477864583333334 0.3601466049382716
1 0.6473524305555556 0.3601466049382716 0.6536458333333334 0.3628472222222222 0.6477864583333334 0.373070987654321 0.6380208333333334 0.3628472222222222 0.6399739583333334 0.3601466049382716 0.6471354166666666 0.3601466049382716
1 0.5783420138888888 0.38348765432098764 0.5846354166666666 0.3871527777777778 0.5870225694444444 0.3931327160493827 0.5868055555555556 0.40489969135802467 0.5813802083333334 0.41165123456790126 0.5737847222222222 0.408179012345679 0.5670572916666666 0.3948688271604938 0.5690104166666666 0.3896604938271605 0.578125 0.38348765432098764
1 0.5572916666666666 0.37905092592592593 0.5631510416666666 0.3836805555555556 0.5657552083333334 0.3900462962962963 0.5596788194444444 0.404320987654321 0.5572916666666666 0.4060570987654321 0.5536024305555556 0.404320987654321 0.5503472222222222 0.39737654320987653 0.5516493055555556 0.3871527777777778 0.5483940972222222 0.38387345679012347 0.5570746527777778 0.3792438271604938
1 0.5572916666666666 0.37962962962962965 0.5625 0.3836805555555556 0.5646701388888888 0.38927469135802467 0.5588107638888888 0.404320987654321 0.5540364583333334 0.4045138888888889 0.5503472222222222 0.4002700617283951 0.5425347222222222 0.40489969135802467 0.5388454861111112 0.4010416666666667 0.5431857638888888 0.38657407407407407 0.5462239583333334 0.38348765432098764 0.5570746527777778 0.37982253086419754
1 0.6197916666666666 0.3387345679012346 0.6265190972222222 0.341820987654321 0.6213107638888888 0.3487654320987654 0.6226128472222222 0.3591820987654321 0.6252170138888888 0.36246141975308643 0.6234809027777778 0.36419753086419754 0.6156684027777778 0.361304012345679 0.6089409722222222 0.34587191358024694 0.6115451388888888 0.33989197530864196 0.6195746527777778 0.3387345679012346
1 0.6016710069444444 0.34664351851851855 0.015842013888888888 0.02700617283950617
1 0.7762586805555556 0.19714506172839505 0.7868923611111112 0.20640432098765432 0.7884114583333334 0.2183641975308642 0.7938368055555556 0.22376543209876543 0.7836371527777778 0.22530864197530864 0.7697482638888888 0.2065972222222222 0.7725694444444444 0.19926697530864199 0.7760416666666666 0.19714506172839505
1 0.3982204861111111 0.41107253086419754 0.3971354166666667 0.41531635802469136 0.3880208333333333 0.4184027777777778 0.3851996527777778 0.41531635802469136 0.38671875 0.41300154320987653 0.3940972222222222 0.4097222222222222 0.3980034722222222 0.41107253086419754
1 0.5842013888888888 0.2959104938271605 0.5883246527777778 0.2980324074074074 0.5920138888888888 0.3107638888888889 0.58203125 0.3038194444444444 0.5744357638888888 0.30787037037037035 0.5705295138888888 0.3072916666666667 0.5753038194444444 0.296875 0.583984375 0.2959104938271605
1 0.4565972222222222 0.267554012345679 0.4609375 0.2692901234567901 0.4607204861111111 0.2768132716049383 0.4498697916666667 0.2935956790123457 0.4427083333333333 0.2934027777777778 0.44140625 0.2827932098765432 0.4468315972222222 0.27025462962962965 0.4563802083333333 0.26774691358024694
1 0.3231336805555556 0.47260802469135804 0.3296440972222222 0.47800925925925924 0.3270399305555556 0.49459876543209874 0.314453125 0.49787808641975306 0.3120659722222222 0.4947916666666667 0.3127170138888889 0.4809027777777778 0.3174913194444444 0.4739583333333333 0.3229166666666667 0.47260802469135804
1 0.326171875 0.3425925925925926 0.3311631944444444 0.3489583333333333 0.3292100694444444 0.3663194444444444 0.322265625 0.36554783950617287 0.3187934027777778 0.3559027777777778 0.3200954861111111 0.345679012345679 0.3259548611111111 0.3425925925925926
1 0.4424913194444444 0.2640817901234568 0.4474826388888889 0.2690972222222222 0.4427083333333333 0.2941743827160494 0.4342447916666667 0.2762345679012346 0.4368489583333333 0.2662037037037037 0.4422743055555556 0.2640817901234568
1 0.3706597222222222 0.25983796296296297 0.3765190972222222 0.26350308641975306 0.3786892361111111 0.2698688271604938 0.373046875 0.2835648148148148 0.3665364583333333 0.28684413580246915 0.3634982638888889 0.26871141975308643 0.3704427083333333 0.25983796296296297
1 0.6167534722222222 0.18074845679012347 0.6200086805555556 0.18209876543209877 0.6232638888888888 0.19270833333333334 0.6095920138888888 0.19174382716049382 0.5991753472222222 0.20119598765432098 0.5946180555555556 0.1896219135802469 0.5902777777777778 0.1865354938271605 0.5815972222222222 0.18479938271604937 0.6165364583333334 0.18074845679012347
1 0.3661024305555556 0.16994598765432098 0.3719618055555556 0.171875 0.3661024305555556 0.18267746913580246 0.3522135416666667 0.18113425925925927 0.3485243055555556 0.17554012345679013 0.3493923611111111 0.1712962962962963 0.3658854166666667 0.16994598765432098
1 0.3385416666666667 0.1568287037037037 0.341796875 0.1579861111111111 0.3428819444444444 0.16589506172839505 0.3491753472222222 0.1720679012345679 0.3509114583333333 0.17843364197530864 0.349609375 0.18267746913580246 0.341796875 0.18344907407407407 0.3359375 0.17033179012345678 0.3294270833333333 0.16473765432098766 0.3298611111111111 0.16261574074074073 0.3357204861111111 0.16319444444444445 0.3385416666666667 0.1570216049382716
1 0.3385416666666667 0.1568287037037037 0.341796875 0.1576003086419753 0.3430989583333333 0.16570216049382716 0.3480902777777778 0.1701388888888889 0.37109375 0.1716820987654321 0.3665364583333333 0.18152006172839505 0.3569878472222222 0.18209876543209877 0.3556857638888889 0.1882716049382716 0.3509114583333333 0.18518518518518517 0.3420138888888889 0.18383487654320987 0.3363715277777778 0.1707175925925926 0.3276909722222222 0.16145833333333334 0.3350694444444444 0.16358024691358025 0.3385416666666667 0.1570216049382716
1 0.13585069444444445 0.8310185185185185 0.146484375 0.8321759259259259 0.14756944444444445 0.8348765432098766 0.13802083333333334 0.8389274691358025 0.13368055555555555 0.845679012345679 0.1193576388888889 0.8342978395061729 0.1254340277777778 0.8315972222222222 0.13563368055555555 0.8310185185185185
1 0.10264756944444445 0.8288966049382716 0.11284722222222222 0.8314043209876543 0.11024305555555555 0.8350694444444444 0.10243055555555555 0.8341049382716049 0.10026041666666667 0.8315972222222222 0.10243055555555555 0.8288966049382716
1 0.1273871527777778 0.8742283950617284 0.13020833333333334 0.875 0.1330295138888889 0.8800154320987654 0.12999131944444445 0.8838734567901234 0.13172743055555555 0.8910108024691358 0.12456597222222222 0.8998842592592593 0.10633680555555555 0.9048996913580247 0.099609375 0.9010416666666666 0.08485243055555555 0.9045138888888888 0.0900607638888889 0.8802083333333334 0.09809027777777778 0.8798225308641975 0.10590277777777778 0.8827160493827161 0.1271701388888889 0.8742283950617284
1 0.09505208333333333 0.8784722222222222 0.10677083333333333 0.8817515432098766 0.1267361111111111 0.8751929012345679 0.130859375 0.8800154320987654 0.1291232638888889 0.8842592592592593 0.1310763888888889 0.8908179012345679 0.1273871527777778 0.8960262345679012 0.11284722222222222 0.9035493827160493 0.09830729166666667 0.9020061728395061 0.08528645833333333 0.90625 0.08355034722222222 0.9006558641975309 0.0881076388888889 0.8817515432098766 0.09071180555555555 0.8784722222222222 0.09483506944444445 0.8784722222222222
1 0.1896701388888889 0.2613811728395062 0.19422743055555555 0.265625 0.1948784722222222 0.27218364197530864 0.1892361111111111 0.2849151234567901 0.18229166666666666 0.28973765432098764 0.1799045138888889 0.2849151234567901 0.18033854166666666 0.2698688271604938 0.185546875 0.26157407407407407 0.189453125 0.2613811728395062
1 0.2725694444444444 0.18171296296296297 0.2799479166666667 0.1878858024691358 0.2829861111111111 0.2023533950617284 0.2819010416666667 0.2052469135802469 0.2771267361111111 0.2065972222222222 0.2725694444444444 0.20582561728395063 0.2658420138888889 0.19328703703703703 0.267578125 0.18422067901234568 0.2723524305555556 0.18171296296296297
1 0.2829861111111111 0.1705246913580247 0.2931857638888889 0.18036265432098766 0.2938368055555556 0.18557098765432098 0.2795138888888889 0.1867283950617284 0.2775607638888889 0.18229166666666666 0.2827690972222222 0.1707175925925926
1 0.22135416666666666 0.17650462962962962 0.2261284722222222 0.1857638888888889 0.216796875 0.2019675925925926 0.21028645833333334 0.19945987654320987 0.21180555555555555 0.18287037037037038 0.2170138888888889 0.17669753086419754 0.2211371527777778 0.17650462962962962
1 0.12760416666666666 0.875 0.13151041666666666 0.8798225308641975 0.12999131944444445 0.8834876543209876 0.13151041666666666 0.8908179012345679 0.1271701388888889 0.8967978395061729 0.11263020833333333 0.9041280864197531 0.1056857638888889 0.9048996913580247 0.09874131944444445 0.9021990740740741 0.08550347222222222 0.90625 0.08333333333333333 0.9008487654320988 0.0896267361111111 0.878858024691358 0.09266493055555555 0.8778935185185185 0.10633680555555555 0.8815586419753086 0.1189236111111111 0.8761574074074074 0.1273871527777778 0.875
1 0.11957465277777778 0.2679398148148148 0.13671875 0.2864583333333333 0.1265190972222222 0.2856867283950617 0.123046875 0.29070216049382713 0.11783854166666667 0.28973765432098764 0.11458333333333333 0.2716049382716049 0.11631944444444445 0.2683256172839506 0.1193576388888889 0.2681327160493827
1 0.2072482638888889 0.17554012345679013 0.21202256944444445 0.17881944444444445 0.21375868055555555 0.1857638888888889 0.2094184027777778 0.19695216049382716 0.205078125 0.20003858024691357 0.2026909722222222 0.1996527777777778 0.1987847222222222 0.1857638888888889 0.2029079861111111 0.17804783950617284 0.20703125 0.17554012345679013
1 0.1714409722222222 0.17824074074074073 0.18229166666666666 0.18036265432098766 0.19010416666666666 0.18460648148148148 0.1953125 0.18904320987654322 0.19270833333333334 0.19290123456790123 0.185546875 0.19540895061728394 0.17686631944444445 0.19155092592592593 0.16493055555555555 0.19020061728395063 0.1560329861111111 0.1996527777777778 0.14756944444444445 0.20158179012345678 0.1469184027777778 0.19772376543209877 0.1545138888888889 0.1853780864197531 0.1616753472222222 0.17978395061728394 0.17122395833333334 0.17824074074074073
1 0.064453125 0.826195987654321 0.078125 0.8287037037037037 0.08094618055555555 0.8312114197530864 0.08072916666666667 0.8489583333333334 0.078125 0.8584104938271605 0.07465277777777778 0.8616898148148148 0.06987847222222222 0.859375 0.06792534722222222 0.8452932098765432 0.059027777777777776 0.8385416666666666 0.060546875 0.8279320987654321 0.0642361111111111 0.826195987654321
1 0.07161458333333333 0.42669753086419754 0.08159722222222222 0.42843364197530864 0.08832465277777778 0.43209876543209874 0.0974392361111111 0.4427083333333333 0.09765625 0.45987654320987653 0.09526909722222222 0.4670138888888889 0.09223090277777778 0.46875 0.0818142361111111 0.46739969135802467 0.07291666666666667 0.4635416666666667 0.06076388888888889 0.4538966049382716 0.05078125 0.46103395061728397 0.046223958333333336 0.46084104938271603 0.043402777777777776 0.45717592592592593 0.04665798611111111 0.44656635802469136 0.05251736111111111 0.4407793209876543 0.058159722222222224 0.42901234567901236 0.07139756944444445 0.42669753086419754
1 0.4014756944444444 0.125 0.4029947916666667 0.12654320987654322 0.3986545138888889 0.13329475308641975 0.4032118055555556 0.1404320987654321 0.4012586805555556 0.14332561728395063 0.3921440972222222 0.13676697530864199 0.3878038194444444 0.1267361111111111 0.3901909722222222 0.125 0.4012586805555556 0.125
1 0.13020833333333334 0.1707175925925926 0.13802083333333334 0.17515432098765432 0.15755208333333334 0.17689043209876543 0.15928819444444445 0.17862654320987653 0.1519097222222222 0.1875 0.1469184027777778 0.19810956790123457 0.1371527777777778 0.2040895061728395 0.13368055555555555 0.2017746913580247 0.1349826388888889 0.18460648148148148 0.126953125 0.171875 0.12999131944444445 0.1707175925925926
1 0.1284722222222222 0.17766203703703703 0.13389756944444445 0.18209876543209877 0.1310763888888889 0.19598765432098766 0.11653645833333333 0.2037037037037037 0.10785590277777778 0.2017746913580247 0.10677083333333333 0.1857638888888889 0.11979166666666667 0.17824074074074073 0.12825520833333334 0.17766203703703703
1 0.09678819444444445 0.18422067901234568 0.11024305555555555 0.1865354938271605 0.11219618055555555 0.19888117283950618 0.115234375 0.2029320987654321 0.0859375 0.21334876543209877 0.083984375 0.20949074074074073 0.08854166666666667 0.18942901234567902 0.09114583333333333 0.18460648148148148 0.09657118055555555 0.18422067901234568
1 0.798828125 0 0.8023003472222222 0 0.8118489583333334 0.011574074074074073 0.8103298611111112 0.022183641975308643 0.8029513888888888 0.026041666666666668 0.7938368055555556 0.012152777777777778 0.7951388888888888 0.004436728395061728 0.798828125 0.00019290123456790122
1 0.4574652777777778 0.09182098765432099 0.4611545138888889 0.09452160493827161 0.4644097222222222 0.10609567901234568 0.4548611111111111 0.11824845679012345 0.4529079861111111 0.12422839506172839 0.44921875 0.12307098765432099 0.4474826388888889 0.11284722222222222 0.451171875 0.0954861111111111 0.4572482638888889 0.09182098765432099
1 0.4496527777777778 0.0943287037037037 0.4524739583333333 0.09837962962962964 0.4507378472222222 0.109375 0.4476996527777778 0.11728395061728394 0.4424913194444444 0.1232638888888889 0.4392361111111111 0.12403549382716049 0.4359809027777778 0.12307098765432099 0.4375 0.10300925925925926 0.4431423611111111 0.09567901234567901 0.4494357638888889 0.0943287037037037
1 0.2836371527777778 0.0954861111111111 0.2881944444444444 0.10281635802469136 0.2886284722222222 0.1091820987654321 0.28125 0.11728395061728394 0.279296875 0.12422839506172839 0.2762586805555556 0.1251929012345679 0.2723524305555556 0.12133487654320987 0.2647569444444444 0.12307098765432099 0.2582465277777778 0.11979166666666667 0.26171875 0.11458333333333333 0.2630208333333333 0.10590277777777778 0.2684461805555556 0.09895833333333333 0.2736545138888889 0.0954861111111111 0.2834201388888889 0.0954861111111111
1 0.14735243055555555 0.12962962962962962 0.14713541666666666 0.13368055555555555 0.13736979166666666 0.1388888888888889 0.13411458333333334 0.14564043209876543 0.11631944444444445 0.13310185185185186 0.12630208333333334 0.13001543209876543 0.14713541666666666 0.12962962962962962
1 0.7688802083333334 0 0.7942708333333334 0 0.794921875 0.003472222222222222 0.7931857638888888 0.016010802469135804 0.7864583333333334 0.022569444444444444 0.7829861111111112 0.022569444444444444 0.7760416666666666 0.017939814814814815 0.7684461805555556 0.008680555555555556 0.7669270833333334 0.004629629629629629 0.7688802083333334 0.00019290123456790122
1 0.7124565972222222 0 0.7265625 0 0.7341579861111112 0.005208333333333333 0.734375 0.008294753086419753 0.7196180555555556 0.009837962962962963 0.716796875 0.008487654320987654 0.7124565972222222 0.00019290123456790122
1 0.7109375 0 0.7267795138888888 0 0.7337239583333334 0.005015432098765432 0.7341579861111112 0.007523148148148148 0.7189670138888888 0.009645061728395061 0.7109375 0.00019290123456790122
1 0.11067708333333333 0.13059413580246915 0.11393229166666667 0.13348765432098766 0.10590277777777778 0.13734567901234568 0.10221354166666667 0.13695987654320987 0.10091145833333333 0.13213734567901234 0.11046006944444445 0.13059413580246915
1 0.07118055555555555 0.13310185185185186 0.08246527777777778 0.13368055555555555 0.08116319444444445 0.1545138888888889 0.0779079861111111 0.16570216049382716 0.07486979166666667 0.16878858024691357 0.06966145833333333 0.16512345679012347 0.068359375 0.15219907407407407 0.059895833333333336 0.14756944444444445 0.058159722222222224 0.1440972222222222 0.060980902777777776 0.13425925925925927 0.07096354166666667 0.13310185185185186
1 0.6898871527777778 0 0.7003038194444444 0 0.6929253472222222 0.008680555555555556 0.6892361111111112 0.008101851851851851 0.6898871527777778 0.00019290123456790122
1 0.3858506944444444 0.8445216049382716 0.3856336805555556 0.8454861111111112 0.388671875 0.8491512345679012 0.38647243923611113 0.8588167438271604 0.39245377604166665 0.8557966820987654 0.3973524305555556 0.8599537037037037 0.3999565972222222 0.859375 0.3973524305555556 0.8526234567901234 0.3971354166666667 0.8489583333333334 0.400390625 0.8462577160493827 0.4001736111111111 0.8441358024691358 0.3975694444444444 0.8427854938271605 0.3869357638888889 0.8427854938271605
1 0.4346788194444444 0.8238811728395061 0.4346788194444444 0.8377700617283951 0.4338107638888889 0.841820987654321 0.4348958333333333 0.8433641975308642 0.4361979166666667 0.84375 0.4401041666666667 0.8425925925925926 0.4461805555555556 0.8356481481481481 0.4474826388888889 0.8315972222222222 0.4479166666666667 0.8206018518518519 0.4494357638888889 0.8175154320987654 0.4479166666666667 0.8146219135802469 0.4461805555555556 0.8138503086419753 0.4427083333333333 0.814429012345679 0.4390190972222222 0.8167438271604939 0.435546875 0.8209876543209876
1 0.4499895833333334 0.814833912037037 0.4490379774305555 0.8172499999999999 0.4479505208333333 0.8190619212962963 0.4476996527777778 0.8273533950617284 0.4474826388888889 0.8314043209876543 0.4459635416666667 0.8346836419753086 0.4461805555555556 0.8385416666666666 0.4474826388888889 0.8423996913580247 0.4496527777777778 0.8454861111111112 0.4522569444444444 0.8393132716049383 0.4572482638888889 0.8348765432098766 0.4605034722222222 0.8304398148148148 0.4618055555555556 0.828125 0.4624565972222222 0.8236882716049383 0.458984375 0.8140432098765432 0.4565972222222222 0.8113425925925926 0.4533420138888889 0.8117283950617284
1 0.5180121527777778 0.5920138888888888 0.5173611111111112 0.5958719135802469 0.5188802083333334 0.5997299382716049 0.5210503472222222 0.6022376543209876 0.5225694444444444 0.6099537037037037 0.5256076388888888 0.6114969135802469 0.5295138888888888 0.611304012345679 0.5308159722222222 0.6095679012345679 0.5316840277777778 0.6014660493827161 0.5338541666666666 0.5954861111111112 0.5334201388888888 0.5887345679012346 0.5301649305555556 0.5815972222222222 0.5264756944444444 0.5798611111111112 0.5225694444444444 0.5808256172839507 0.5217013888888888 0.5815972222222222 0.5210503472222222 0.5885416666666666
1 0.5327690972222222 0.5827546296296297 0.5323350694444444 0.5856481481481481 0.5349392361111112 0.5985725308641975 0.5375434027777778 0.6030092592592593 0.5386284722222222 0.6086033950617284 0.5401475694444444 0.6099537037037037 0.5442708333333334 0.6103395061728395 0.5460069444444444 0.6091820987654321 0.5466579861111112 0.607445987654321 0.5466579861111112 0.6018518518518519 0.5514322916666666 0.5962577160493827 0.5512152777777778 0.5931712962962963 0.5460069444444444 0.5885416666666666 0.5425347222222222 0.5815972222222222 0.5401475694444444 0.580054012345679 0.5360243055555556 0.5796682098765432 0.533203125 0.5814043209876543
1 0.4292534722222222 0.45852623456790126 0.4290364583333333 0.46045524691358025 0.4301215277777778 0.4618055555555556 0.4342447916666667 0.46219135802469136 0.4364149305555556 0.46064814814814814 0.4366319444444444 0.4564043209876543 0.4357638888888889 0.4554398148148148 0.4320746527777778 0.45524691358024694 0.4301215277777778 0.4565972222222222
1 0.4073350694444444 0.41087962962962965 0.4069010416666667 0.41184413580246915 0.4077690972222222 0.41454475308641975 0.4114583333333333 0.4193672839506173 0.41796875 0.4193672839506173 0.4216579861111111 0.4226466049382716 0.4236111111111111 0.4214891975308642 0.423828125 0.41975308641975306 0.4268663194444444 0.41512345679012347 0.4251302083333333 0.41300154320987653 0.4216579861111111 0.4112654320987654
1 0.6310763888888888 0.42766203703703703 0.6315104166666666 0.43094135802469136 0.6343315972222222 0.43132716049382713 0.6365017361111112 0.43074845679012347 0.6404079861111112 0.4349922839506173 0.6443142361111112 0.43074845679012347 0.6510416666666666 0.42920524691358025 0.6527777777777778 0.42804783950617287 0.6545138888888888 0.4253472222222222 0.6549479166666666 0.4216820987654321 0.6501736111111112 0.4209104938271605 0.6440972222222222 0.4228395061728395 0.6404079861111112 0.4216820987654321 0.6373697916666666 0.4241898148148148 0.6332465277777778 0.423804012345679
1 0.7306857638888888 0.636766975308642 0.7300347222222222 0.6408179012345679 0.7311197916666666 0.6423611111111112 0.7369791666666666 0.6408179012345679 0.7424045138888888 0.6373456790123457 0.7452256944444444 0.6334876543209876 0.744140625 0.6325231481481481 0.7406684027777778 0.6331018518518519 0.73828125 0.6344521604938271 0.7339409722222222 0.6336805555555556 0.7315538194444444 0.6352237654320988
1 0.6358506944444444 0.6190200617283951 0.6358506944444444 0.6203703703703703 0.6412760416666666 0.6240354938271605 0.6440972222222222 0.626929012345679 0.6451822916666666 0.6232638888888888 0.6447482638888888 0.6190200617283951 0.6408420138888888 0.6174768518518519 0.6369357638888888 0.6178626543209876
1 0.6898871527777778 0.6005015432098766 0.7007378472222222 0.6084104938271605 0.7024739583333334 0.6195987654320988 0.6979166666666666 0.6294367283950617 0.7003038194444444 0.6361882716049383 0.6927083333333334 0.6417824074074074 0.6898871527777778 0.6313657407407407 0.6833767361111112 0.6273148148148148 0.6792534722222222 0.6130401234567902 0.6829427083333334 0.6026234567901234 0.6896701388888888 0.6005015432098766