1 0.7727864583333334 0.9083719135802469 0.7810329861111112 0.9149305555555556 0.7886284722222222 0.9357638888888888 0.779296875 0.9357638888888888 0.767578125 0.9216820987654321 0.7664930555555556 0.9147376543209876 0.7725694444444444 0.9083719135802469
1 0.796875 0.7137345679012346 0.8070746527777778 0.7218364197530864 0.8068576388888888 0.7374614197530864 0.7999131944444444 0.7413194444444444 0.7916666666666666 0.730516975308642 0.7905815972222222 0.7202932098765432 0.7966579861111112 0.7139274691358025
1 0.7864583333333334 0.7106481481481481 0.7912326388888888 0.716820987654321 0.7923177083333334 0.7326388888888888 0.7827690972222222 0.7388117283950617 0.7749565972222222 0.7202932098765432 0.7766927083333334 0.7137345679012346 0.7862413194444444 0.7106481481481481
1 0.6143663194444444 0.8987268518518519 0.6195746527777778 0.9104938271604939 0.60546875 0.9097222222222222 0.5954861111111112 0.918016975308642 0.5913628472222222 0.9072145061728395 0.5776909722222222 0.9010416666666666 0.6141493055555556 0.8987268518518519
1 0.7723524305555556 0.7102623456790124 0.7782118055555556 0.7135416666666666 0.7840711805555556 0.7341820987654321 0.7827690972222222 0.7395833333333334 0.7760416666666666 0.7368827160493827 0.7638888888888888 0.7237654320987654 0.7641059027777778 0.7172067901234568 0.7723524305555556 0.7104552469135802
1 0.7076822916666666 0.7037037037037037 0.7163628472222222 0.7100694444444444 0.7211371527777778 0.7193287037037037 0.7313368055555556 0.7239583333333334 0.7220052083333334 0.7253086419753086 0.7174479166666666 0.7282021604938271 0.7003038194444444 0.7133487654320988 0.7000868055555556 0.7064043209876543 0.703125 0.7033179012345679 0.7074652777777778 0.7037037037037037
1 0.6948784722222222 0.7058256172839507 0.6994357638888888 0.7092978395061729 0.7009548611111112 0.7141203703703703 0.6901041666666666 0.7272376543209876 0.6859809027777778 0.7258873456790124 0.6866319444444444 0.7202932098765432 0.6825086805555556 0.7129629629629629 0.6879340277777778 0.7065972222222222 0.6946614583333334 0.7058256172839507
1 0.7098524305555556 0.6087962962962963 0.7237413194444444 0.6111111111111112 0.7256944444444444 0.6180555555555556 0.7298177083333334 0.6215277777777778 0.7517361111111112 0.6232638888888888 0.7458767361111112 0.6334876543209876 0.734375 0.6408179012345679 0.7311197916666666 0.640625 0.7296006944444444 0.6348379629629629 0.7241753472222222 0.6317515432098766 0.7033420138888888 0.6321373456790124 0.7020399305555556 0.6267361111111112 0.7092013888888888 0.6170910493827161 0.7098524305555556 0.6089891975308642
1 0.7180989583333334 0.5968364197530864 0.7237413194444444 0.5987654320987654 0.7309027777777778 0.6059027777777778 0.73046875 0.609375 0.7239583333333334 0.6116898148148148 0.7098524305555556 0.6111111111111112 0.7055121527777778 0.6087962962962963 0.7068142361111112 0.6026234567901234 0.7133246527777778 0.5974151234567902 0.7178819444444444 0.5968364197530864
1 0.6892361111111112 0.6003086419753086 0.6948784722222222 0.6024305555555556 0.7005208333333334 0.6080246913580247 0.7029079861111112 0.623070987654321 0.7007378472222222 0.6332947530864198 0.6929253472222222 0.6408179012345679 0.69140625 0.6325231481481481 0.6842447916666666 0.6261574074074074 0.6792534722222222 0.6128472222222222 0.6822916666666666 0.6037808641975309 0.6890190972222222 0.6003086419753086
1 0.8628472222222222 0.48051697530864196 0.8667534722222222 0.484375 0.8639322916666666 0.4886188271604938 0.8595920138888888 0.4903549382716049 0.8563368055555556 0.4878472222222222 0.8572048611111112 0.4839891975308642 0.8626302083333334 0.48051697530864196
1 0.7862413194444444 0.4866898148148148 0.7881944444444444 0.4878472222222222 0.7864583333333334 0.4976851851851852 0.7721354166666666 0.4947916666666667 0.775390625 0.4876543209876543 0.7860243055555556 0.4868827160493827
1 0.435546875 0.9762731481481481 0.4457465277777778 0.9814814814814815 0.4565972222222222 0.980516975308642 0.4576822916666667 0.9837962962962963 0.4563802083333333 0.9905478395061729 0.4498697916666667 0.9998070987654321 0.4340277777777778 0.9998070987654321 0.4292534722222222 0.9839891975308642 0.435546875 0.9764660493827161
1 0.4565972222222222 0.8117283950617284 0.4622395833333333 0.8250385802469136 0.4498697916666667 0.8443287037037037 0.4455295138888889 0.8383487654320988 0.447265625 0.8279320987654321 0.4450954861111111 0.8175154320987654 0.4529079861111111 0.8115354938271605 0.4563802083333333 0.8117283950617284
1 0.58984375 0.6161265432098766 0.626953125 0.6195987654320988 0.6202256944444444 0.6240354938271605 0.6184895833333334 0.6344521604938271 0.6087239583333334 0.6334876543209876 0.6024305555555556 0.6404320987654321 0.5993923611111112 0.6294367283950617 0.5865885416666666 0.6195987654320988 0.5859375 0.6163194444444444 0.5896267361111112 0.6161265432098766
1 0.6994357638888888 0.47453703703703703 0.703125 0.47434413580246915 0.7052951388888888 0.47723765432098764 0.7063802083333334 0.49093364197530864 0.7094184027777778 0.4947916666666667 0.7094184027777778 0.498070987654321 0.7065972222222222 0.4990354938271605 0.6974826388888888 0.49614197530864196 0.6953125 0.4809027777777778 0.6994357638888888 0.4747299382716049
1 0.6868489583333334 0.47800925925925924 0.6905381944444444 0.48128858024691357 0.6909722222222222 0.498070987654321 0.6859809027777778 0.4990354938271605 0.6807725694444444 0.498070987654321 0.6799045138888888 0.4866898148148148 0.6820746527777778 0.48032407407407407 0.6866319444444444 0.47800925925925924
1 0.5301649305555556 0.5775462962962963 0.5431857638888888 0.5846836419753086 0.5490451388888888 0.5916280864197531 0.5555555555555556 0.5920138888888888 0.5451388888888888 0.6016589506172839 0.541015625 0.6091820987654321 0.5349392361111112 0.6091820987654321 0.5327690972222222 0.6053240740740741 0.5271267361111112 0.6105324074074074 0.5221354166666666 0.609375 0.5173611111111112 0.5952932098765432 0.5260416666666666 0.5783179012345679 0.5299479166666666 0.5775462962962963
1 0.6404079861111112 0.4664351851851852 0.6453993055555556 0.4712577160493827 0.6510416666666666 0.4876543209876543 0.6475694444444444 0.48726851851851855 0.640625 0.49074074074074076 0.6297743055555556 0.47762345679012347 0.6323784722222222 0.470679012345679 0.6401909722222222 0.46662808641975306
1 0.62109375 0.4849537037037037 0.012152777777777778 0.022376543209876542
1 0.5887586805555556 0.47588734567901236 0.5989583333333334 0.47897376543209874 0.6006944444444444 0.4849537037037037 0.5987413194444444 0.4878472222222222 0.5913628472222222 0.4893904320987654 0.5828993055555556 0.49710648148148145 0.5796440972222222 0.4949845679012346 0.5802951388888888 0.48128858024691357 0.5842013888888888 0.47627314814814814 0.5885416666666666 0.47588734567901236
1 0.7239583333333334 0.3861882716049383 0.7263454861111112 0.3917824074074074 0.7239583333333334 0.4112654320987654 0.7152777777777778 0.40142746913580246 0.7163628472222222 0.3871527777777778 0.7237413194444444 0.3861882716049383
1 0.3387586805555556 0.8695987654320988 0.33984375 0.8775077160493827 0.3435329861111111 0.8831018518518519 0.3489583333333333 0.8859953703703703 0.3628472222222222 0.8869598765432098 0.3626302083333333 0.8896604938271605 0.3552517361111111 0.888695987654321 0.3519965277777778 0.8915895061728395 0.3559027777777778 0.8931327160493827 0.3626302083333333 0.8910108024691358 0.36328125 0.8935185185185185 0.3452690972222222 0.8935185185185185 0.3389756944444444 0.8956404320987654 0.3361545138888889 0.8883101851851852 0.3244357638888889 0.876929012345679 0.3333333333333333 0.8777006172839507 0.3385416666666667 0.8695987654320988
1 0.7137586805555556 0.38425925925925924 0.7176649305555556 0.3869598765432099 0.7163628472222222 0.4012345679012346 0.712890625 0.40933641975308643 0.7102864583333334 0.4106867283950617 0.7052951388888888 0.4079861111111111 0.7046440972222222 0.3902391975308642 0.7135416666666666 0.38425925925925924
1 0.6024305555555556 0.4407793209876543 0.6085069444444444 0.4461805555555556 0.6080729166666666 0.46392746913580246 0.6059027777777778 0.46662808641975306 0.5989583333333334 0.4652777777777778 0.5954861111111112 0.4679783950617284 0.5920138888888888 0.44560185185185186 0.5950520833333334 0.44155092592592593 0.6022135416666666 0.4407793209876543
1 0.6825086805555556 0.3908179012345679 0.6901041666666666 0.3956404320987654 0.6898871527777778 0.40046296296296297 0.6820746527777778 0.4070216049382716 0.6720920138888888 0.41165123456790126 0.6671006944444444 0.4077932098765432 0.6653645833333334 0.4029706790123457 0.6681857638888888 0.39949845679012347 0.6716579861111112 0.4020061728395062 0.6781684027777778 0.3921682098765432 0.6822916666666666 0.3908179012345679
1 0.6493055555555556 0.4060570987654321 0.6681857638888888 0.4089506172839506 0.6686197916666666 0.41898148148148145 0.6651475694444444 0.4214891975308642 0.6564670138888888 0.4211033950617284 0.6510416666666666 0.4268904320987654 0.6432291666666666 0.4288194444444444 0.6404079861111112 0.4324845679012346 0.6315104166666666 0.42862654320987653 0.62890625 0.41512345679012347 0.6302083333333334 0.4077932098765432 0.6334635416666666 0.4060570987654321 0.6490885416666666 0.4060570987654321
1 0.6768663194444444 0.38252314814814814 0.6953125 0.3869598765432099 0.6929253472222222 0.3913966049382716 0.6827256944444444 0.3921682098765432 0.6733940972222222 0.38773148148148145 0.6727430555555556 0.3836805555555556 0.6766493055555556 0.38252314814814814
1 0.6653645833333334 0.3900462962962963 0.6684027777777778 0.3913966049382716 0.6714409722222222 0.4002700617283951 0.6755642361111112 0.4010416666666667 0.67578125 0.4072145061728395 0.671875 0.4112654320987654 0.6512586805555556 0.4045138888888889 0.6566840277777778 0.3917824074074074 0.6651475694444444 0.3900462962962963
1 0.7000868055555556 0.3609182098765432 0.7094184027777778 0.3626543209876543 0.7063802083333334 0.37287808641975306 0.7033420138888888 0.3755787037037037 0.7003038194444444 0.3734567901234568 0.6955295138888888 0.3626543209876543 0.6998697916666666 0.3609182098765432
1 0.6512586805555556 0.38252314814814814 0.6577690972222222 0.3904320987654321 0.6555989583333334 0.4039351851851852 0.6512586805555556 0.4056712962962963 0.6471354166666666 0.4045138888888889 0.6373697916666666 0.39197530864197533 0.6419270833333334 0.3836805555555556 0.6510416666666666 0.38252314814814814
1 0.6141493055555556 0.3917824074074074 0.6197916666666666 0.3939043209876543 0.6234809027777778 0.40007716049382713 0.6189236111111112 0.41724537037037035 0.6167534722222222 0.41878858024691357 0.6078559027777778 0.4166666666666667 0.603515625 0.4012345679012346 0.6091579861111112 0.3917824074074074 0.6139322916666666 0.3917824074074074
1 0.6612413194444444 0.3601466049382716 0.6638454861111112 0.3626543209876543 0.6614583333333334 0.3755787037037037 0.6527777777777778 0.36921296296296297 0.6510416666666666 0.3636188271604938 0.6536458333333334 0.3611111111111111 0.6610243055555556 0.3601466049382716
1 0.6499565972222222 0.3603395061728395 0.6625434027777778 0.361304012345679 0.6614583333333334 0.375 0.654296875 0.36940586419753085 0.6473524305555556 0.3722993827160494 0.640625 0.3663194444444444 0.6401909722222222 0.36072530864197533 0.6497395833333334 0.3603395061728395
1 0.6161024305555556 0.3368055555555556 0.6232638888888888 0.3449074074074074 0.6271701388888888 0.36246141975308643 0.6232638888888888 0.36496913580246915 0.6156684027777778 0.361304012345679 0.6098090277777778 0.3487654320987654 0.6104600694444444 0.34066358024691357 0.6158854166666666 0.3368055555555556
1 0.60546875 0.3368055555555556 0.6091579861111112 0.341820987654321 0.6089409722222222 0.3452932098765432 0.6026475694444444 0.3603395061728395 0.5987413194444444 0.3589891975308642 0.5935329861111112 0.3427854938271605 0.5989583333333334 0.33449074074074076 0.6024305555555556 0.33391203703703703 0.6052517361111112 0.3368055555555556
1 0.7760416666666666 0.19656635802469136 0.7866753472222222 0.20621141975308643 0.7884114583333334 0.2189429012345679 0.7934027777777778 0.22395833333333334 0.7825520833333334 0.22492283950617284 0.7712673611111112 0.21026234567901234 0.7699652777777778 0.203125 0.7758246527777778 0.19675925925925927
1 0.3665364583333333 0.9693287037037037 0.3741319444444444 0.9756944444444444 0.375 0.9810956790123457 0.3687065972222222 0.9945987654320988 0.3630642361111111 0.9967206790123457 0.3595920138888889 0.9774305555555556 0.3663194444444444 0.9693287037037037
1 0.44140625 0.8290895061728395 0.015190972222222222 0.02970679012345679
1 0.3980034722222222 0.8429783950617284 0.4001736111111111 0.8454861111111112 0.3960503472222222 0.8524305555555556 0.4001736111111111 0.8591820987654321 0.3984375 0.8595679012345679 0.3908420138888889 0.8557098765432098 0.3860677083333333 0.8454861111111112 0.3871527777777778 0.8429783950617284 0.3977864583333333 0.8429783950617284
1 0.3602430555555556 0.8836805555555556 0.3648003472222222 0.8871527777777778 0.3648003472222222 0.8942901234567902 0.3628472222222222 0.8962191358024691 0.3489583333333333 0.894483024691358 0.3454861111111111 0.8873456790123457 0.3474392361111111 0.8848379629629629 0.3600260416666667 0.8836805555555556
1 0.337890625 0.8697916666666666 0.3422309027777778 0.8819444444444444 0.3480902777777778 0.8848379629629629 0.3624131944444444 0.8846450617283951 0.3645833333333333 0.8939043209876543 0.3628472222222222 0.8960262345679012 0.3489583333333333 0.8952546296296297 0.345703125 0.8931327160493827 0.3385416666666667 0.8954475308641975 0.3368055555555556 0.888695987654321 0.3244357638888889 0.8767361111111112 0.333984375 0.8777006172839507 0.337890625 0.8699845679012346
1 0.2769097222222222 0.8051697530864198 0.2845052083333333 0.8107638888888888 0.2875434027777778 0.8215663580246914 0.2803819444444444 0.8294753086419753 0.2760416666666667 0.8385416666666666 0.26953125 0.8329475308641975 0.259765625 0.8350694444444444 0.2573784722222222 0.8314043209876543 0.2699652777777778 0.8070987654320988 0.2725694444444444 0.8043981481481481 0.2766927083333333 0.8051697530864198
1 0.185546875 0.9604552469135802 0.1911892361111111 0.9664351851851852 0.19205729166666666 0.9708719135802469 0.18815104166666666 0.9807098765432098 0.1820746527777778 0.9876543209876543 0.1781684027777778 0.986304012345679 0.17708333333333334 0.9702932098765432 0.18229166666666666 0.9608410493827161 0.1853298611111111 0.9604552469135802
1 0.1851128472222222 0.8871527777777778 0.19856770833333334 0.8881172839506173 0.20008680555555555 0.8904320987654321 0.1990017361111111 0.8937114197530864 0.1820746527777778 0.908179012345679 0.1851128472222222 0.8873456790123457
1 0.1740451388888889 0.8813657407407407 0.19401041666666666 0.890625 0.19401041666666666 0.8939043209876543 0.1857638888888889 0.9010416666666666 0.18055555555555555 0.8958333333333334 0.1662326388888889 0.8915895061728395 0.1623263888888889 0.892554012345679 0.1545138888888889 0.9010416666666666 0.1469184027777778 0.9004629629629629 0.1486545138888889 0.8904320987654321 0.15711805555555555 0.8827160493827161 0.16319444444444445 0.8805941358024691 0.173828125 0.8813657407407407
1 0.11631944444444445 0.9606481481481481 0.13172743055555555 0.9774305555555556 0.1306423611111111 0.9797453703703703 0.12586805555555555 0.9789737654320988 0.11979166666666667 0.9826388888888888 0.11458333333333333 0.9809027777777778 0.11263020833333333 0.9712577160493827 0.11263020833333333 0.9625771604938271 0.11610243055555555 0.9606481481481481
1 0.13563368055555555 0.8308256172839507 0.1460503472222222 0.831983024691358 0.14756944444444445 0.8348765432098766 0.13802083333333334 0.8389274691358025 0.13389756944444445 0.8452932098765432 0.12413194444444445 0.8383487654320988 0.12369791666666667 0.8348765432098766 0.126953125 0.8317901234567902 0.13541666666666666 0.8308256172839507
1 0.109375 0.8998842592592593 0.12999131944444445 0.8998842592592593 0.1410590277777778 0.9029706790123457 0.14171006944444445 0.9079861111111112 0.1384548611111111 0.9147376543209876 0.13020833333333334 0.923804012345679 0.1265190972222222 0.9261188271604939 0.11957465277777778 0.9261188271604939 0.1130642361111111 0.9170524691358025 0.09895833333333333 0.9135802469135802 0.09852430555555555 0.9106867283950617 0.1056857638888889 0.9014274691358025 0.1091579861111111 0.9000771604938271
1 0.1265190972222222 0.8748070987654321 0.1310763888888889 0.8802083333333334 0.12999131944444445 0.8940972222222222 0.13346354166666666 0.8917824074074074 0.13541666666666666 0.8967978395061729 0.1265190972222222 0.8967978395061729 0.1130642361111111 0.9004629629629629 0.1052517361111111 0.8977623456790124 0.1076388888888889 0.8836805555555556 0.119140625 0.8765432098765432 0.12630208333333334 0.8748070987654321
1 0.111328125 0.8958333333333334 0.1410590277777778 0.9041280864197531 0.1371527777777778 0.9153163580246914 0.12999131944444445 0.9226466049382716 0.12348090277777778 0.9251543209876543 0.11979166666666667 0.9249614197530864 0.11371527777777778 0.9168595679012346 0.10112847222222222 0.9151234567901234 0.09830729166666667 0.9128086419753086 0.10460069444444445 0.8979552469135802 0.1111111111111111 0.8958333333333334
1 0.4748263888888889 0.4783950617283951 0.4782986111111111 0.482445987654321 0.4793836805555556 0.48996913580246915 0.4774305555555556 0.498070987654321 0.4739583333333333 0.5 0.4702690972222222 0.498070987654321 0.4680989583333333 0.4861111111111111 0.4702690972222222 0.47955246913580246 0.474609375 0.4783950617283951
1 0.484375 0.47010030864197533 0.4880642361111111 0.47704475308641975 0.484375 0.4903549382716049 0.4806857638888889 0.49016203703703703 0.4769965277777778 0.47781635802469136 0.4806857638888889 0.4714506172839506 0.4841579861111111 0.47010030864197533
1 0.5785590277777778 0.38406635802469136 0.5863715277777778 0.3902391975308642 0.5874565972222222 0.404320987654321 0.5787760416666666 0.41358024691358025 0.5668402777777778 0.39467592592592593 0.5705295138888888 0.3883101851851852 0.5783420138888888 0.38406635802469136
1 0.5572916666666666 0.37885802469135804 0.5631510416666666 0.38387345679012347 0.5655381944444444 0.3900462962962963 0.5598958333333334 0.404320987654321 0.5572916666666666 0.4060570987654321 0.5546875 0.4047067901234568 0.5523003472222222 0.39834104938271603 0.5533854166666666 0.3836805555555556 0.5570746527777778 0.37905092592592593
1 0.5542534722222222 0.38175154320987653 0.5570746527777778 0.3836805555555556 0.5546875 0.3993055555555556 0.5434027777777778 0.40489969135802467 0.5388454861111112 0.40142746913580246 0.5425347222222222 0.3871527777777778 0.5457899305555556 0.3836805555555556 0.5540364583333334 0.38175154320987653
1 0.4088541666666667 0.4106867283950617 0.4149305555555556 0.4114583333333333 0.4244791666666667 0.4182098765432099 0.421875 0.4207175925925926 0.4157986111111111 0.4211033950617284 0.4114583333333333 0.4251543209876543 0.4079861111111111 0.421875 0.4040798611111111 0.4114583333333333 0.4086371527777778 0.4106867283950617
1 0.5868055555555556 0.2964891975308642 0.591796875 0.3107638888888889 0.5883246527777778 0.310570987654321 0.58203125 0.30401234567901236 0.5748697916666666 0.3080632716049383 0.5709635416666666 0.3072916666666667 0.5711805555555556 0.3028549382716049 0.5753038194444444 0.2970679012345679 0.5865885416666666 0.2964891975308642
1 0.4572482638888889 0.267554012345679 0.4609375 0.26948302469135804 0.4605034722222222 0.27739197530864196 0.4496527777777778 0.2943672839506173 0.4442274305555556 0.2899305555555556 0.4459635416666667 0.27179783950617287 0.45703125 0.267554012345679
1 0.3218315972222222 0.4724151234567901 0.3296440972222222 0.47723765432098764 0.3272569444444444 0.49459876543209874 0.3142361111111111 0.49710648148148145 0.3120659722222222 0.4947916666666667 0.3127170138888889 0.4809027777777778 0.3172743055555556 0.47415123456790126 0.3216145833333333 0.4724151234567901
1 0.3250868055555556 0.34239969135802467 0.328125 0.3433641975308642 0.3309461805555556 0.3487654320987654 0.3294270833333333 0.3663194444444444 0.3211805555555556 0.36477623456790126 0.3187934027777778 0.35628858024691357 0.3196614583333333 0.3464506172839506 0.3248697916666667 0.34239969135802467
1 0.4463975694444444 0.26851851851851855 0.4474826388888889 0.28684413580246915 0.4429253472222222 0.2941743827160494 0.4342447916666667 0.27237654320987653 0.4392361111111111 0.2638888888888889 0.4424913194444444 0.263695987654321 0.4461805555555556 0.26851851851851855
1 0.373046875 0.25983796296296297 0.3773871527777778 0.2650462962962963 0.3782552083333333 0.27218364197530864 0.3728298611111111 0.2835648148148148 0.3663194444444444 0.28684413580246915 0.3637152777777778 0.2683256172839506 0.3695746527777778 0.25983796296296297 0.3728298611111111 0.25983796296296297
1 0.6163194444444444 0.18055555555555555 0.6204427083333334 0.18267746913580246 0.6232638888888888 0.19309413580246915 0.6095920138888888 0.19232253086419754 0.5989583333333334 0.20119598765432098 0.5946180555555556 0.1896219135802469 0.5815972222222222 0.18460648148148148 0.6161024305555556 0.18074845679012347
1 0.3661024305555556 0.1701388888888889 0.3682725694444444 0.1739969135802469 0.3661024305555556 0.18325617283950618 0.3515625 0.18055555555555555 0.3483072916666667 0.17380401234567902 0.3498263888888889 0.1711033950617284 0.3658854166666667 0.1701388888888889
1 0.3385416666666667 0.1579861111111111 0.341796875 0.1570216049382716 0.3433159722222222 0.16608796296296297 0.3500434027777778 0.1720679012345679 0.3524305555555556 0.17862654320987653 0.3504774305555556 0.18248456790123457 0.3420138888888889 0.18325617283950618 0.328125 0.16550925925925927 0.328125 0.16300154320987653 0.3359375 0.16454475308641975 0.3385416666666667 0.15817901234567902
1 0.11002604166666667 0.8296682098765432 0.11176215277777778 0.8325617283950617 0.107421875 0.8350694444444444 0.10243055555555555 0.8344907407407407 0.1013454861111111 0.8302469135802469 0.10980902777777778 0.8296682098765432
1 0.0935329861111111 0.8780864197530864 0.11328125 0.8825231481481481 0.11610243055555555 0.8859953703703703 0.123046875 0.8856095679012346 0.1265190972222222 0.8782793209876543 0.1291232638888889 0.8831018518518519 0.12825520833333334 0.8937114197530864 0.12065972222222222 0.8977623456790124 0.1091579861111111 0.8989197530864198 0.08550347222222222 0.90625 0.08355034722222222 0.9037422839506173 0.08550347222222222 0.8910108024691358 0.08919270833333333 0.8796296296296297 0.09331597222222222 0.8780864197530864
1 0.1890190972222222 0.2611882716049383 0.19401041666666666 0.265625 0.19466145833333334 0.27295524691358025 0.189453125 0.28433641975308643 0.18294270833333334 0.28973765432098764 0.1799045138888889 0.2862654320987654 0.18033854166666666 0.2690972222222222 0.1851128472222222 0.2619598765432099 0.18880208333333334 0.2611882716049383
1 0.1254340277777778 0.8755787037037037 0.12977430555555555 0.8807870370370371 0.12803819444444445 0.8952546296296297 0.11263020833333333 0.9006558641975309 0.10894097222222222 0.8993055555555556 0.0857204861111111 0.90625 0.08333333333333333 0.9006558641975309 0.0900607638888889 0.8782793209876543 0.109375 0.8819444444444444 0.1252170138888889 0.8755787037037037
1 0.0666232638888889 0.8269675925925926 0.078125 0.8287037037037037 0.08094618055555555 0.8312114197530864 0.08051215277777778 0.8491512345679012 0.078125 0.8578317901234568 0.07465277777777778 0.8616898148148148 0.06987847222222222 0.859375 0.068359375 0.8452932098765432 0.05946180555555555 0.8385416666666666 0.06076388888888889 0.8277391975308642 0.06640625 0.8269675925925926
1 0.12000868055555555 0.2681327160493827 0.1362847222222222 0.2862654320987654 0.1267361111111111 0.2854938271604938 0.123046875 0.29108796296296297 0.11805555555555555 0.28954475308641975 0.11458333333333333 0.27314814814814814 0.1154513888888889 0.2690972222222222 0.11979166666666667 0.2681327160493827
1 0.328125 0.16261574074074073 0.3352864583333333 0.16473765432098766 0.3385416666666667 0.15779320987654322 0.341796875 0.1568287037037037 0.3435329861111111 0.16608796296296297 0.3465711805555556 0.16898148148148148 0.3517795138888889 0.1711033950617284 0.3661024305555556 0.1705246913580247 0.3678385416666667 0.17457561728395063 0.3665364583333333 0.18229166666666666 0.3572048611111111 0.18190586419753085 0.35546875 0.1878858024691358 0.3522135416666667 0.1849922839506173 0.341796875 0.18383487654320987 0.3374565972222222 0.17496141975308643 0.328125 0.16550925925925927 0.328125 0.16280864197530864
1 0.2730034722222222 0.18209876543209877 0.27734375 0.18441358024691357 0.2801649305555556 0.1896219135802469 0.2829861111111111 0.203125 0.279296875 0.20621141975308643 0.2725694444444444 0.2056327160493827 0.2664930555555556 0.19540895061728394 0.2669270833333333 0.1857638888888889 0.2690972222222222 0.18267746913580246 0.2727864583333333 0.18209876543209877
1 0.1994357638888889 0.18306327160493827 0.20182291666666666 0.1857638888888889 0.201171875 0.18904320987654322 0.185546875 0.2038966049382716 0.18250868055555555 0.2029320987654321 0.1877170138888889 0.18479938271604937 0.19921875 0.18325617283950618
1 0.4010416666666667 0.125 0.4027777777777778 0.12654320987654322 0.3988715277777778 0.13406635802469136 0.4032118055555556 0.1404320987654321 0.4012586805555556 0.1427469135802469 0.3921440972222222 0.13695987654320987 0.3880208333333333 0.1267361111111111 0.4008246527777778 0.125
1 0.169921875 0.17843364197530864 0.1857638888888889 0.18132716049382716 0.1957465277777778 0.1875 0.1968315972222222 0.1892361111111111 0.19270833333333334 0.19483024691358025 0.185546875 0.20003858024691357 0.1859809027777778 0.19618055555555555 0.18055555555555555 0.19193672839506173 0.1675347222222222 0.19020061728395063 0.1605902777777778 0.19367283950617284 0.15711805555555555 0.19945987654320987 0.1508246527777778 0.2006172839506173 0.1467013888888889 0.20023148148148148 0.1460503472222222 0.19598765432098766 0.15494791666666666 0.18171296296296297 0.1697048611111111 0.17843364197530864
1 0.07118055555555555 0.4261188271604938 0.0876736111111111 0.4315200617283951 0.095703125 0.4402006172839506 0.0974392361111111 0.46045524691358025 0.0954861111111111 0.466820987654321 0.09223090277777778 0.4685570987654321 0.078125 0.466820987654321 0.060546875 0.4537037037037037 0.05685763888888889 0.4546682098765432 0.054253472222222224 0.4600694444444444 0.050347222222222224 0.46219135802469136 0.045355902777777776 0.45987654320987653 0.04665798611111111 0.44598765432098764 0.05056423611111111 0.4434799382716049 0.05750868055555555 0.43016975308641975 0.060546875 0.42746913580246915 0.07096354166666667 0.4261188271604938
1 0.130859375 0.16820987654320987 0.13975694444444445 0.17380401234567902 0.154296875 0.17592592592592593 0.1586371527777778 0.17862654320987653 0.1447482638888889 0.19714506172839505 0.1404079861111111 0.19463734567901234 0.13585069444444445 0.19579475308641975 0.13541666666666666 0.18229166666666666 0.1267361111111111 0.1720679012345679 0.12760416666666666 0.16917438271604937 0.1306423611111111 0.16820987654320987
1 0.7970920138888888 0 0.8038194444444444 0 0.810546875 0.008680555555555556 0.8118489583333334 0.013888888888888888 0.8107638888888888 0.022569444444444444 0.8072916666666666 0.025848765432098766 0.8023003472222222 0.025655864197530864 0.7938368055555556 0.012345679012345678 0.7934027777777778 0.004822530864197531 0.7970920138888888 0.00019290123456790122
1 0.4565972222222222 0.09162808641975309 0.4600694444444444 0.0935570987654321 0.4644097222222222 0.10590277777777778 0.453125 0.1232638888888889 0.4494357638888889 0.12307098765432099 0.4479166666666667 0.11612654320987655 0.4513888888888889 0.10570987654320987 0.4513888888888889 0.09529320987654322 0.4563802083333333 0.09182098765432099
1 0.4576822916666667 0.09239969135802469 0.4635416666666667 0.10088734567901235 0.4633246527777778 0.10783179012345678 0.4529079861111111 0.1232638888888889 0.4498697916666667 0.12287808641975309 0.4459635416666667 0.11747685185185185 0.4427083333333333 0.12287808641975309 0.4392361111111111 0.12384259259259259 0.4359809027777778 0.12307098765432099 0.4377170138888889 0.10223765432098765 0.4437934027777778 0.0954861111111111 0.4574652777777778 0.09239969135802469
1 0.2769097222222222 0.0920138888888889 0.2855902777777778 0.09780092592592593 0.2888454861111111 0.10706018518518519 0.2762586805555556 0.1251929012345679 0.2723524305555556 0.12133487654320987 0.2619357638888889 0.12229938271604938 0.2575954861111111 0.11959876543209877 0.26171875 0.11477623456790123 0.2634548611111111 0.10570987654320987 0.2708333333333333 0.0933641975308642 0.2766927083333333 0.0920138888888889
1 0.7688802083333334 0 0.7936197916666666 0 0.7944878472222222 0.004243827160493827 0.7931857638888888 0.015625 0.7881944444444444 0.018518518518518517 0.7862413194444444 0.022569444444444444 0.7829861111111112 0.022569444444444444 0.7684461805555556 0.008680555555555556 0.7688802083333334 0.00019290123456790122
1 0.7113715277777778 0 0.7269965277777778 0 0.7341579861111112 0.005015432098765432 0.7341579861111112 0.008487654320987654 0.7269965277777778 0.007716049382716049 0.7204861111111112 0.010030864197530864 0.716796875 0.008294753086419753 0.7113715277777778 0.00019290123456790122
1 0.146484375 0.12962962962962962 0.14713541666666666 0.13368055555555555 0.13758680555555555 0.13908179012345678 0.13389756944444445 0.14564043209876543 0.12196180555555555 0.13695987654320987 0.1213107638888889 0.13368055555555555 0.12955729166666666 0.13001543209876543 0.1462673611111111 0.12962962962962962
1 0.109375 0.13059413580246915 0.11241319444444445 0.13387345679012347 0.10677083333333333 0.13734567901234568 0.10221354166666667 0.13695987654320987 0.099609375 0.13348765432098766 0.10243055555555555 0.13097993827160495 0.1091579861111111 0.13059413580246915
1 0.7048611111111112 0 0.7272135416666666 0 0.7276475694444444 0.0021219135802469135 0.7339409722222222 0.005015432098765432 0.7332899305555556 0.007908950617283951 0.7269965277777778 0.007523148148148148 0.7204861111111112 0.010030864197530864 0.7120225694444444 0.002507716049382716 0.7048611111111112 0.00019290123456790122
1 0.6901041666666666 0 0.6996527777777778 0 0.6927083333333334 0.008680555555555556 0.6892361111111112 0.00636574074074074 0.6901041666666666 0.00019290123456790122
1 0.0703125 0.15075231481481483 0.0234375 0.03607253086419753
1 0.5173611111111112 0.5931712962962963 0.5171440972222222 0.5954861111111112 0.5201822916666666 0.6016589506172839 0.5217013888888888 0.6097608024691358 0.5225694444444444 0.6107253086419753 0.5258246527777778 0.6114969135802469 0.529296875 0.6109182098765432 0.5310329861111112 0.6091820987654321 0.53125 0.6012731481481481 0.5340711805555556 0.595679012345679 0.5345052083333334 0.5829475308641975 0.5329861111111112 0.5798611111111112 0.5295138888888888 0.5777391975308642 0.5260416666666666 0.5788966049382716 0.5243055555555556 0.5850694444444444 0.5184461805555556 0.5906635802469136
1 0.5572916666666666 0.47260802469135804 0.5570746527777778 0.47820216049382713 0.5594618055555556 0.4876543209876543 0.560546875 0.4886188271604938 0.5640190972222222 0.4886188271604938 0.5653211805555556 0.4876543209876543 0.56640625 0.4847608024691358 0.5672743055555556 0.47511574074074076 0.5666232638888888 0.470679012345679 0.5642361111111112 0.4677854938271605 0.5607638888888888 0.4679783950617284 0.5583767361111112 0.4699074074074074
1 0.6575520833333334 0.6267361111111112 0.6573350694444444 0.6302083333333334 0.6597222222222222 0.6304012345679012 0.6751302083333334 0.6277006172839507 0.6827256944444444 0.6277006172839507 0.685546875 0.626929012345679 0.6857638888888888 0.6259645061728395 0.6851128472222222 0.6232638888888888 0.6820746527777778 0.6195987654320988 0.6749131944444444 0.6186342592592593 0.6681857638888888 0.6213348765432098 0.6653645833333334 0.6238425925925926 0.6605902777777778 0.625
1 0.208984375 0.18460648148148148 0.2087673611111111 0.18595679012345678 0.2126736111111111 0.19212962962962962 0.21158854166666666 0.19945987654320987 0.21354166666666666 0.20119598765432098 0.216796875 0.2013888888888889 0.2261284722222222 0.1861496913580247 0.22591145833333334 0.18209876543209877 0.2248263888888889 0.17959104938271606 0.22374131944444445 0.17824074074074073 0.2202690972222222 0.17746913580246915 0.21744791666666666 0.17862654320987653 0.2152777777777778 0.18094135802469136 0.2109375 0.18209876543209877
1 0.2782118055555556 0.18152006172839505 0.2795138888888889 0.1873070987654321 0.2864583333333333 0.1857638888888889 0.2931857638888889 0.1875 0.2951388888888889 0.1857638888888889 0.2955729166666667 0.18209876543209877 0.2864583333333333 0.1726466049382716 0.283203125 0.1707175925925926 0.2827690972222222 0.16956018518518517 0.2816840277777778 0.17689043209876543
1 0.19661458333333334 0.1739969135802469 0.19639756944444445 0.1753472222222222 0.1987847222222222 0.18074845679012347 0.1990017361111111 0.18344907407407407 0.19813368055555555 0.1857638888888889 0.1994357638888889 0.1867283950617284 0.2065972222222222 0.1861496913580247 0.20789930555555555 0.18152006172839505 0.2105034722222222 0.17881944444444445 0.1996527777777778 0.1728395061728395 0.1976996527777778 0.1730324074074074
1 0.111328125 0.1882716049382716 0.1111111111111111 0.1892361111111111 0.11241319444444445 0.1909722222222222 0.11979166666666667 0.19656635802469136 0.126953125 0.19714506172839505 0.12955729166666666 0.19579475308641975 0.1306423611111111 0.19270833333333334 0.1310763888888889 0.18287037037037038 0.1304253472222222 0.18055555555555555 0.12760416666666666 0.17804783950617284 0.12261284722222222 0.17824074074074073 0.11610243055555555 0.18190586419753085 0.11219618055555555 0.18595679012345678
1 0.11566840277777778 0.20621141975308643 0.1154513888888889 0.2204861111111111 0.11979166666666667 0.22627314814814814 0.12239583333333333 0.22839506172839505 0.126953125 0.22878086419753085 0.1304253472222222 0.22781635802469136 0.13389756944444445 0.22453703703703703 0.1410590277777778 0.21354166666666666 0.14192708333333334 0.21026234567901234 0.1410590277777778 0.20640432098765432 0.1371527777777778 0.2038966049382716 0.1330295138888889 0.20466820987654322 0.13020833333333334 0.2033179012345679 0.11957465277777778 0.20466820987654322
1 0.1013454861111111 0.21392746913580246 0.10047743055555555 0.21720679012345678 0.10243055555555555 0.2193287037037037 0.10633680555555555 0.2204861111111111 0.1115451388888889 0.2183641975308642 0.11393229166666667 0.2162422839506173 0.1154513888888889 0.21334876543209877 0.1150173611111111 0.21141975308641975 0.1171875 0.20679012345679013 0.11631944444444445 0.203125 0.11263020833333333 0.2021604938271605 0.10698784722222222 0.2033179012345679
1 0.08723958333333333 0.19888117283950618 0.08658854166666667 0.203125 0.0881076388888889 0.2048611111111111 0.08984375 0.2044753086419753 0.09114583333333333 0.2027391975308642 0.0974392361111111 0.2038966049382716 0.10221354166666667 0.2035108024691358 0.10677083333333333 0.1996527777777778 0.1076388888888889 0.19502314814814814 0.10980902777777778 0.19155092592592593 0.11024305555555555 0.18904320987654322 0.109375 0.1878858024691358 0.10394965277777778 0.18557098765432098 0.091796875 0.18518518518518517 0.09092881944444445 0.1857638888888889
1 0.6412760416666666 0.3599537037037037 0.6534288194444444 0.3626543209876543 0.6512586805555556 0.36959876543209874 0.6477864583333334 0.3722993827160494 0.6436631944444444 0.37037037037037035 0.6382378472222222 0.3626543209876543 0.6410590277777778 0.3599537037037037
1 0.2758246527777778 0.890625 0.2743055555555556 0.8940972222222222 0.2760416666666667 0.8977623456790124 0.279296875 0.8983410493827161 0.2834201388888889 0.8956404320987654 0.2897135416666667 0.8979552469135802 0.2923177083333333 0.8973765432098766 0.2923177083333333 0.8939043209876543 0.2903645833333333 0.8904320987654321 0.2827690972222222 0.8827160493827161 0.2795138888888889 0.8832947530864198 0.2795138888888889 0.8863329475308642
1 0.2638888888888889 0.8975694444444444 0.2638888888888889 0.9045138888888888 0.2688802083333333 0.9131944444444444 0.2730034722222222 0.9158950617283951 0.2758246527777778 0.9164737654320988 0.2795138888888889 0.9160879629629629 0.2803819444444444 0.9143518518518519 0.2775607638888889 0.9072145061728395 0.2777777777777778 0.8975694444444444 0.2769097222222222 0.8962191358024691 0.2732204861111111 0.8931327160493827 0.2688802083333333 0.8917824074074074 0.2654079861111111 0.8940972222222222
1 0.203125 0.886766975308642 0.2055121527777778 0.8931327160493827 0.20985243055555555 0.8973765432098766 0.21028645833333334 0.9045138888888888 0.21158854166666666 0.9070216049382716 0.21354166666666666 0.9083719135802469 0.2152777777777778 0.9072145061728395 0.21744791666666666 0.9021990740740741 0.2241753472222222 0.8940972222222222 0.224609375 0.8898533950617284 0.22395833333333334 0.8871527777777778 0.2202690972222222 0.8825231481481481 0.21484375 0.8836805555555556 0.2133246527777778 0.8850308641975309 0.20616319444444445 0.8831018518518519