1 0.6740451388888888 0.9743441358024691 0.677734375 0.9774305555555556 0.6725260416666666 0.984375 0.6692708333333334 0.9853395061728395 0.6516927083333334 0.9841820987654321 0.6473524305555556 0.9774305555555556 0.6714409722222222 0.9702932098765432 0.6753472222222222 0.9702932098765432 0.673828125 0.9743441358024691
1 0.6640625 0.956983024691358 0.6692708333333334 0.956983024691358 0.6725260416666666 0.9598765432098766 0.6614583333333334 0.9631558641975309 0.638671875 0.9606481481481481 0.6369357638888888 0.9585262345679012 0.6401909722222222 0.9567901234567902 0.6638454861111112 0.956983024691358
1 0.6243489583333334 0.9755015432098766 0.6380208333333334 0.9820601851851852 0.6404079861111112 0.9893904320987654 0.6341145833333334 0.9911265432098766 0.6154513888888888 0.9868827160493827 0.615234375 0.9807098765432098 0.6197916666666666 0.9762731481481481 0.6241319444444444 0.9755015432098766
1 0.6102430555555556 0.9872685185185185 0.6197916666666666 0.9945987654320988 0.62109375 0.9998070987654321 0.5963541666666666 0.9998070987654321 0.5993923611111112 0.9913194444444444 0.6048177083333334 0.9874614197530864 0.6100260416666666 0.9872685185185185
1 0.6039496527777778 0.9575617283950617 0.6052517361111112 0.9600694444444444 0.6022135416666666 0.9672067901234568 0.5989583333333334 0.9666280864197531 0.595703125 0.9598765432098766 0.5983072916666666 0.9571759259259259 0.6037326388888888 0.9575617283950617
1 0.5813802083333334 0.9768518518518519 0.5852864583333334 0.9787808641975309 0.5883246527777778 0.9841820987654321 0.5835503472222222 0.9998070987654321 0.5772569444444444 0.9998070987654321 0.5750868055555556 0.9880401234567902 0.5774739583333334 0.9774305555555556 0.5811631944444444 0.9768518518518519
1 0.5920138888888888 0.9564043209876543 0.5948350694444444 0.9598765432098766 0.58984375 0.9673996913580247 0.5852864583333334 0.9689429012345679 0.5844184027777778 0.9587191358024691 0.591796875 0.9564043209876543
1 0.5772569444444444 0.9739583333333334 0.5802951388888888 0.9774305555555556 0.5744357638888888 0.9905478395061729 0.5672743055555556 0.9878472222222222 0.5668402777777778 0.9816743827160493 0.5698784722222222 0.9766589506172839 0.5770399305555556 0.9739583333333334
1 0.5570746527777778 0.9855324074074074 0.5614149305555556 0.9888117283950617 0.5642361111111112 0.9891975308641975 0.5674913194444444 0.9861111111111112 0.5703125 0.9884259259259259 0.5720486111111112 0.9920910493827161 0.5700954861111112 0.9998070987654321 0.5512152777777778 0.9998070987654321 0.5529513888888888 0.9876543209876543 0.5568576388888888 0.9857253086419753
1 0.5572916666666666 0.9560185185185185 0.5638020833333334 0.9596836419753086 0.5601128472222222 0.9739583333333334 0.5572916666666666 0.9762731481481481 0.5523003472222222 0.9602623456790124 0.552734375 0.9573688271604939 0.5570746527777778 0.9560185185185185
1 0.5744357638888888 0.9330632716049383 0.5818142361111112 0.9425154320987654 0.5783420138888888 0.9581404320987654 0.5674913194444444 0.9608410493827161 0.5607638888888888 0.9432870370370371 0.5642361111111112 0.935570987654321 0.57421875 0.9332561728395061
1 0.529296875 0.9789737654320988 0.5349392361111112 0.9845679012345679 0.5379774305555556 0.9998070987654321 0.5234375 0.9998070987654321 0.5182291666666666 0.9913194444444444 0.5203993055555556 0.9826388888888888 0.5290798611111112 0.9789737654320988
1 0.5049913194444444 0.9739583333333334 0.5143229166666666 0.9774305555555556 0.5177951388888888 0.9809027777777778 0.5130208333333334 0.9965277777777778 0.5093315972222222 0.9998070987654321 0.4991319444444444 0.9998070987654321 0.4978298611111111 0.9809027777777778 0.5049913194444444 0.9741512345679012
1 0.5299479166666666 0.8952546296296297 0.5327690972222222 0.8962191358024691 0.533203125 0.9010416666666666 0.5258246527777778 0.9114583333333334 0.5230034722222222 0.8971836419753086 0.5297309027777778 0.8952546296296297
1 0.5651041666666666 0.7847222222222222 0.578125 0.7908950617283951 0.5794270833333334 0.796875 0.5750868055555556 0.8005401234567902 0.5709635416666666 0.7984182098765432 0.5674913194444444 0.7999614197530864 0.5572916666666666 0.7984182098765432 0.5514322916666666 0.7937885802469136 0.5559895833333334 0.7862654320987654 0.5648871527777778 0.7847222222222222
1 0.400390625 0.953125 0.4090711805555556 0.953125 0.41015625 0.9560185185185185 0.4045138888888889 0.9685570987654321 0.400390625 0.9533179012345679
1 0.7667100694444444 0.7280092592592593 0.7712673611111112 0.7309027777777778 0.7751736111111112 0.7378472222222222 0.7730034722222222 0.753858024691358 0.7786458333333334 0.7621527777777778 0.7762586805555556 0.7650462962962963 0.7712673611111112 0.7631172839506173 0.7658420138888888 0.7654320987654321 0.7628038194444444 0.7619598765432098 0.7628038194444444 0.7509645061728395 0.7588975694444444 0.7370756172839507 0.7664930555555556 0.7280092592592593
1 0.3912760416666667 0.8628472222222222 0.4008246527777778 0.8647762345679012 0.4049479166666667 0.8694058641975309 0.404296875 0.8784722222222222 0.3940972222222222 0.8994984567901234 0.3899739583333333 0.8929398148148148 0.3804253472222222 0.8910108024691358 0.3834635416666667 0.8850308641975309 0.3843315972222222 0.8697916666666666 0.38671875 0.8645833333333334 0.3910590277777778 0.8628472222222222
1 0.7434895833333334 0.6024305555555556 0.7482638888888888 0.6016589506172839 0.7549913194444444 0.6043595679012346 0.7591145833333334 0.6120756172839507 0.7565104166666666 0.6234567901234568 0.75 0.6265432098765432 0.7447916666666666 0.6261574074074074 0.7400173611111112 0.6197916666666666 0.7434895833333334 0.6026234567901234
1 0.7348090277777778 0.6001157407407407 0.7513020833333334 0.6022376543209876 0.7584635416666666 0.6089891975308642 0.7584635416666666 0.6199845679012346 0.7554253472222222 0.6242283950617284 0.7489149305555556 0.6267361111111112 0.73828125 0.6209490740740741 0.7309027777777778 0.6255787037037037 0.7272135416666666 0.6228780864197531 0.7222222222222222 0.6091820987654321 0.7272135416666666 0.6020447530864198 0.7345920138888888 0.6001157407407407
1 0.7341579861111112 0.5993441358024691 0.7415364583333334 0.6035879629629629 0.7398003472222222 0.6192129629629629 0.734375 0.6246141975308642 0.7306857638888888 0.6257716049382716 0.7274305555555556 0.6234567901234568 0.7220052083333334 0.609375 0.7267795138888888 0.6022376543209876 0.7339409722222222 0.5995370370370371
1 0.6564670138888888 0.5931712962962963 0.6703559027777778 0.5966435185185185 0.685546875 0.5947145061728395 0.6825086805555556 0.5985725308641975 0.6833767361111112 0.6165123456790124 0.6781684027777778 0.6155478395061729 0.6720920138888888 0.6182484567901234 0.6612413194444444 0.6082175925925926 0.6545138888888888 0.6080246913580247 0.6508246527777778 0.5952932098765432 0.65625 0.5931712962962963
1 0.4086371527777778 0.6961805555555556 0.4147135416666667 0.703125 0.4147135416666667 0.7100694444444444 0.4064670138888889 0.7235725308641975 0.4014756944444444 0.7256944444444444 0.3995225694444444 0.7220293209876543 0.3999565972222222 0.7037037037037037 0.40234375 0.6988811728395061 0.4084201388888889 0.6961805555555556
1 0.6892361111111112 0.47665895061728397 0.6959635416666666 0.484375 0.6981336805555556 0.49691358024691357 0.6961805555555556 0.5003858024691358 0.6916232638888888 0.5 0.6857638888888888 0.49537037037037035 0.6825086805555556 0.498070987654321 0.6792534722222222 0.4957561728395062 0.6786024305555556 0.47974537037037035 0.6822916666666666 0.47665895061728397 0.6890190972222222 0.47665895061728397
1 0.6180555555555556 0.5057870370370371 0.6256510416666666 0.5086805555555556 0.623046875 0.5231481481481481 0.6163194444444444 0.5179398148148148 0.6124131944444444 0.5090663580246914 0.6130642361111112 0.5065586419753086 0.6178385416666666 0.5057870370370371
1 0.6349826388888888 0.4681712962962963 0.6453993055555556 0.47704475308641975 0.6427951388888888 0.49112654320987653 0.6380208333333334 0.49286265432098764 0.6302083333333334 0.4876543209876543 0.6293402777777778 0.4845679012345679 0.6291232638888888 0.470679012345679 0.6304253472222222 0.4685570987654321 0.634765625 0.4681712962962963
1 0.5991753472222222 0.47685185185185186 0.6067708333333334 0.4841820987654321 0.6059027777777778 0.4947916666666667 0.6022135416666666 0.49440586419753085 0.5987413194444444 0.49016203703703703 0.5872395833333334 0.48726851851851855 0.5863715277777778 0.484375 0.58984375 0.47800925925925924 0.5989583333333334 0.47685185185185186
1 0.5470920138888888 0.5050154320987654 0.5616319444444444 0.5028935185185185 0.5659722222222222 0.5050154320987654 0.5536024305555556 0.5262345679012346 0.5479600694444444 0.5243055555555556 0.5496961805555556 0.5183256172839507 0.5470920138888888 0.5052083333333334
1 0.6098090277777778 0.4407793209876543 0.6145833333333334 0.4461805555555556 0.6156684027777778 0.45987654320987653 0.6128472222222222 0.4618055555555556 0.6080729166666666 0.45968364197530864 0.6028645833333334 0.44598765432098764 0.6037326388888888 0.44212962962962965 0.6095920138888888 0.4407793209876543
1 0.6012369791666666 0.45447530864197533 0.012369791666666666 0.02353395061728395
1 0.3248697916666667 0.7750771604938271 0.3322482638888889 0.7827932098765432 0.3313802083333333 0.7885802469135802 0.3250868055555556 0.7989969135802469 0.3209635416666667 0.7984182098765432 0.3161892361111111 0.7866512345679012 0.3177083333333333 0.7797067901234568 0.3213975694444444 0.7752700617283951 0.3246527777777778 0.7750771604938271
1 0.291015625 0.7584876543209876 0.2964409722222222 0.7598379629629629 0.3111979166666667 0.769483024691358 0.3161892361111111 0.7760416666666666 0.3142361111111111 0.7797067901234568 0.2966579861111111 0.7789351851851852 0.2921006944444444 0.7642746913580247 0.2858072916666667 0.7586805555555556 0.2907986111111111 0.7584876543209876
1 0.2241753472222222 0.7654320987654321 0.2478298611111111 0.7702546296296297 0.2560763888888889 0.7758487654320988 0.248046875 0.783179012345679 0.2345920138888889 0.7864583333333334 0.22526041666666666 0.7768132716049383 0.22135416666666666 0.7689043209876543 0.22135416666666666 0.765625 0.22395833333333334 0.7654320987654321
1 0.7269965277777778 0.3800154320987654 0.73046875 0.38078703703703703 0.7313368055555556 0.38348765432098764 0.7259114583333334 0.38657407407407407 0.7243923611111112 0.3908179012345679 0.7100694444444444 0.3923611111111111 0.7029079861111112 0.3888888888888889 0.6994357638888888 0.38406635802469136 0.7005208333333334 0.38117283950617287 0.7233072916666666 0.3757716049382716 0.7267795138888888 0.3800154320987654
1 0.6345486111111112 0.4056712962962963 0.6686197916666666 0.4079861111111111 0.6681857638888888 0.4212962962962963 0.6612413194444444 0.4268904320987654 0.654296875 0.42592592592592593 0.6477864583333334 0.42862654320987653 0.6399739583333334 0.4226466049382716 0.63671875 0.4226466049382716 0.6336805555555556 0.42573302469135804 0.6321614583333334 0.4243827160493827 0.6297743055555556 0.4106867283950617 0.6304253472222222 0.40760030864197533 0.6343315972222222 0.4056712962962963
1 0.6618923611111112 0.39274691358024694 0.6677517361111112 0.39525462962962965 0.6775173611111112 0.4045138888888889 0.6781684027777778 0.4079861111111111 0.6684027777777778 0.41087962962962965 0.6647135416666666 0.40760030864197533 0.654296875 0.4077932098765432 0.6486545138888888 0.4045138888888889 0.6508246527777778 0.39718364197530864 0.6551649305555556 0.39371141975308643 0.6616753472222222 0.39274691358024694
1 0.6618923611111112 0.3929398148148148 0.6684027777777778 0.39699074074074076 0.669921875 0.4027777777777778 0.6681857638888888 0.4050925925925926 0.6547309027777778 0.4072145061728395 0.6482204861111112 0.4045138888888889 0.6493055555555556 0.39969135802469136 0.654296875 0.3939043209876543 0.6616753472222222 0.3929398148148148
1 0.5327690972222222 0.4670138888888889 0.5362413194444444 0.466820987654321 0.5399305555555556 0.4724151234567901 0.5338541666666666 0.4870756172839506 0.5295138888888888 0.4878472222222222 0.5282118055555556 0.4737654320987654 0.5327690972222222 0.4672067901234568
1 0.6773003472222222 0.38117283950617287 0.6896701388888888 0.38676697530864196 0.6911892361111112 0.3940972222222222 0.6866319444444444 0.39602623456790126 0.6773003472222222 0.39274691358024694 0.6677517361111112 0.39274691358024694 0.6681857638888888 0.3846450617283951 0.6716579861111112 0.38155864197530864 0.6770833333333334 0.38117283950617287
1 0.6349826388888888 0.38271604938271603 0.6395399305555556 0.3871527777777778 0.6404079861111112 0.3923611111111111 0.6375868055555556 0.40239197530864196 0.6338975694444444 0.4066358024691358 0.6302083333333334 0.4058641975308642 0.6273871527777778 0.3933256172839506 0.6302083333333334 0.38252314814814814 0.634765625 0.38271604938271603
1 0.6100260416666666 0.3923611111111111 0.6158854166666666 0.39544753086419754 0.6202256944444444 0.39525462962962965 0.6226128472222222 0.39795524691358025 0.6163194444444444 0.41550925925925924 0.6128472222222222 0.41724537037037035 0.6022135416666666 0.4166666666666667 0.6006944444444444 0.4149305555555556 0.603515625 0.4085648148148148 0.603515625 0.3975694444444444 0.6061197916666666 0.3933256172839506 0.6098090277777778 0.3923611111111111
1 0.6284722222222222 0.37962962962962965 0.6321614583333334 0.38290895061728397 0.6319444444444444 0.38580246913580246 0.6278211805555556 0.3940972222222222 0.6234809027777778 0.39679783950617287 0.619140625 0.39371141975308643 0.6184895833333334 0.3869598765432099 0.6282552083333334 0.37962962962962965
1 0.4809027777777778 0.4731867283950617 0.4841579861111111 0.4756944444444444 0.4852430555555556 0.4809027777777778 0.4774305555555556 0.49459876543209874 0.474609375 0.48051697530864196 0.4772135416666667 0.47453703703703703 0.4806857638888889 0.4731867283950617
1 0.4711371527777778 0.47762345679012347 0.474609375 0.48225308641975306 0.4752604166666667 0.49170524691358025 0.4739583333333333 0.4974922839506173 0.4709201388888889 0.4988425925925926 0.4685329861111111 0.498070987654321 0.4644097222222222 0.4847608024691358 0.4670138888888889 0.47858796296296297 0.4709201388888889 0.47762345679012347
1 0.578125 0.38503086419753085 0.5859375 0.3894675925925926 0.5902777777777778 0.4077932098765432 0.5813802083333334 0.40760030864197533 0.5740017361111112 0.41165123456790126 0.5740017361111112 0.4045138888888889 0.5698784722222222 0.3933256172839506 0.5779079861111112 0.38522376543209874
1 0.5572916666666666 0.3794367283950617 0.5694444444444444 0.3871527777777778 0.5690104166666666 0.39621913580246915 0.5642361111111112 0.40219907407407407 0.560546875 0.40489969135802467 0.5494791666666666 0.4052854938271605 0.5494791666666666 0.3873456790123457 0.5570746527777778 0.37962962962962965
1 0.23763020833333334 0.6898148148148148 0.24131944444444445 0.6930941358024691 0.2439236111111111 0.7023533950617284 0.2387152777777778 0.7102623456790124 0.23828125 0.7197145061728395 0.2261284722222222 0.7170138888888888 0.2241753472222222 0.7133487654320988 0.220703125 0.7177854938271605 0.20963541666666666 0.7143132716049383 0.21788194444444445 0.6994598765432098 0.2269965277777778 0.6905864197530864 0.23741319444444445 0.6900077160493827
1 0.1781684027777778 0.7635030864197531 0.18294270833333334 0.7654320987654321 0.1875 0.7725694444444444 0.1877170138888889 0.7762345679012346 0.1814236111111111 0.7860725308641975 0.18229166666666666 0.7935956790123457 0.17078993055555555 0.7897376543209876 0.1684027777777778 0.7870370370370371 0.16514756944444445 0.7901234567901234 0.16015625 0.7887731481481481 0.1681857638888889 0.7662037037037037 0.1720920138888889 0.7631172839506173 0.1779513888888889 0.7635030864197531
1 0.1273871527777778 0.7654320987654321 0.1404079861111111 0.7671682098765432 0.14453125 0.7721836419753086 0.13953993055555555 0.7897376543209876 0.1371527777777778 0.7912808641975309 0.1267361111111111 0.7874228395061729 0.1193576388888889 0.7756558641975309 0.12000868055555555 0.7679398148148148 0.123046875 0.7654320987654321 0.1271701388888889 0.7654320987654321
1 0.10286458333333333 0.7170138888888888 0.11957465277777778 0.7179783950617284 0.12630208333333334 0.7270447530864198 0.12000868055555555 0.7295524691358025 0.109375 0.7278163580246914 0.10286458333333333 0.7202932098765432 0.10286458333333333 0.7172067901234568
1 0.11610243055555555 0.7540509259259259 0.11827256944444445 0.7584876543209876 0.11284722222222222 0.7760416666666666 0.10633680555555555 0.7818287037037037 0.09483506944444445 0.7868441358024691 0.08658854166666667 0.7864583333333334 0.09461805555555555 0.7723765432098766 0.11610243055555555 0.7542438271604939
1 0.6351996527777778 0.359375 0.6560329861111112 0.36149691358024694 0.6536458333333334 0.37210648148148145 0.6508246527777778 0.3726851851851852 0.6475694444444444 0.3653549382716049 0.6438802083333334 0.36651234567901236 0.6419270833333334 0.3707561728395062 0.6371527777777778 0.37210648148148145 0.6354166666666666 0.3595679012345679
1 0.6200086805555556 0.33699845679012347 0.62890625 0.3385416666666667 0.6334635416666666 0.3460648148148148 0.6299913194444444 0.3603395061728395 0.6197916666666666 0.3643904320987654 0.6165364583333334 0.3630401234567901 0.6163194444444444 0.35532407407407407 0.6119791666666666 0.3460648148148148 0.6158854166666666 0.33834876543209874 0.6197916666666666 0.33699845679012347
1 0.0837673611111111 0.7671682098765432 0.08875868055555555 0.7725694444444444 0.08463541666666667 0.7868441358024691 0.07942708333333333 0.7897376543209876 0.06879340277777778 0.7907021604938271 0.060980902777777776 0.7887731481481481 0.06315104166666667 0.7795138888888888 0.07313368055555555 0.7689043209876543 0.08355034722222222 0.7671682098765432
1 0.0744357638888889 0.716820987654321 0.07747395833333333 0.7266589506172839 0.07508680555555555 0.7303240740740741 0.0661892361111111 0.7276234567901234 0.06510416666666667 0.7241512345679012 0.06749131944444445 0.7170138888888888 0.07421875 0.716820987654321
1 0.4151475694444444 0.4114583333333333 0.4216579861111111 0.41782407407407407 0.4186197916666667 0.4207175925925926 0.4066840277777778 0.41473765432098764 0.4058159722222222 0.4112654320987654 0.4149305555555556 0.4114583333333333
1 0.5798611111111112 0.2959104938271605 0.5833333333333334 0.296875 0.5828993055555556 0.30343364197530864 0.5779079861111112 0.3132716049382716 0.5748697916666666 0.3140432098765432 0.5729166666666666 0.2970679012345679 0.5796440972222222 0.2959104938271605
1 0.439453125 0.2660108024691358 0.4507378472222222 0.2681327160493827 0.4555121527777778 0.27237654320987653 0.4459635416666667 0.30073302469135804 0.4429253472222222 0.30266203703703703 0.4381510416666667 0.2970679012345679 0.4283854166666667 0.2966820987654321 0.4320746527777778 0.29012345679012347 0.43359375 0.27218364197530864 0.4392361111111111 0.2660108024691358
1 0.2170138888888889 0.4419367283950617 0.2204861111111111 0.4444444444444444 0.22135416666666666 0.4496527777777778 0.2185329861111111 0.4546682098765432 0.21397569444444445 0.4564043209876543 0.20985243055555555 0.4535108024691358 0.20789930555555555 0.44502314814814814 0.20985243055555555 0.4425154320987654 0.216796875 0.4419367283950617
1 0.1130642361111111 0.2646604938271605 0.12586805555555555 0.2725694444444444 0.1273871527777778 0.2760416666666667 0.12434895833333333 0.27816358024691357 0.1208767361111111 0.28973765432098764 0.10590277777777778 0.30246913580246915 0.10590277777777778 0.29012345679012347 0.11436631944444445 0.27314814814814814 0.11284722222222222 0.2646604938271605
1 0.6095920138888888 0.18171296296296297 0.6232638888888888 0.1853780864197531 0.6280381944444444 0.18981481481481483 0.6254340277777778 0.19926697530864199 0.6139322916666666 0.203125 0.6059027777777778 0.2006172839506173 0.599609375 0.19290123456790123 0.6015625 0.1857638888888889 0.609375 0.18171296296296297
1 0.3715277777777778 0.17843364197530864 0.3786892361111111 0.1857638888888889 0.3786892361111111 0.1892361111111111 0.3732638888888889 0.2006172839506173 0.3702256944444444 0.20158179012345678 0.3663194444444444 0.19984567901234568 0.3619791666666667 0.1878858024691358 0.3661024305555556 0.17978395061728394 0.3713107638888889 0.17843364197530864
1 0.8140190972222222 0.12152777777777778 0.8220486111111112 0.13348765432098766 0.8200954861111112 0.14718364197530864 0.8257378472222222 0.15779320987654322 0.8174913194444444 0.1554783950617284 0.8138020833333334 0.15991512345679013 0.8098958333333334 0.15432098765432098 0.8051215277777778 0.13001543209876543 0.8094618055555556 0.12307098765432099 0.8138020833333334 0.12172067901234568
1 0.3385416666666667 0.16203703703703703 0.3600260416666667 0.17611882716049382 0.3619791666666667 0.18267746913580246 0.359375 0.1876929012345679 0.341796875 0.18016975308641975 0.3355034722222222 0.16493055555555555 0.3383246527777778 0.16203703703703703
1 0.2697482638888889 0.1724537037037037 0.2790798611111111 0.17515432098765432 0.2897135416666667 0.17515432098765432 0.298828125 0.17881944444444445 0.2999131944444444 0.18209876543209877 0.2966579861111111 0.18557098765432098 0.2866753472222222 0.19135802469135801 0.2758246527777778 0.1886574074074074 0.2658420138888889 0.17515432098765432 0.2671440972222222 0.1724537037037037 0.26953125 0.1724537037037037
1 0.2183159722222222 0.1724537037037037 0.2267795138888889 0.17476851851851852 0.23155381944444445 0.18209876543209877 0.23155381944444445 0.1857638888888889 0.22547743055555555 0.19560185185185186 0.2267795138888889 0.1996527777777778 0.2241753472222222 0.20042438271604937 0.2163628472222222 0.19945987654320987 0.21354166666666666 0.19714506172839505 0.20616319444444445 0.19945987654320987 0.2029079861111111 0.19656635802469136 0.21158854166666666 0.17476851851851852 0.21809895833333334 0.1724537037037037
1 0.18229166666666666 0.17843364197530864 0.1870659722222222 0.18132716049382716 0.18836805555555555 0.1857638888888889 0.18294270833333334 0.1996527777777778 0.17903645833333334 0.2023533950617284 0.16666666666666666 0.19675925925925927 0.16124131944444445 0.18229166666666666 0.1644965277777778 0.17824074074074073 0.1820746527777778 0.17843364197530864
1 0.16124131944444445 0.16743827160493827 0.158203125 0.18209876543209877 0.15147569444444445 0.19270833333333334 0.13802083333333334 0.20042438271604937 0.1332465277777778 0.2013888888888889 0.1291232638888889 0.19945987654320987 0.14322916666666666 0.17843364197530864 0.16102430555555555 0.16763117283950618
1 0.1232638888888889 0.18209876543209877 0.12977430555555555 0.1861496913580247 0.12803819444444445 0.1996527777777778 0.1232638888888889 0.2040895061728395 0.10785590277777778 0.2056327160493827 0.10199652777777778 0.2038966049382716 0.10416666666666667 0.19618055555555555 0.1115451388888889 0.1865354938271605 0.123046875 0.18209876543209877
1 0.7651909722222222 0 0.7996961805555556 0 0.8005642361111112 0.008487654320987654 0.798828125 0.015239197530864198 0.7934027777777778 0.017939814814814815 0.7864583333333334 0.017746913580246913 0.7795138888888888 0.012924382716049383 0.7723524305555556 0.01716820987654321 0.7680121527777778 0.012152777777777778 0.7651909722222222 0.00019290123456790122
1 0.453125 0.0935570987654321 0.4585503472222222 0.09818672839506173 0.4607204861111111 0.10609567901234568 0.4546440972222222 0.11728395061728394 0.4494357638888889 0.12210648148148148 0.4461805555555556 0.12210648148148148 0.4444444444444444 0.11979166666666667 0.4429253472222222 0.10532407407407407 0.4466145833333333 0.09490740740740741 0.4529079861111111 0.0935570987654321
1 0.4440104166666667 0.08796296296296297 0.4481336805555556 0.0954861111111111 0.4440104166666667 0.11631944444444445 0.4424913194444444 0.11979166666666667 0.4364149305555556 0.12152777777777778 0.4340277777777778 0.11979166666666667 0.4333767361111111 0.10204475308641975 0.4385850694444444 0.08873456790123457 0.4437934027777778 0.08796296296296297
1 0.2797309027777778 0.0941358024691358 0.283203125 0.0954861111111111 0.287109375 0.10532407407407407 0.2866753472222222 0.1095679012345679 0.2810329861111111 0.11535493827160494 0.2827690972222222 0.1232638888888889 0.2690972222222222 0.11998456790123457 0.2615017361111111 0.12152777777777778 0.2526041666666667 0.11959876543209877 0.2530381944444444 0.11631944444444445 0.2582465277777778 0.11265432098765432 0.2595486111111111 0.10551697530864197 0.2686631944444444 0.09587191358024691 0.2795138888888889 0.0941358024691358
1 0.0861545138888889 0.17515432098765432 0.10460069444444445 0.17862654320987653 0.11089409722222222 0.18229166666666666 0.11176215277777778 0.1857638888888889 0.109375 0.1886574074074074 0.09244791666666667 0.19444444444444445 0.08506944444444445 0.19270833333333334 0.07725694444444445 0.18209876543209877 0.07855902777777778 0.17862654320987653 0.0859375 0.17515432098765432
1 0.1577690972222222 0.12827932098765432 0.16319444444444445 0.13059413580246915 0.16710069444444445 0.13695987654320987 0.16536458333333334 0.140625 0.16102430555555555 0.1413966049382716 0.1506076388888889 0.1396604938271605 0.1421440972222222 0.13020833333333334 0.15755208333333334 0.12827932098765432
1 0.04709201388888889 0.7581018518518519 0.06293402777777778 0.7621527777777778 0.07074652777777778 0.7689043209876543 0.0681423611111111 0.7731481481481481 0.05967881944444445 0.7743055555555556 0.05056423611111111 0.7791280864197531 0.04470486111111111 0.777391975308642 0.036675347222222224 0.7644675925925926 0.037109375 0.7615740740740741 0.046875 0.7581018518518519
1 0.022569444444444444 0.7141203703703703 0.031901041666666664 0.7166280864197531 0.046875 0.7170138888888888 0.041449652777777776 0.7253086419753086 0.03993055555555555 0.7395833333333334 0.029947916666666668 0.7465277777777778 0.020182291666666668 0.7208719135802469 0.022352430555555556 0.7141203703703703
1 0.7065972222222222 0 0.7237413194444444 0 0.7259114583333334 0.008487654320987654 0.7243923611111112 0.010030864197530864 0.720703125 0.008680555555555556 0.7135416666666666 0.010030864197530864 0.7065972222222222 0.00019290123456790122
1 0.11631944444444445 0.13040123456790123 0.11827256944444445 0.1400462962962963 0.11631944444444445 0.14564043209876543 0.10590277777777778 0.1412037037037037 0.10698784722222222 0.13155864197530864 0.11610243055555555 0.13040123456790123
1 0.06488715277777778 0.13155864197530864 0.08897569444444445 0.13348765432098766 0.08159722222222222 0.1402391975308642 0.08094618055555555 0.1545138888888889 0.07118055555555555 0.16435185185185186 0.068359375 0.16145833333333334 0.06705729166666667 0.15123456790123457 0.05859375 0.13406635802469136 0.060546875 0.13117283950617284 0.0646701388888889 0.13155864197530864
1 0.0700954861111111 0.8545524691358025 0.07552083333333333 0.8578317901234568 0.08094618055555555 0.8659336419753086 0.07921006944444445 0.8707561728395061 0.06749131944444445 0.8827160493827161 0.06163194444444445 0.8842592592592593 0.06358506944444445 0.8695987654320988 0.0700954861111111 0.8547453703703703
1 0.3693576388888889 0.2959104938271605 0.3689236111111111 0.296875 0.3721788194444444 0.3013117283950617 0.3767361111111111 0.30478395061728397 0.3802083333333333 0.30536265432098764 0.37948177083333334 0.3001190200617284 0.38246397569444446 0.2970613425925926 0.3871527777777778 0.2966820987654321 0.3843315972222222 0.29552469135802467 0.3723958333333333 0.294945987654321
1 0.4494357638888889 0.3599537037037037 0.44921875 0.3628472222222222 0.45270095486111106 0.36502719907407405 0.45372743055555553 0.36837191358024696 0.4546399739583334 0.37050038580246913 0.4553244357638889 0.3712098765432099 0.4555121527777778 0.3724922839506173 0.4568070746527778 0.3638107638888889 0.45760546875 0.3719193672839506 0.4601148003472222 0.3698921682098765 0.4615885416666667 0.361304012345679 0.4600694444444444 0.3591820987654321 0.4526909722222222 0.3589891975308642 0.4496527777777778 0.359375
1 0.6959635416666666 0.5254629629629629 0.6953125 0.5260416666666666 0.697265625 0.5270061728395061 0.6990017361111112 0.5291280864197531 0.6974826388888888 0.5329861111111112 0.6983506944444444 0.5368441358024691 0.6998697916666666 0.5383873456790124 0.7029079861111112 0.5370370370370371 0.7135416666666666 0.5264274691358025 0.7137586805555556 0.5225694444444444 0.7105034722222222 0.5239197530864198 0.705078125 0.5235339506172839
1 0.6767549913194445 0.5202119984567901 0.6808561197916667 0.5260416666666666 0.6821582031250001 0.5264274691358025 0.6847623697916667 0.5308641975308642 0.6856304253472223 0.5358796296296297 0.68663671875 0.5415389660493828 0.6910434027777778 0.5311290509259259 0.6990553385416667 0.5324342206790124 0.6912727864583333 0.5250771604938271 0.6891026475694445 0.5229552469135802 0.6867154947916667 0.5221836419753086 0.6830262586805556 0.5225694444444444
1 0.6638454861111112 0.5214120370370371 0.6634114583333334 0.5223765432098766 0.6671006944444444 0.5243055555555556 0.6684027777777778 0.5260416666666666 0.6716579861111112 0.5268132716049383 0.6702118055555555 0.5221105324074075 0.6742621527777778 0.5219907407407407 0.6729600694444444 0.5212191358024691 0.6647135416666666 0.5198688271604939
1 0.3882378472222222 0.7062114197530864 0.3888888888888889 0.7210648148148148 0.3893229166666667 0.7237654320987654 0.390625 0.7251157407407407 0.3986545138888889 0.7204861111111112 0.3997395833333333 0.716820987654321 0.4012586805555556 0.7106481481481481 0.4021267361111111 0.6965663580246914 0.4016927083333333 0.6923225308641975 0.400390625 0.6902006172839507 0.3973524305555556 0.689429012345679 0.3930121527777778 0.6921296296296297 0.3921440972222222 0.6969521604938271