1 0.671875 0.9704861111111112 0.6755642361111112 0.9702932098765432 0.6725260416666666 0.9739583333333334 0.6770833333333334 0.9770447530864198 0.671875 0.9847608024691358 0.6579861111111112 0.984375 0.6508246527777778 0.9818672839506173 0.6495225694444444 0.9783950617283951 0.671875 0.970679012345679
1 0.6640625 0.9571759259259259 0.6703559027777778 0.9596836419753086 0.6697048611111112 0.9633487654320988 0.6647135416666666 0.9673996913580247 0.6586371527777778 0.9635416666666666 0.6414930555555556 0.9598765432098766 0.6434461805555556 0.9573688271604939 0.6638454861111112 0.9571759259259259
1 0.62109375 0.9745370370370371 0.63671875 0.9809027777777778 0.6378038194444444 0.9895833333333334 0.630859375 0.9917052469135802 0.6161024305555556 0.984375 0.6154513888888888 0.9756944444444444 0.6208767361111112 0.9745370370370371
1 0.6098090277777778 0.9874614197530864 0.619140625 0.9947916666666666 0.6213107638888888 0.9998070987654321 0.5963541666666666 0.9998070987654321 0.5987413194444444 0.9911265432098766 0.6056857638888888 0.9872685185185185 0.6095920138888888 0.9874614197530864
1 0.6019965277777778 0.9571759259259259 0.6056857638888888 0.9594907407407407 0.6022135416666666 0.9672067901234568 0.5989583333333334 0.966820987654321 0.5954861111111112 0.9598765432098766 0.5974392361111112 0.9573688271604939 0.6017795138888888 0.9571759259259259
1 0.5930989583333334 0.9567901234567902 0.5950520833333334 0.9600694444444444 0.58984375 0.9675925925925926 0.5850694444444444 0.9699074074074074 0.5846354166666666 0.9579475308641975 0.5928819444444444 0.9567901234567902
1 0.7688802083333334 0.7285879629629629 0.7749565972222222 0.7374614197530864 0.7727864583333334 0.7525077160493827 0.7784288194444444 0.7621527777777778 0.7764756944444444 0.7650462962962963 0.7727864583333334 0.7631172839506173 0.7654079861111112 0.7650462962962963 0.7628038194444444 0.7619598765432098 0.7630208333333334 0.7515432098765432 0.7586805555555556 0.7372685185185185 0.7651909722222222 0.7282021604938271 0.7686631944444444 0.7285879629629629
1 0.5401475694444444 0.8958333333333334 0.5397135416666666 0.90625 0.5364583333333334 0.9052854938271605 0.5325520833333334 0.8971836419753086 0.5399305555555556 0.8958333333333334
1 0.4006076388888889 0.953125 0.4090711805555556 0.953125 0.4099392361111111 0.9552469135802469 0.4086371527777778 0.9604552469135802 0.404296875 0.9639274691358025 0.4008246527777778 0.9592978395061729 0.4006076388888889 0.9533179012345679
1 0.7486979166666666 0.6018518518518519 0.7565104166666666 0.6059027777777778 0.7591145833333334 0.6122685185185185 0.7584635416666666 0.6205632716049383 0.7491319444444444 0.626929012345679 0.7447916666666666 0.6259645061728395 0.7406684027777778 0.6199845679012346 0.7426215277777778 0.6043595679012346 0.7484809027777778 0.6018518518518519
1 0.7345920138888888 0.6003086419753086 0.7515190972222222 0.6024305555555556 0.7584635416666666 0.6091820987654321 0.7584635416666666 0.6199845679012346 0.7556423611111112 0.6240354938271605 0.7482638888888888 0.6271219135802469 0.7378472222222222 0.6205632716049383 0.7311197916666666 0.625 0.7272135416666666 0.623070987654321 0.72265625 0.6084104938271605 0.7269965277777778 0.6022376543209876 0.734375 0.6003086419753086
1 0.7341579861111112 0.5997299382716049 0.7411024305555556 0.6032021604938271 0.7393663194444444 0.6197916666666666 0.7339409722222222 0.6242283950617284 0.7293836805555556 0.6248070987654321 0.7230902777777778 0.6124614197530864 0.7237413194444444 0.6053240740740741 0.7339409722222222 0.5999228395061729
1 0.6586371527777778 0.5929783950617284 0.66796875 0.5962577160493827 0.6788194444444444 0.5941358024691358 0.6829427083333334 0.5972222222222222 0.6825086805555556 0.6087962962962963 0.6801215277777778 0.6126543209876543 0.6820746527777778 0.6197916666666666 0.6792534722222222 0.6205632716049383 0.6697048611111112 0.6168981481481481 0.6614583333333334 0.6078317901234568 0.6545138888888888 0.6080246913580247 0.6512586805555556 0.5954861111111112 0.654296875 0.5929783950617284 0.6584201388888888 0.5929783950617284
1 0.408203125 0.6957947530864198 0.4131944444444444 0.6994598765432098 0.4149305555555556 0.7104552469135802 0.4051649305555556 0.7237654320987654 0.4010416666666667 0.7255015432098766 0.3999565972222222 0.7075617283950617 0.4045138888888889 0.6971450617283951 0.4079861111111111 0.6957947530864198
1 0.4021267361111111 0.6954089506172839 0.4114583333333333 0.6975308641975309 0.4151475694444444 0.7085262345679012 0.4079861111111111 0.7202932098765432 0.4010416666666667 0.7253086419753086 0.3975694444444444 0.7158564814814815 0.3943142361111111 0.7214506172839507 0.3901909722222222 0.7235725308641975 0.3884548611111111 0.7064043209876543 0.3947482638888889 0.6961805555555556 0.4019097222222222 0.6954089506172839
1 0.3259548611111111 0.7754629629629629 0.3307291666666667 0.779320987654321 0.3322482638888889 0.7841435185185185 0.3274739583333333 0.796875 0.3246527777777778 0.7989969135802469 0.3207465277777778 0.7980324074074074 0.31640625 0.7827932098765432 0.3213975694444444 0.7754629629629629 0.3257378472222222 0.7754629629629629
1 0.2951388888888889 0.7592592592592593 0.3131510416666667 0.7716049382716049 0.3157552083333333 0.7758487654320988 0.3142361111111111 0.7800925925925926 0.3051215277777778 0.7779706790123457 0.2966579861111111 0.7787422839506173 0.2921006944444444 0.7644675925925926 0.2860243055555556 0.7588734567901234 0.294921875 0.7592592592592593
1 0.2204861111111111 0.7648533950617284 0.2478298611111111 0.7708333333333334 0.2569444444444444 0.7758487654320988 0.248046875 0.7854938271604939 0.24110243055555555 0.7826003086419753 0.2322048611111111 0.7853009259259259 0.2280815972222222 0.779320987654321 0.2280815972222222 0.7725694444444444 0.2204861111111111 0.7650462962962963
1 0.12803819444444445 0.7658179012345679 0.1404079861111111 0.7671682098765432 0.1443142361111111 0.7721836419753086 0.13932291666666666 0.7897376543209876 0.1371527777777778 0.7910879629629629 0.12630208333333334 0.7866512345679012 0.119140625 0.7731481481481481 0.12065972222222222 0.7671682098765432 0.12782118055555555 0.7658179012345679
1 0.11979166666666667 0.7557870370370371 0.123046875 0.7544367283950617 0.123046875 0.7590663580246914 0.11067708333333333 0.779320987654321 0.09895833333333333 0.7833719135802469 0.09505208333333333 0.783179012345679 0.09266493055555555 0.7798996913580247 0.09461805555555555 0.7690972222222222 0.09765625 0.765625 0.11631944444444445 0.7608024691358025 0.11979166666666667 0.7559799382716049
1 0.1273871527777778 0.7183641975308642 0.13216145833333334 0.7202932098765432 0.1323784722222222 0.7239583333333334 0.12630208333333334 0.7247299382716049 0.123046875 0.7297453703703703 0.1091579861111111 0.7283950617283951 0.10460069444444445 0.7197145061728395 0.11328125 0.7173996913580247 0.1271701388888889 0.7183641975308642
1 0.07161458333333333 0.8479938271604939 0.08333333333333333 0.8560956790123457 0.08072916666666667 0.8591820987654321 0.07942708333333333 0.8699845679012346 0.0642361111111111 0.8859953703703703 0.060980902777777776 0.8848379629629629 0.059895833333333336 0.8800154320987654 0.0703125 0.8589891975308642 0.06770833333333333 0.8485725308641975 0.07139756944444445 0.8479938271604939
1 0.09526909722222222 0.7689043209876543 0.10438368055555555 0.7827932098765432 0.09223090277777778 0.7880015432098766 0.08116319444444445 0.7864583333333334 0.09375 0.7735339506172839 0.09526909722222222 0.7690972222222222
1 0.07183159722222222 0.8479938271604939 0.08355034722222222 0.8557098765432098 0.08072916666666667 0.8591820987654321 0.07964409722222222 0.8695987654320988 0.0661892361111111 0.8844521604938271 0.05837673611111111 0.8885030864197531 0.050347222222222224 0.9031635802469136 0.046875 0.9010416666666666 0.050130208333333336 0.8846450617283951 0.05447048611111111 0.8767361111111112 0.060980902777777776 0.8746141975308642 0.06987847222222222 0.8591820987654321 0.06749131944444445 0.8479938271604939 0.07161458333333333 0.8479938271604939
1 0.6859809027777778 0.47608024691358025 0.6961805555555556 0.4809027777777778 0.7039930555555556 0.4947916666666667 0.7018229166666666 0.4988425925925926 0.6825086805555556 0.5005787037037037 0.6779513888888888 0.4982638888888889 0.6775173611111112 0.48302469135802467 0.6814236111111112 0.47685185185185186 0.6857638888888888 0.47608024691358025
1 0.6371527777777778 0.4704861111111111 0.6432291666666666 0.4729938271604938 0.6458333333333334 0.47723765432098764 0.6432291666666666 0.4913194444444444 0.6369357638888888 0.4930555555555556 0.6358506944444444 0.49112654320987653 0.6369357638888888 0.470679012345679
1 0.6360677083333334 0.4699074074074074 0.6436631944444444 0.47357253086419754 0.6456163194444444 0.4774305555555556 0.642578125 0.4913194444444444 0.6371527777777778 0.49363425925925924 0.6282552083333334 0.47762345679012347 0.6297743055555556 0.4704861111111111 0.6358506944444444 0.4699074074074074
1 0.6338975694444444 0.4691358024691358 0.6362847222222222 0.4731867283950617 0.6338975694444444 0.4893904320987654 0.6278211805555556 0.4774305555555556 0.6295572916666666 0.4702932098765432 0.6336805555555556 0.4691358024691358
1 0.5963541666666666 0.47627314814814814 0.6022135416666666 0.4783950617283951 0.6067708333333334 0.484375 0.6059027777777778 0.4949845679012346 0.6024305555555556 0.49440586419753085 0.5987413194444444 0.48996913580246915 0.5870225694444444 0.48746141975308643 0.5883246527777778 0.47974537037037035 0.5961371527777778 0.47627314814814814
1 0.5642361111111112 0.5027006172839507 0.5661892361111112 0.5054012345679012 0.5538194444444444 0.5262345679012346 0.5490451388888888 0.5241126543209876 0.5503472222222222 0.5187114197530864 0.5479600694444444 0.5052083333333334 0.5533854166666666 0.5028935185185185 0.5640190972222222 0.5027006172839507
1 0.609375 0.44039351851851855 0.6145833333333334 0.4471450617283951 0.615234375 0.4600694444444444 0.6130642361111112 0.46161265432098764 0.6082899305555556 0.45968364197530864 0.6030815972222222 0.44656635802469136 0.6030815972222222 0.4427083333333333 0.6091579861111112 0.44039351851851855
1 0.6024305555555556 0.4427083333333333 0.6050347222222222 0.44579475308641975 0.6072048611111112 0.45852623456790126 0.6067708333333334 0.4635416666666667 0.6028645833333334 0.4662422839506173 0.5998263888888888 0.4637345679012346 0.5952690972222222 0.4519675925925926 0.5963541666666666 0.4461805555555556 0.6022135416666666 0.4427083333333333
1 0.7176649305555556 0.3755787037037037 0.7241753472222222 0.3744212962962963 0.7309027777777778 0.3836805555555556 0.7237413194444444 0.3908179012345679 0.7100694444444444 0.3921682098765432 0.7063802083333334 0.3912037037037037 0.7009548611111112 0.38271604938271603 0.7174479166666666 0.3755787037037037
1 0.6338975694444444 0.4056712962962963 0.6684027777777778 0.40837191358024694 0.6684027777777778 0.4195601851851852 0.6629774305555556 0.42650462962962965 0.6540798611111112 0.4261188271604938 0.6482204861111112 0.42862654320987653 0.6443142361111112 0.4278549382716049 0.640625 0.4226466049382716 0.6325954861111112 0.42496141975308643 0.6304253472222222 0.41107253086419754 0.6336805555555556 0.4056712962962963
1 0.6614583333333334 0.3929398148148148 0.6779513888888888 0.404320987654321 0.6775173611111112 0.4079861111111111 0.6684027777777778 0.41165123456790126 0.6649305555555556 0.40760030864197533 0.6545138888888888 0.4074074074074074 0.6477864583333334 0.4045138888888889 0.6514756944444444 0.39641203703703703 0.6612413194444444 0.3929398148148148
1 0.6631944444444444 0.39351851851851855 0.66796875 0.39737654320987653 0.6692708333333334 0.4025848765432099 0.6664496527777778 0.40489969135802467 0.6549479166666666 0.4068287037037037 0.6488715277777778 0.4054783950617284 0.6477864583333334 0.40065586419753085 0.6545138888888888 0.3939043209876543 0.6629774305555556 0.39351851851851855
1 0.5327690972222222 0.4670138888888889 0.5364583333333334 0.46662808641975306 0.5399305555555556 0.4722222222222222 0.5336371527777778 0.4876543209876543 0.5297309027777778 0.4878472222222222 0.5284288194444444 0.4731867283950617 0.5327690972222222 0.4672067901234568
1 0.6723090277777778 0.3794367283950617 0.6851128472222222 0.38310185185185186 0.6888020833333334 0.38657407407407407 0.6905381944444444 0.39448302469135804 0.6857638888888888 0.3975694444444444 0.6822916666666666 0.39718364197530864 0.67578125 0.3915895061728395 0.6681857638888888 0.3902391975308642 0.6662326388888888 0.38348765432098764 0.6684027777777778 0.37905092592592593 0.6720920138888888 0.3794367283950617
1 0.701171875 0.3599537037037037 0.7194010416666666 0.3609182098765432 0.7202690972222222 0.36554783950617287 0.716796875 0.36882716049382713 0.6937934027777778 0.36323302469135804 0.6948784722222222 0.3605324074074074 0.7009548611111112 0.3599537037037037
1 0.6341145833333334 0.38522376543209874 0.6388888888888888 0.3869598765432099 0.6412760416666666 0.3904320987654321 0.638671875 0.40142746913580246 0.6343315972222222 0.4050925925925926 0.6317274305555556 0.40412808641975306 0.6293402777777778 0.39467592592592593 0.6338975694444444 0.38522376543209874
1 0.6098090277777778 0.3917824074074074 0.6206597222222222 0.3948688271604938 0.6232638888888888 0.40046296296296297 0.6130642361111112 0.4182098765432099 0.6022135416666666 0.41165123456790126 0.6037326388888888 0.39718364197530864 0.6095920138888888 0.3917824074074074
1 0.6332465277777778 0.3836805555555556 0.6414930555555556 0.390625 0.6384548611111112 0.4018132716049383 0.6336805555555556 0.4052854938271605 0.6278211805555556 0.39602623456790126 0.6232638888888888 0.39737654320987653 0.6193576388888888 0.3942901234567901 0.6184895833333334 0.38753858024691357 0.6265190972222222 0.37982253086419754 0.6299913194444444 0.3800154320987654 0.6330295138888888 0.3836805555555556
1 0.6282552083333334 0.3794367283950617 0.6334635416666666 0.3871527777777778 0.6302083333333334 0.39737654320987653 0.6265190972222222 0.39525462962962965 0.6232638888888888 0.3975694444444444 0.6187065972222222 0.39371141975308643 0.6182725694444444 0.38753858024691357 0.6280381944444444 0.3794367283950617
1 0.4811197916666667 0.47337962962962965 0.4841579861111111 0.47588734567901236 0.4850260416666667 0.4810956790123457 0.4772135416666667 0.49517746913580246 0.4750434027777778 0.4801311728395062 0.4772135416666667 0.47453703703703703 0.4809027777777778 0.47337962962962965
1 0.6508246527777778 0.3599537037037037 0.654296875 0.3601466049382716 0.6560329861111112 0.3626543209876543 0.654296875 0.37017746913580246 0.6510416666666666 0.37114197530864196 0.6473524305555556 0.3645833333333333 0.6412760416666666 0.3713348765432099 0.6369357638888888 0.3717206790123457 0.63671875 0.359375 0.6506076388888888 0.3601466049382716
1 0.4704861111111111 0.47685185185185186 0.4752604166666667 0.4837962962962963 0.4750434027777778 0.4947916666666667 0.4711371527777778 0.498070987654321 0.4641927083333333 0.4845679012345679 0.4670138888888889 0.47800925925925924 0.4702690972222222 0.47685185185185186
1 0.5809461805555556 0.3854166666666667 0.5863715277777778 0.390625 0.5902777777777778 0.4072145061728395 0.5802951388888888 0.4079861111111111 0.5746527777777778 0.41261574074074076 0.5740017361111112 0.4039351851851852 0.5696614583333334 0.3939043209876543 0.5746527777777778 0.3871527777777778 0.5807291666666666 0.3854166666666667
1 0.5572916666666666 0.37982253086419754 0.5657552083333334 0.38348765432098764 0.5694444444444444 0.38753858024691357 0.5694444444444444 0.39467592592592593 0.5642361111111112 0.40219907407407407 0.5536024305555556 0.40625 0.5486111111111112 0.4045138888888889 0.5494791666666666 0.3871527777777778 0.5570746527777778 0.3800154320987654
1 0.6197916666666666 0.33699845679012347 0.6267361111111112 0.33738425925925924 0.6323784722222222 0.34239969135802467 0.6334635416666666 0.3462577160493827 0.6302083333333334 0.3601466049382716 0.6267361111111112 0.3628472222222222 0.6163194444444444 0.36342592592592593 0.6163194444444444 0.35551697530864196 0.6119791666666666 0.3449074074074074 0.6154513888888888 0.33892746913580246 0.6195746527777778 0.33719135802469136
1 0.4073350694444444 0.4114583333333333 0.41796875 0.41396604938271603 0.4210069444444444 0.4182098765432099 0.4181857638888889 0.421875 0.4079861111111111 0.41550925925925924 0.4075520833333333 0.41165123456790126
1 0.6095920138888888 0.18209876543209877 0.6232638888888888 0.18557098765432098 0.6282552083333334 0.19174382716049382 0.625 0.1996527777777778 0.6134982638888888 0.2029320987654321 0.6061197916666666 0.20081018518518517 0.599609375 0.19270833333333334 0.6015625 0.18595679012345678 0.609375 0.18209876543209877
1 0.3702256944444444 0.17804783950617284 0.3786892361111111 0.1867283950617284 0.3736979166666667 0.19984567901234568 0.3700086805555556 0.20158179012345678 0.3663194444444444 0.20023148148148148 0.3658854166666667 0.19502314814814814 0.3619791666666667 0.18942901234567902 0.3656684027777778 0.18055555555555555 0.3700086805555556 0.17804783950617284
1 0.8140190972222222 0.12172067901234568 0.8209635416666666 0.13020833333333334 0.8200954861111112 0.14737654320987653 0.8253038194444444 0.1576003086419753 0.8174913194444444 0.1552854938271605 0.8142361111111112 0.15914351851851852 0.810546875 0.1560570987654321 0.8090277777777778 0.1427469135802469 0.8051215277777778 0.13406635802469136 0.8051215277777778 0.13001543209876543 0.8094618055555556 0.12307098765432099 0.8138020833333334 0.12172067901234568
1 0.3394097222222222 0.16222993827160495 0.3598090277777778 0.17573302469135801 0.3619791666666667 0.18267746913580246 0.3591579861111111 0.1882716049382716 0.3559027777777778 0.18479938271604937 0.3420138888888889 0.17920524691358025 0.3359375 0.16493055555555555 0.3391927083333333 0.16222993827160495
1 0.3391927083333333 0.16203703703703703 0.3621961805555556 0.17862654320987653 0.3606770833333333 0.19232253086419754 0.3522135416666667 0.19637345679012347 0.3389756944444444 0.19251543209876543 0.3413628472222222 0.17862654320987653 0.3352864583333333 0.16473765432098766 0.3389756944444444 0.16203703703703703
1 0.2693142361111111 0.1711033950617284 0.2775607638888889 0.17476851851851852 0.2925347222222222 0.17631172839506173 0.2992621527777778 0.17920524691358025 0.3018663194444444 0.18209876543209877 0.2934027777777778 0.19174382716049382 0.283203125 0.1878858024691358 0.2795138888888889 0.19077932098765432 0.2760416666666667 0.19058641975308643 0.2727864583333333 0.1853780864197531 0.2730034722222222 0.17862654320987653 0.2649739583333333 0.171875 0.2690972222222222 0.1711033950617284
1 0.11176215277777778 0.2654320987654321 0.126953125 0.27218364197530864 0.123046875 0.28742283950617287 0.1091579861111111 0.3018904320987654 0.10590277777777778 0.30227623456790126 0.1056857638888889 0.29205246913580246 0.11414930555555555 0.2725694444444444 0.11176215277777778 0.265625
1 0.16493055555555555 0.17785493827160495 0.18229166666666666 0.17824074074074073 0.18641493055555555 0.18074845679012347 0.18815104166666666 0.1857638888888889 0.18229166666666666 0.20042438271604937 0.17838541666666666 0.2025462962962963 0.1664496527777778 0.19598765432098766 0.162109375 0.18344907407407407 0.16471354166666666 0.17804783950617284
1 0.08550347222222222 0.7671682098765432 0.08854166666666667 0.7689043209876543 0.09092881944444445 0.7789351851851852 0.0876736111111111 0.7862654320987654 0.0681423611111111 0.7901234567901234 0.060546875 0.7891589506172839 0.060546875 0.783179012345679 0.07508680555555555 0.7690972222222222 0.08528645833333333 0.7671682098765432
1 0.07530381944444445 0.7170138888888888 0.07747395833333333 0.7282021604938271 0.07508680555555555 0.7303240740740741 0.06727430555555555 0.7274305555555556 0.06532118055555555 0.7241512345679012 0.06705729166666667 0.7170138888888888 0.07508680555555555 0.7170138888888888
1 0.7649739583333334 0 0.8001302083333334 0 0.8005642361111112 0.006172839506172839 0.8001302083333334 0.012924382716049383 0.7931857638888888 0.01832561728395062 0.7866753472222222 0.018132716049382717 0.7801649305555556 0.013117283950617283 0.7723524305555556 0.01716820987654321 0.7680121527777778 0.012152777777777778 0.7649739583333334 0.00019290123456790122
1 0.4533420138888889 0.09375 0.458984375 0.09876543209876543 0.4607204861111111 0.10609567901234568 0.453125 0.11805555555555555 0.4463975694444444 0.12210648148148148 0.4440104166666667 0.109375 0.4487847222222222 0.09529320987654322 0.453125 0.09375
1 0.4427083333333333 0.0920138888888889 0.4561631944444444 0.09490740740740741 0.4600694444444444 0.10127314814814815 0.4600694444444444 0.10802469135802469 0.4516059027777778 0.11959876543209877 0.4459635416666667 0.12191358024691358 0.4424913194444444 0.11419753086419752 0.4390190972222222 0.11979166666666667 0.4359809027777778 0.12114197530864197 0.4338107638888889 0.11979166666666667 0.43359375 0.10204475308641975 0.4424913194444444 0.09220679012345678
1 0.16493055555555555 0.16570216049382716 0.1664496527777778 0.16859567901234568 0.16471354166666666 0.17457561728395063 0.1519097222222222 0.19347993827160495 0.14756944444444445 0.19618055555555555 0.1404079861111111 0.19618055555555555 0.13541666666666666 0.18942901234567902 0.13585069444444445 0.1857638888888889 0.1404079861111111 0.17881944444444445 0.1579861111111111 0.17380401234567902 0.16471354166666666 0.16589506172839505
1 0.047309027777777776 0.7582947530864198 0.06228298611111111 0.7619598765432098 0.07074652777777778 0.7687114197530864 0.068359375 0.7729552469135802 0.049262152777777776 0.7787422839506173 0.04296875 0.777391975308642 0.036675347222222224 0.7654320987654321 0.037543402777777776 0.761766975308642 0.04709201388888889 0.7582947530864198
1 0.12782118055555555 0.18229166666666666 0.14171006944444445 0.19637345679012347 0.13411458333333334 0.2010030864197531 0.11371527777777778 0.20505401234567902 0.10243055555555555 0.2042824074074074 0.10243055555555555 0.19714506172839505 0.1150173611111111 0.1849922839506173 0.12152777777777778 0.18209876543209877 0.12760416666666666 0.18229166666666666
1 0.08897569444444445 0.17554012345679013 0.10460069444444445 0.17881944444444445 0.11089409722222222 0.18229166666666666 0.11197916666666667 0.18557098765432098 0.109375 0.1886574074074074 0.09027777777777778 0.19483024691358025 0.08333333333333333 0.19251543209876543 0.07877604166666667 0.18229166666666666 0.08072916666666667 0.17785493827160495 0.08875868055555555 0.17554012345679013
1 0.4442274305555556 0.0920138888888889 0.4494357638888889 0.09567901234567901 0.443359375 0.11246141975308642 0.4359809027777778 0.12114197530864197 0.43359375 0.11979166666666667 0.4333767361111111 0.10204475308641975 0.4375 0.0954861111111111 0.4440104166666667 0.0920138888888889
1 0.1545138888888889 0.1284722222222222 0.169921875 0.12905092592592593 0.17274305555555555 0.13136574074074073 0.17274305555555555 0.13503086419753085 0.16514756944444445 0.140625 0.15125868055555555 0.1392746913580247 0.1447482638888889 0.13001543209876543 0.154296875 0.12866512345679013
1 0.024088541666666668 0.7146990740740741 0.04405381944444445 0.7170138888888888 0.04861111111111111 0.7202932098765432 0.046875 0.7235725308641975 0.043619791666666664 0.7216435185185185 0.04188368055555555 0.7229938271604939 0.03993055555555555 0.7391975308641975 0.029513888888888888 0.7474922839506173 0.028645833333333332 0.7351466049382716 0.022569444444444444 0.7297453703703703 0.019748263888888888 0.7208719135802469 0.019965277777777776 0.7160493827160493 0.023871527777777776 0.7146990740740741
1 0.7061631944444444 0 0.7237413194444444 0 0.7224392361111112 0.005787037037037037 0.7243923611111112 0.011959876543209876 0.7118055555555556 0.008487654320987654 0.7061631944444444 0.00019290123456790122
1 0.1120876736111111 0.1381172839506173 0.012369791666666666 0.015046296296296295
1 0.064453125 0.13155864197530864 0.09049479166666667 0.13348765432098766 0.08832465277777778 0.13908179012345678 0.08116319444444445 0.1398533950617284 0.08116319444444445 0.1545138888888889 0.07118055555555555 0.16358024691358025 0.06922743055555555 0.16165123456790123 0.06901041666666667 0.15084876543209877 0.062065972222222224 0.14486882716049382 0.059244791666666664 0.13734567901234568 0.05946180555555555 0.13233024691358025 0.0642361111111111 0.13155864197530864
1 0.2703993055555556 0.10223765432098765 0.271484375 0.10551697530864197 0.2701822916666667 0.11265432098765432 0.2706163194444444 0.12114197530864197 0.2721354166666667 0.12249228395061729 0.2756076388888889 0.12114197530864197 0.279296875 0.12364969135802469 0.2821180555555556 0.1232638888888889 0.2810329861111111 0.11670524691358025 0.2823350694444444 0.11207561728395062 0.2864583333333333 0.109375 0.2868923611111111 0.10706018518518519 0.2864583333333333 0.10204475308641975 0.2834201388888889 0.0954861111111111 0.2803819444444444 0.09471450617283951 0.2756076388888889 0.0954861111111111 0.271484375 0.09915123456790123
1 0.2530381944444444 0.11631944444444445 0.2517361111111111 0.11921296296296297 0.2528211805555556 0.12017746913580248 0.2621527777777778 0.12152777777777778 0.267578125 0.12075617283950617 0.2723524305555556 0.12152777777777778 0.2740885416666667 0.11940586419753087 0.2725694444444444 0.11689814814814815 0.2710503472222222 0.11747685185185185 0.26953125 0.11419753086419752 0.2712673611111111 0.11265432098765432 0.2712673611111111 0.10513117283950617 0.2762586805555556 0.09722222222222222 0.2799479166666667 0.09529320987654322 0.2725694444444444 0.0954861111111111 0.2621527777777778 0.10204475308641975 0.2599826388888889 0.10570987654320987 0.2586805555555556 0.11304012345679013
1 0.2131076388888889 0.17881944444444445 0.21202256944444445 0.18229166666666666 0.2124565972222222 0.18364197530864199 0.21484375 0.1853780864197531 0.21571180555555555 0.1882716049382716 0.21592881944444445 0.19212962962962962 0.21484375 0.19637345679012347 0.2163628472222222 0.19945987654320987 0.2211371527777778 0.19849537037037038 0.22743055555555555 0.2013888888888889 0.22960069444444445 0.20081018518518517 0.23046875 0.1996527777777778 0.228515625 0.19695216049382716 0.22743055555555555 0.19155092592592593 0.22938368055555555 0.1878858024691358 0.23155381944444445 0.1857638888888889 0.23133680555555555 0.18171296296296297 0.2269965277777778 0.17746913580246915 0.220703125 0.17496141975308643 0.2163628472222222 0.17554012345679013
1 0.20399305555555555 0.19270833333333334 0.2026909722222222 0.19598765432098766 0.2029079861111111 0.1996527777777778 0.2085503472222222 0.19945987654320987 0.2131076388888889 0.19714506172839505 0.21397569444444445 0.19714506172839505 0.21614583333333334 0.19945987654320987 0.21766493055555555 0.1996527777777778 0.21875 0.19810956790123457 0.2228732638888889 0.19733796296296297 0.2243923611111111 0.19540895061728394 0.224609375 0.19212962962962962 0.2224392361111111 0.1900077160493827 0.2224392361111111 0.1886574074074074 0.22526041666666666 0.1867283950617284 0.2280815972222222 0.18190586419753085 0.2209201388888889 0.17515432098765432 0.2163628472222222 0.17457561728395063 0.2133246527777778 0.17554012345679013 0.20833333333333334 0.18267746913580246
1 0.4435763888888889 0.2690972222222222 0.4444444444444444 0.279320987654321 0.4422743055555556 0.2856867283950617 0.4409722222222222 0.2962962962962963 0.4411892361111111 0.3005401234567901 0.4427083333333333 0.30536265432098764 0.4463975694444444 0.30459104938271603 0.4468315972222222 0.294945987654321 0.4598524305555556 0.27237654320987653 0.4598524305555556 0.2690972222222222 0.4563802083333333 0.26774691358024694
1 0.4322916666666667 0.27565586419753085 0.4314236111111111 0.29012345679012347 0.4286024305555556 0.2932098765432099 0.4270833333333333 0.2966820987654321 0.4299045138888889 0.2980324074074074 0.4390190972222222 0.2974537037037037 0.4405381944444444 0.2837577160493827 0.4422743055555556 0.279320987654321 0.4416232638888889 0.27366261574074074 0.4427083333333333 0.2698688271604938 0.4422743055555556 0.2681327160493827 0.4396701388888889 0.265625 0.4348958333333333 0.2683256172839506
1 0.4520399305555556 0.3586033950617284 0.4459635416666667 0.359375 0.4470486111111111 0.3626543209876543 0.4524739583333333 0.36844135802469136 0.4565972222222222 0.37017746913580246 0.4600694444444444 0.36689814814814814 0.4613715277777778 0.3630401234567901 0.4609375 0.359375
1 0.3678385416666667 0.29475308641975306 0.3676215277777778 0.296875 0.3706597222222222 0.2986111111111111 0.3747829861111111 0.30362654320987653 0.3799913194444444 0.30767746913580246 0.38671875 0.30459104938271603 0.3875868055555556 0.2980324074074074 0.3873697916666667 0.296875 0.3851996527777778 0.29552469135802467 0.3804253472222222 0.2943672839506173 0.3695746527777778 0.2941743827160494
1 0.5640190972222222 0.2966820987654321 0.5646701388888888 0.30362654320987653 0.5685763888888888 0.3072916666666667 0.5711805555555556 0.30844907407407407 0.5720486111111112 0.3072916666666667 0.5724826388888888 0.3028549382716049 0.5753038194444444 0.296875 0.5716145833333334 0.2959104938271605
1 0.5811631944444444 0.2957175925925926 0.5776909722222222 0.296875 0.5815972222222222 0.298804012345679 0.5883246527777778 0.30844907407407407 0.5911458333333334 0.3072916666666667 0.5920138888888888 0.30459104938271603 0.5920138888888888 0.2964891975308642
1 0.3836805555555556 0.41300154320987653 0.3834635416666667 0.41531635802469136 0.3849826388888889 0.4211033950617284 0.3873697916666667 0.4228395061728395 0.3893229166666667 0.4216820987654321 0.3901909722222222 0.41724537037037035 0.3960503472222222 0.4114583333333333 0.3856336805555556 0.4114583333333333
1 0.4344618055555556 0.45601851851851855 0.4340277777777778 0.45698302469135804 0.435546875 0.4618055555555556 0.4390190972222222 0.46257716049382713 0.4401041666666667 0.46026234567901236 0.4396701388888889 0.4565972222222222 0.4359809027777778 0.4554398148148148
1 0.5598958333333334 0.4591049382716049 0.5598958333333334 0.46122685185185186 0.5620659722222222 0.4664351851851852 0.5638020833333334 0.46739969135802467 0.5711805555555556 0.46739969135802467 0.5718315972222222 0.466820987654321 0.5709635416666666 0.45987654320987653 0.5642361111111112 0.45775462962962965 0.5607638888888888 0.45775462962962965
1 0.541015625 0.45891203703703703 0.5405815972222222 0.4600694444444444 0.54296875 0.4650848765432099 0.5501302083333334 0.46334876543209874 0.55078125 0.45987654320987653 0.546875 0.4565972222222222 0.54296875 0.4564043209876543
1 0.6126302083333334 0.5048225308641975 0.6154513888888888 0.5154320987654321 0.6232638888888888 0.5235339506172839 0.6234809027777778 0.5148533950617284 0.6256510416666666 0.5079089506172839 0.6234809027777778 0.5063657407407407 0.6169704861111112 0.5061728395061729
1 0.529296875 0.503858024691358 0.5288628472222222 0.5052083333333334 0.5323350694444444 0.5084876543209876 0.5321180555555556 0.5154320987654321 0.5327690972222222 0.5163966049382716 0.5342881944444444 0.5109953703703703 0.5360243055555556 0.5090663580246914 0.5394965277777778 0.5075231481481481 0.5434027777777778 0.5081018518518519 0.5464409722222222 0.5052083333333334 0.5453559027777778 0.5034722222222222 0.5431857638888888 0.5021219135802469 0.5384114583333334 0.5027006172839507 0.5323350694444444 0.5015432098765432
1 0.6961805555555556 0.5252700617283951 0.6959635416666666 0.5262345679012346 0.6983506944444444 0.529320987654321 0.6985677083333334 0.5368441358024691 0.6994357638888888 0.5376157407407407 0.7065972222222222 0.5370370370370371 0.7081163194444444 0.5360725308641975 0.7111545138888888 0.5285493827160493 0.7144097222222222 0.5260416666666666 0.7150607638888888 0.5216049382716049 0.7144097222222222 0.5206404320987654 0.7098524305555556 0.5187114197530864 0.7078993055555556 0.5214120370370371 0.7039930555555556 0.5223765432098766 0.6990017361111112 0.5221836419753086
1 0.6773003472222222 0.5217978395061729 0.6764322916666666 0.5225694444444444 0.677734375 0.5256558641975309 0.6792534722222222 0.5266203703703703 0.6820746527777778 0.5268132716049383 0.6842447916666666 0.5285493827160493 0.6857638888888888 0.5353009259259259 0.6892361111111112 0.5391589506172839 0.6909722222222222 0.5362654320987654 0.6911892361111112 0.5318287037037037 0.6937934027777778 0.529320987654321 0.6920572916666666 0.5258487654320988 0.6879340277777778 0.5216049382716049
1 0.654296875 0.511766975308642 0.654296875 0.5129243827160493 0.6560329861111112 0.5133101851851852 0.65625 0.5162037037037037 0.654296875 0.5171682098765432 0.6538628472222222 0.5192901234567902 0.6566840277777778 0.5204475308641975 0.6612413194444444 0.5243055555555556 0.6638454861111112 0.5243055555555556 0.66796875 0.5264274691358025 0.6697048611111112 0.5260416666666666 0.6723090277777778 0.5223765432098766 0.6584201388888888 0.5121527777777778
1 0.5516493055555556 0.7901234567901234 0.5512152777777778 0.7939814814814815 0.5538194444444444 0.7997685185185185 0.5559895833333334 0.8005401234567902 0.55859375 0.8034336419753086 0.5614149305555556 0.8049768518518519 0.5633680555555556 0.8057484567901234 0.5716145833333334 0.8059413580246914 0.5744357638888888 0.8055555555555556 0.5779079861111112 0.8032407407407407 0.5796440972222222 0.7970679012345679 0.5794270833333334 0.7934027777777778 0.5744357638888888 0.7878086419753086 0.564453125 0.7847222222222222 0.5607638888888888 0.7845293209876543 0.5568576388888888 0.7853009259259259 0.552734375 0.7883873456790124
1 0.5514322916666666 0.9587191358024691 0.5509982638888888 0.9602623456790124 0.5529513888888888 0.9635416666666666 0.5572916666666666 0.9673996913580247 0.5590277777777778 0.9654706790123457 0.5614149305555556 0.9596836419753086 0.5570746527777778 0.9575617283950617 0.5531684027777778 0.9577546296296297
1 0.5713975694444444 0.935570987654321 0.57421875 0.953125 0.5731336805555556 0.9581404320987654 0.5698784722222222 0.9600694444444444 0.5755208333333334 0.9602623456790124 0.5779079861111112 0.9594907407407407 0.5787760416666666 0.9577546296296297 0.5798611111111112 0.9494598765432098 0.5813802083333334 0.9463734567901234 0.5815972222222222 0.9419367283950617 0.5809461805555556 0.939429012345679 0.5779079861111112 0.9353780864197531 0.5744357638888888 0.9338348765432098
1 0.5620659722222222 0.939429012345679 0.5614149305555556 0.9442515432098766 0.5655381944444444 0.9525462962962963 0.5659722222222222 0.9596836419753086 0.5677083333333334 0.9614197530864198 0.5709635416666666 0.9600694444444444 0.5729166666666666 0.956983024691358 0.5726996527777778 0.9552469135802469 0.5709635416666666 0.953125 0.5724826388888888 0.9500385802469136 0.5729166666666666 0.9432870370370371 0.5720486111111112 0.9357638888888888 0.5703125 0.9349922839506173 0.5642361111111112 0.935570987654321
1 0.5167100694444444 0.8962191358024691 0.5173611111111112 0.9047067901234568 0.5190972222222222 0.9076003086419753 0.5210503472222222 0.9045138888888888 0.5212673611111112 0.9010416666666666 0.5230034722222222 0.8977623456790124 0.5230034722222222 0.8960262345679012 0.5223524305555556 0.894483024691358 0.5210503472222222 0.894483024691358 0.5186631944444444 0.8946759259259259
1 0.5776909722222222 0.9820601851851852 0.5772569444444444 0.9857253086419753 0.5802951388888888 0.9945987654320988 0.5811631944444444 0.9998070987654321 0.5859375 0.9998070987654321 0.5889756944444444 0.988233024691358 0.5885416666666666 0.9832175925925926 0.5861545138888888 0.9807098765432098 0.58203125 0.9793595679012346 0.5789930555555556 0.9797453703703703
1 0.5666232638888888 0.9814814814814815 0.5657552083333334 0.9855324074074074 0.5674913194444444 0.9959490740740741 0.5696614583333334 0.9955632716049383 0.5744357638888888 0.9976851851851852 0.5755208333333334 0.9974922839506173 0.5766059027777778 0.9959490740740741 0.576171875 0.9907407407407407 0.5776909722222222 0.9857253086419753 0.5776909722222222 0.9774305555555556 0.5770399305555556 0.9760802469135802 0.5748697916666666 0.9741512345679012 0.5709635416666666 0.9755015432098766 0.5674913194444444 0.9793595679012346
1 0.5516493055555556 0.9909336419753086 0.5514322916666666 0.9949845679012346 0.5525173611111112 0.9998070987654321 0.5666232638888888 0.9998070987654321 0.5690104166666666 0.9945987654320988 0.56640625 0.9911265432098766 0.5572916666666666 0.9868827160493827 0.5538194444444444 0.9870756172839507
1 0.5295138888888888 0.9820601851851852 0.5301649305555556 0.9866898148148148 0.529296875 0.9911265432098766 0.5310329861111112 0.9945987654320988 0.5308159722222222 0.9998070987654321 0.5379774305555556 0.9998070987654321 0.5358072916666666 0.9845679012345679 0.5327690972222222 0.9801311728395061 0.5299479166666666 0.9807098765432098
1 0.5186631944444444 0.9851466049382716 0.5177951388888888 0.9876543209876543 0.5182291666666666 0.9911265432098766 0.521484375 0.9949845679012346 0.5232204861111112 0.9998070987654321 0.5323350694444444 0.9998070987654321 0.5340711805555556 0.9955632716049383 0.5342881944444444 0.9891975308641975 0.5340711805555556 0.9847608024691358 0.5327690972222222 0.9820601851851852 0.5295138888888888 0.9799382716049383 0.5256076388888888 0.9799382716049383 0.5217013888888888 0.9810956790123457
1 0.5080295138888888 0.9764660493827161 0.5071614583333334 0.9774305555555556 0.5099826388888888 0.9810956790123457 0.5084635416666666 0.9839891975308642 0.5080295138888888 0.9947916666666666 0.5088975694444444 0.9969135802469136 0.5121527777777778 0.9974922839506173 0.5160590277777778 0.9911265432098766 0.5177951388888888 0.984375 0.5177951388888888 0.9803240740740741 0.5154079861111112 0.9772376543209876 0.5108506944444444 0.9762731481481481
1 0.4976128472222222 0.9814814814814815 0.4973958333333333 0.984375 0.4986979166666667 0.9909336419753086 0.49609375 0.9998070987654321 0.5086805555555556 0.9998070987654321 0.5086805555555556 0.9982638888888888 0.5106336805555556 0.9945987654320988 0.5073784722222222 0.9911265432098766 0.5073784722222222 0.9874614197530864 0.5084635416666666 0.9845679012345679 0.5075954861111112 0.980516975308642 0.5082465277777778 0.9793595679012346 0.5110677083333334 0.9793595679012346 0.5112847222222222 0.9809027777777778 0.5141059027777778 0.9836033950617284 0.5154079861111112 0.9872685185185185 0.5162760416666666 0.9807098765432098 0.5123697916666666 0.9793595679012346 0.5110677083333334 0.9774305555555556 0.5049913194444444 0.9745370370370371 0.5017361111111112 0.9756944444444444 0.5 0.9772376543209876
1 0.3869357638888889 0.8665123456790124 0.3869357638888889 0.8713348765432098 0.3888888888888889 0.8763503086419753 0.3882378472222222 0.8804012345679012 0.3865017361111111 0.8836805555555556 0.3875868055555556 0.8848379629629629 0.3930121527777778 0.8993055555555556 0.3943142361111111 0.9006558641975309 0.3962673611111111 0.8991126543209876 0.3975694444444444 0.8908179012345679 0.3986545138888889 0.8885030864197531 0.404296875 0.8800154320987654 0.4060329861111111 0.8744212962962963 0.4112413194444444 0.8701774691358025 0.4114583333333333 0.8678626543209876 0.4112413194444444 0.8670910493827161 0.4040798611111111 0.8667052469135802 0.4012586805555556 0.8649691358024691 0.3995225694444444 0.8647762345679012 0.3897569444444444 0.8651620370370371
1 0.3834635416666667 0.8726851851851852 0.3834635416666667 0.8838734567901234 0.3825954861111111 0.886766975308642 0.3797743055555556 0.8904320987654321 0.3799913194444444 0.8921682098765432 0.3836805555555556 0.8929398148148148 0.3873697916666667 0.8913966049382716 0.3940972222222222 0.8985339506172839 0.3949652777777778 0.8975694444444444 0.3943142361111111 0.8933256172839507 0.3958333333333333 0.8883101851851852 0.3949652777777778 0.8695987654320988 0.3960503472222222 0.8661265432098766 0.3904079861111111 0.8624614197530864 0.3871527777777778 0.8634259259259259 0.3851996527777778 0.8663194444444444
1 0.3155381944444444 0.8865740740740741 0.3148871527777778 0.8871527777777778 0.3192274305555556 0.890625 0.3279079861111111 0.8948688271604939 0.3335503472222222 0.890625 0.3326822916666667 0.8890817901234568 0.3294270833333333 0.8869598765432098 0.3200954861111111 0.8858024691358025
1 0.2282986111111111 0.6927083333333334 0.22916666666666666 0.6948302469135802 0.23046875 0.6956018518518519 0.2287326388888889 0.699266975308642 0.228515625 0.7131558641975309 0.2267795138888889 0.7170138888888888 0.22981770833333334 0.7189429012345679 0.23307291666666666 0.7191358024691358 0.23828125 0.7208719135802469 0.23958333333333334 0.7201003086419753 0.2400173611111111 0.7175925925925926 0.2387152777777778 0.7139274691358025 0.23893229166666666 0.7110339506172839 0.24110243055555555 0.7085262345679012 0.2437065972222222 0.7079475308641975 0.24500868055555555 0.7067901234567902 0.24522569444444445 0.6994598765432098 0.2424045138888889 0.6929012345679012 0.2404513888888889 0.6917438271604939 0.23697916666666666 0.6907793209876543
1 0.208984375 0.7129629629629629 0.2092013888888889 0.7156635802469136 0.2111545138888889 0.7172067901234568 0.21766493055555555 0.7179783950617284 0.22005208333333334 0.7189429012345679 0.22374131944444445 0.7189429012345679 0.2287326388888889 0.7170138888888888 0.22743055555555555 0.7131558641975309 0.22721354166666666 0.7044753086419753 0.22547743055555555 0.7037037037037037 0.22352430555555555 0.6998456790123457 0.22569444444444445 0.6979166666666666 0.2269965277777778 0.6948302469135802 0.2309027777777778 0.6925154320987654 0.2269965277777778 0.6921296296296297 0.22352430555555555 0.6927083333333334 0.2170138888888889 0.6996527777777778 0.2146267361111111 0.7083333333333334
1 0.1720920138888889 0.7681327160493827 0.1720920138888889 0.7696759259259259 0.1742621527777778 0.7734375 0.173828125 0.7775848765432098 0.17252604166666666 0.7795138888888888 0.17296006944444445 0.7897376543209876 0.17491319444444445 0.7905092592592593 0.1792534722222222 0.7899305555555556 0.18250868055555555 0.793016975308642 0.1857638888888889 0.7937885802469136 0.18619791666666666 0.7926311728395061 0.1831597222222222 0.7866512345679012 0.1831597222222222 0.7826003086419753 0.1838107638888889 0.7810570987654321 0.18619791666666666 0.779320987654321 0.1875 0.7760416666666666 0.18663194444444445 0.7725694444444444 0.1840277777777778 0.7689043209876543 0.17881944444444445 0.765625 0.1742621527777778 0.765625
1 0.1636284722222222 0.7760416666666666 0.16276041666666666 0.7814429012345679 0.1599392361111111 0.7864583333333334 0.1599392361111111 0.7897376543209876 0.162109375 0.7907021604938271 0.1662326388888889 0.7893518518518519 0.16905381944444445 0.7854938271604939 0.17274305555555555 0.7897376543209876 0.17578125 0.7901234567901234 0.17664930555555555 0.7897376543209876 0.17686631944444445 0.7874228395061729 0.1759982638888889 0.7816358024691358 0.1775173611111111 0.7798996913580247 0.17903645833333334 0.7795138888888888 0.1820746527777778 0.7818287037037037 0.1851128472222222 0.7725694444444444 0.18229166666666666 0.7683256172839507 0.17686631944444445 0.765625 0.1716579861111111 0.7654320987654321 0.1681857638888889 0.7677469135802469
1 0.13194444444444445 0.7689043209876543 0.1325954861111111 0.7717978395061729 0.13151041666666666 0.779320987654321 0.13194444444444445 0.7839506172839507 0.130859375 0.7862654320987654 0.1325954861111111 0.7899305555555556 0.13736979166666666 0.7914737654320988 0.13953993055555555 0.7899305555555556 0.13997395833333334 0.7853009259259259 0.14192708333333334 0.7802854938271605 0.14453125 0.7764274691358025 0.1447482638888889 0.7727623456790124 0.1430121527777778 0.7690972222222222 0.1401909722222222 0.7669753086419753 0.1369357638888889 0.7662037037037037 0.13368055555555555 0.7671682098765432