1 0.6740451388888888 0.9743441358024691 0.677734375 0.9774305555555556 0.6723090277777778 0.984375 0.6692708333333334 0.9851466049382716 0.6480034722222222 0.9820601851851852 0.6469184027777778 0.9774305555555556 0.6716579861111112 0.9699074074074074 0.6755642361111112 0.9702932098765432 0.673828125 0.9743441358024691
1 0.6684027777777778 0.9565972222222222 0.6701388888888888 0.9600694444444444 0.6647135416666666 0.9658564814814815 0.6575520833333334 0.9625771604938271 0.6401909722222222 0.9625771604938271 0.6362847222222222 0.9594907407407407 0.6397569444444444 0.9573688271604939 0.6681857638888888 0.9565972222222222
1 0.6263020833333334 0.9755015432098766 0.6384548611111112 0.9803240740740741 0.6404079861111112 0.9834104938271605 0.6397569444444444 0.9880401234567902 0.6302083333333334 0.9901620370370371 0.6161024305555556 0.9895833333333334 0.6085069444444444 0.9855324074074074 0.6197916666666666 0.9755015432098766 0.6260850694444444 0.9755015432098766
1 0.6100260416666666 0.9872685185185185 0.6197916666666666 0.9947916666666666 0.6213107638888888 0.9998070987654321 0.5967881944444444 0.9998070987654321 0.5987413194444444 0.9915123456790124 0.6059027777777778 0.9870756172839507 0.6098090277777778 0.9872685185185185
1 0.603515625 0.9571759259259259 0.60546875 0.9600694444444444 0.6022135416666666 0.9673996913580247 0.5989583333333334 0.9670138888888888 0.5941840277777778 0.9598765432098766 0.5967881944444444 0.9571759259259259 0.6032986111111112 0.9571759259259259
1 0.5926649305555556 0.9565972222222222 0.5950520833333334 0.9598765432098766 0.5891927083333334 0.9681712962962963 0.5850694444444444 0.9691358024691358 0.5846354166666666 0.9583333333333334 0.5924479166666666 0.9565972222222222
1 0.5763888888888888 0.9741512345679012 0.5889756944444444 0.9837962962962963 0.5852864583333334 0.9998070987654321 0.5807291666666666 0.9998070987654321 0.5779079861111112 0.9930555555555556 0.5672743055555556 0.9864969135802469 0.5674913194444444 0.980516975308642 0.576171875 0.9741512345679012
1 0.568359375 0.9868827160493827 0.572265625 0.9909336419753086 0.5713975694444444 0.9998070987654321 0.5536024305555556 0.9998070987654321 0.5536024305555556 0.9855324074074074 0.5572916666666666 0.984375 0.5640190972222222 0.9888117283950617 0.5681423611111112 0.9868827160493827
1 0.5503472222222222 0.9565972222222222 0.5611979166666666 0.9596836419753086 0.5575086805555556 0.9672067901234568 0.5538194444444444 0.9666280864197531 0.5501302083333334 0.9623842592592593 0.5501302083333334 0.9567901234567902
1 0.5757378472222222 0.9342206790123457 0.5813802083333334 0.9396219135802469 0.5815972222222222 0.9457947530864198 0.5783420138888888 0.9583333333333334 0.5709635416666666 0.9608410493827161 0.56640625 0.9600694444444444 0.5607638888888888 0.9421296296296297 0.5642361111111112 0.935570987654321 0.5755208333333334 0.9342206790123457
1 0.529296875 0.9789737654320988 0.5349392361111112 0.984375 0.5379774305555556 0.9998070987654321 0.5236545138888888 0.9998070987654321 0.5180121527777778 0.9911265432098766 0.5199652777777778 0.9832175925925926 0.5290798611111112 0.9789737654320988
1 0.5062934027777778 0.9745370370370371 0.517578125 0.9807098765432098 0.5134548611111112 0.9953703703703703 0.5095486111111112 0.9998070987654321 0.4971788194444444 0.9998070987654321 0.4978298611111111 0.9807098765432098 0.5060763888888888 0.9745370370370371
1 0.7667100694444444 0.7282021604938271 0.7710503472222222 0.7309027777777778 0.7749565972222222 0.7376543209876543 0.7727864583333334 0.7532793209876543 0.7784288194444444 0.7625385802469136 0.7766927083333334 0.7646604938271605 0.7719184027777778 0.7627314814814815 0.7658420138888888 0.7652391975308642 0.7625868055555556 0.7619598765432098 0.7630208333333334 0.7515432098765432 0.7586805555555556 0.7376543209876543 0.7608506944444444 0.7326388888888888 0.7664930555555556 0.7282021604938271
1 0.5236545138888888 0.8954475308641975 0.54296875 0.8971836419753086 0.5423177083333334 0.904320987654321 0.5399305555555556 0.9064429012345679 0.5329861111111112 0.9014274691358025 0.5219184027777778 0.9008487654320988 0.5199652777777778 0.8971836419753086 0.5234375 0.8954475308641975
1 0.5642361111111112 0.7845293209876543 0.5720486111111112 0.7864583333333334 0.5779079861111112 0.7907021604938271 0.5789930555555556 0.7982253086419753 0.5748697916666666 0.8011188271604939 0.5711805555555556 0.7991898148148148 0.5674913194444444 0.8009259259259259 0.5572916666666666 0.798804012345679 0.5514322916666666 0.7937885802469136 0.5538194444444444 0.7876157407407407 0.5640190972222222 0.7845293209876543
1 0.4077690972222222 0.9529320987654321 0.41015625 0.9565972222222222 0.4045138888888889 0.9695216049382716 0.400390625 0.9540895061728395 0.4075520833333333 0.9529320987654321
1 0.390625 0.8626543209876543 0.4008246527777778 0.8649691358024691 0.4047309027777778 0.8695987654320988 0.4045138888888889 0.8777006172839507 0.3956163194444444 0.8987268518518519 0.3938802083333333 0.8994984567901234 0.3884548611111111 0.892554012345679 0.3802083333333333 0.8912037037037037 0.3834635416666667 0.8852237654320988 0.3843315972222222 0.8695987654320988 0.3869357638888889 0.8643904320987654 0.3904079861111111 0.8628472222222222
1 0.751953125 0.6024305555555556 0.7584635416666666 0.6091820987654321 0.7588975694444444 0.6192129629629629 0.7549913194444444 0.6246141975308642 0.7486979166666666 0.626929012345679 0.7447916666666666 0.6261574074074074 0.7413194444444444 0.6222993827160493 0.7408854166666666 0.6091820987654321 0.7434895833333334 0.6022376543209876 0.7517361111111112 0.6024305555555556
1 0.7348090277777778 0.6005015432098766 0.7517361111111112 0.6024305555555556 0.7584635416666666 0.6091820987654321 0.7586805555555556 0.6197916666666666 0.7549913194444444 0.6244212962962963 0.7486979166666666 0.626929012345679 0.73828125 0.6209490740740741 0.7313368055555556 0.625 0.7269965277777778 0.6228780864197531 0.7233072916666666 0.6064814814814815 0.7272135416666666 0.6020447530864198 0.7345920138888888 0.6005015432098766
1 0.734375 0.5999228395061729 0.7406684027777778 0.6024305555555556 0.7413194444444444 0.6111111111111112 0.7398003472222222 0.6195987654320988 0.7309027777777778 0.6255787037037037 0.7267795138888888 0.6228780864197531 0.7222222222222222 0.6087962962962963 0.7274305555555556 0.6016589506172839 0.7341579861111112 0.5999228395061729
1 0.658203125 0.5929783950617284 0.66796875 0.5964506172839507 0.6857638888888888 0.5987654320987654 0.6814236111111112 0.6124614197530864 0.6825086805555556 0.6195987654320988 0.6788194444444444 0.6170910493827161 0.6716579861111112 0.6184413580246914 0.6614583333333334 0.6082175925925926 0.6545138888888888 0.6095679012345679 0.6506076388888888 0.5951003086419753 0.6579861111111112 0.5929783950617284
1 0.41015625 0.6965663580246914 0.4147135416666667 0.7017746913580247 0.4151475694444444 0.7100694444444444 0.408203125 0.7204861111111112 0.4012586805555556 0.7251157407407407 0.3993055555555556 0.7237654320987654 0.3999565972222222 0.7029320987654321 0.4036458333333333 0.6979166666666666 0.4099392361111111 0.6965663580246914
1 0.3980034722222222 0.6909722222222222 0.4006076388888889 0.6927083333333334 0.40234375 0.7000385802469136 0.3943142361111111 0.7218364197530864 0.3901909722222222 0.7218364197530864 0.3871527777777778 0.71875 0.3869357638888889 0.7062114197530864 0.3912760416666667 0.6927083333333334 0.3977864583333333 0.6909722222222222
1 0.3253038194444444 0.7752700617283951 0.3305121527777778 0.7795138888888888 0.33203125 0.7860725308641975 0.3248697916666667 0.7989969135802469 0.3209635416666667 0.7980324074074074 0.3166232638888889 0.7843364197530864 0.3207465277777778 0.7760416666666666 0.3250868055555556 0.7752700617283951
1 0.2858072916666667 0.7586805555555556 0.2964409722222222 0.7590663580246914 0.2996961805555556 0.763695987654321 0.3101128472222222 0.7685185185185185 0.3159722222222222 0.7758487654320988 0.3146701388888889 0.7787422839506173 0.3038194444444444 0.7770061728395061 0.296875 0.7785493827160493 0.2921006944444444 0.7644675925925926 0.2860243055555556 0.7588734567901234
1 0.22352430555555555 0.7621527777777778 0.2345920138888889 0.7685185185185185 0.2547743055555556 0.7725694444444444 0.2575954861111111 0.7758487654320988 0.2517361111111111 0.78125 0.2282986111111111 0.7797067901234568 0.2282986111111111 0.7706404320987654 0.2230902777777778 0.765625 0.22352430555555555 0.7623456790123457
1 0.1720920138888889 0.7648533950617284 0.1818576388888889 0.7671682098765432 0.18619791666666666 0.7723765432098766 0.1870659722222222 0.7760416666666666 0.18294270833333334 0.7833719135802469 0.185546875 0.7935956790123457 0.17903645833333334 0.7901234567901234 0.169921875 0.7897376543209876 0.1684027777777778 0.7876157407407407 0.16688368055555555 0.7897376543209876 0.16124131944444445 0.7901234567901234 0.16688368055555555 0.7669753086419753 0.171875 0.7648533950617284
1 0.1267361111111111 0.7654320987654321 0.1404079861111111 0.7669753086419753 0.1443142361111111 0.7719907407407407 0.14453125 0.7758487654320988 0.1371527777777778 0.7908950617283951 0.1267361111111111 0.7874228395061729 0.11957465277777778 0.7758487654320988 0.12000868055555555 0.7681327160493827 0.1228298611111111 0.7654320987654321 0.1265190972222222 0.7654320987654321
1 0.0724826388888889 0.8483796296296297 0.0837673611111111 0.8559027777777778 0.0842013888888889 0.8591820987654321 0.0802951388888889 0.8622685185185185 0.07942708333333333 0.8703703703703703 0.0642361111111111 0.8859953703703703 0.06076388888888889 0.8842592592592593 0.061197916666666664 0.8765432098765432 0.0705295138888889 0.857445987654321 0.06770833333333333 0.8485725308641975 0.072265625 0.8483796296296297
1 0.12065972222222222 0.7179783950617284 0.12999131944444445 0.7201003086419753 0.13172743055555555 0.7233796296296297 0.13020833333333334 0.7260802469135802 0.1247829861111111 0.7256944444444444 0.123046875 0.7289737654320988 0.1091579861111111 0.7283950617283951 0.10416666666666667 0.7204861111111112 0.1056857638888889 0.7179783950617284 0.12044270833333333 0.7179783950617284
1 0.12000868055555555 0.7528935185185185 0.12152777777777778 0.7554012345679012 0.11957465277777778 0.7623456790123457 0.11002604166666667 0.779320987654321 0.08897569444444445 0.7887731481481481 0.08702256944444445 0.7862654320987654 0.0954861111111111 0.7717978395061729 0.10221354166666667 0.7648533950617284 0.11414930555555555 0.7598379629629629 0.11979166666666667 0.7528935185185185
1 0.06770833333333333 0.8472222222222222 0.07096354166666667 0.8472222222222222 0.08333333333333333 0.8559027777777778 0.08355034722222222 0.8591820987654321 0.07964409722222222 0.8626543209876543 0.07942708333333333 0.8697916666666666 0.06532118055555555 0.8854166666666666 0.05967881944444445 0.8885030864197531 0.050347222222222224 0.9033564814814815 0.04665798611111111 0.8981481481481481 0.05251736111111111 0.8794367283950617 0.057074652777777776 0.8740354938271605 0.060980902777777776 0.8742283950617284 0.06966145833333333 0.8597608024691358 0.06770833333333333 0.8474151234567902
1 0.86328125 0.48128858024691357 0.8661024305555556 0.4826388888888889 0.8663194444444444 0.4859182098765432 0.859375 0.49016203703703703 0.8556857638888888 0.4895833333333333 0.8559027777777778 0.4845679012345679 0.8630642361111112 0.48128858024691357
1 0.7838541666666666 0.4878472222222222 0.7899305555555556 0.4878472222222222 0.7912326388888888 0.49421296296296297 0.7899305555555556 0.498070987654321 0.7866753472222222 0.4965277777777778 0.7838541666666666 0.4880401234567901
1 0.6890190972222222 0.47665895061728397 0.6953125 0.4839891975308642 0.6959635416666666 0.49594907407407407 0.6924913194444444 0.5003858024691358 0.6822916666666666 0.4996141975308642 0.6788194444444444 0.49440586419753085 0.6781684027777778 0.4807098765432099 0.6822916666666666 0.47665895061728397 0.6888020833333334 0.47665895061728397
1 0.6165364583333334 0.5046296296296297 0.6265190972222222 0.5084876543209876 0.6206597222222222 0.5196759259259259 0.615234375 0.5169753086419753 0.6128472222222222 0.5104166666666666 0.6128472222222222 0.5055941358024691 0.6163194444444444 0.5046296296296297
1 0.6373697916666666 0.4702932098765432 0.6434461805555556 0.4731867283950617 0.6458333333333334 0.4774305555555556 0.6434461805555556 0.49170524691358025 0.6384548611111112 0.49344135802469136 0.6334635416666666 0.4876543209876543 0.6299913194444444 0.47800925925925924 0.6336805555555556 0.47897376543209874 0.6349826388888888 0.4704861111111111 0.6371527777777778 0.4702932098765432
1 0.6343315972222222 0.4693287037037037 0.6365017361111112 0.47434413580246915 0.6341145833333334 0.48900462962962965 0.6278211805555556 0.47762345679012347 0.6297743055555556 0.4702932098765432 0.6341145833333334 0.4693287037037037
1 0.5985243055555556 0.47665895061728397 0.6067708333333334 0.4841820987654321 0.6059027777777778 0.49517746913580246 0.5985243055555556 0.48996913580246915 0.5872395833333334 0.4870756172839506 0.5883246527777778 0.47955246913580246 0.5924479166666666 0.47665895061728397 0.5983072916666666 0.47665895061728397
1 0.5651041666666666 0.5032793209876543 0.5661892361111112 0.5052083333333334 0.5540364583333334 0.5260416666666666 0.5481770833333334 0.5244984567901234 0.5496961805555556 0.5189043209876543 0.5475260416666666 0.5050154320987654 0.5529513888888888 0.5028935185185185 0.5648871527777778 0.5032793209876543
1 0.609375 0.44058641975308643 0.6145833333333334 0.44656635802469136 0.6154513888888888 0.45987654320987653 0.6130642361111112 0.46141975308641975 0.6082899305555556 0.45929783950617287 0.6028645833333334 0.4461805555555556 0.6030815972222222 0.4425154320987654 0.6091579861111112 0.44058641975308643
1 0.6014539930555556 0.45437885802469136 0.012369791666666666 0.02334104938271605
1 0.724609375 0.3753858024691358 0.7306857638888888 0.38348765432098764 0.7261284722222222 0.3861882716049383 0.724609375 0.390625 0.7105034722222222 0.3931327160493827 0.7065972222222222 0.3929398148148148 0.6994357638888888 0.38753858024691357 0.6985677083333334 0.38290895061728397 0.7135416666666666 0.37712191358024694 0.7243923611111112 0.3753858024691358
1 0.6508246527777778 0.4060570987654321 0.66796875 0.4079861111111111 0.6688368055555556 0.4182098765432099 0.6614583333333334 0.42804783950617287 0.6538628472222222 0.42650462962962965 0.6477864583333334 0.4288194444444444 0.6443142361111112 0.4278549382716049 0.640625 0.4226466049382716 0.6371527777777778 0.4222608024691358 0.6330295138888888 0.4251543209876543 0.6306423611111112 0.4106867283950617 0.6334635416666666 0.4066358024691358 0.6506076388888888 0.4060570987654321
1 0.6651475694444444 0.392554012345679 0.677734375 0.404320987654321 0.6766493055555556 0.4079861111111111 0.6684027777777778 0.4114583333333333 0.6642795138888888 0.40760030864197533 0.6540798611111112 0.4079861111111111 0.6477864583333334 0.4045138888888889 0.6490885416666666 0.39891975308641975 0.6534288194444444 0.3940972222222222 0.6649305555555556 0.392554012345679
1 0.5341796875 0.4775270061728395 0.011935763888888888 0.02141203703703704
1 0.6773003472222222 0.38040123456790126 0.6918402777777778 0.38676697530864196 0.6920572916666666 0.3912037037037037 0.6857638888888888 0.39544753086419754 0.6790364583333334 0.3921682098765432 0.6684027777777778 0.3940972222222222 0.6605902777777778 0.390625 0.6614583333333334 0.3869598765432099 0.671875 0.38059413580246915 0.6770833333333334 0.38040123456790126
1 0.6345486111111112 0.38522376543209874 0.640625 0.388695987654321 0.6414930555555556 0.39351851851851855 0.6380208333333334 0.4035493827160494 0.6343315972222222 0.40489969135802467 0.6317274305555556 0.4035493827160494 0.6291232638888888 0.3942901234567901 0.6321614583333334 0.38580246913580246 0.6343315972222222 0.38522376543209874
1 0.609375 0.3915895061728395 0.6202256944444444 0.39448302469135804 0.6232638888888888 0.39737654320987653 0.6223958333333334 0.4045138888888889 0.6161024305555556 0.4166666666666667 0.61328125 0.41801697530864196 0.6087239583333334 0.41531635802469136 0.6046006944444444 0.40084876543209874 0.6050347222222222 0.3940972222222222 0.6091579861111112 0.3915895061728395
1 0.6260850694444444 0.3800154320987654 0.6302083333333334 0.3800154320987654 0.6414930555555556 0.3902391975308642 0.6371527777777778 0.40412808641975306 0.6328125 0.4045138888888889 0.6282552083333334 0.3956404320987654 0.623046875 0.39718364197530864 0.6184895833333334 0.3933256172839506 0.6184895833333334 0.3869598765432099 0.6260850694444444 0.3802083333333333
1 0.6299913194444444 0.37962962962962965 0.6330295138888888 0.3836805555555556 0.6302083333333334 0.39351851851851855 0.6232638888888888 0.3948688271604938 0.6189236111111112 0.39274691358024694 0.6182725694444444 0.3869598765432099 0.6263020833333334 0.37962962962962965 0.6297743055555556 0.37962962962962965
1 0.4806857638888889 0.4731867283950617 0.4841579861111111 0.47588734567901236 0.4852430555555556 0.4807098765432099 0.4776475694444444 0.49459876543209874 0.4754774305555556 0.49247685185185186 0.474609375 0.48051697530864196 0.4772135416666667 0.47453703703703703 0.48046875 0.47337962962962965
1 0.6325954861111112 0.3591820987654321 0.6510416666666666 0.3599537037037037 0.6545138888888888 0.3628472222222222 0.6516927083333334 0.3705632716049383 0.6473524305555556 0.36477623456790126 0.640625 0.37191358024691357 0.6371527777777778 0.3722993827160494 0.63671875 0.36516203703703703 0.6325954861111112 0.359375
1 0.4711371527777778 0.47781635802469136 0.4739583333333333 0.48032407407407407 0.4750434027777778 0.4876543209876543 0.4737413194444444 0.49614197530864196 0.4704861111111111 0.4992283950617284 0.4644097222222222 0.4839891975308642 0.4670138888888889 0.47878086419753085 0.4709201388888889 0.47781635802469136
1 0.5796440972222222 0.38522376543209874 0.5857204861111112 0.3890817901234568 0.5915798611111112 0.4077932098765432 0.5809461805555556 0.4077932098765432 0.5746527777777778 0.41261574074074076 0.5698784722222222 0.39351851851851855 0.5748697916666666 0.3869598765432099 0.5794270833333334 0.38522376543209874
1 0.5570746527777778 0.3792438271604938 0.5674913194444444 0.38445216049382713 0.5700954861111112 0.3902391975308642 0.568359375 0.3975694444444444 0.5614149305555556 0.4045138888888889 0.5492621527777778 0.4056712962962963 0.5492621527777778 0.3871527777777778 0.5570746527777778 0.3794367283950617
1 0.6223958333333334 0.33738425925925924 0.6284722222222222 0.33834876543209874 0.6336805555555556 0.3454861111111111 0.630859375 0.3595679012345679 0.6267361111111112 0.3628472222222222 0.6202256944444444 0.3636188271604938 0.6165364583333334 0.3626543209876543 0.6165364583333334 0.3559027777777778 0.6117621527777778 0.3452932098765432 0.6163194444444444 0.33796296296296297 0.6221788194444444 0.33738425925925924
1 0.5768229166666666 0.2957175925925926 0.5933159722222222 0.2962962962962963 0.591796875 0.3082561728395062 0.5720486111111112 0.3013117283950617 0.5707465277777778 0.2966820987654321 0.5766059027777778 0.2957175925925926
1 0.6204427083333334 0.18364197530864199 0.6282552083333334 0.1892361111111111 0.6280381944444444 0.19579475308641975 0.6232638888888888 0.1996527777777778 0.6154513888888888 0.1886574074074074 0.6154513888888888 0.1849922839506173 0.6202256944444444 0.18364197530864199
1 0.6095920138888888 0.18190586419753085 0.6197916666666666 0.1840277777777778 0.6278211805555556 0.1892361111111111 0.6267361111111112 0.19772376543209877 0.6232638888888888 0.20081018518518517 0.6148003472222222 0.203125 0.6059027777777778 0.2006172839506173 0.599609375 0.19251543209876543 0.6019965277777778 0.18518518518518517 0.609375 0.18190586419753085
1 0.4403211805555556 0.2662037037037037 0.4500868055555556 0.2679398148148148 0.4565972222222222 0.27218364197530864 0.4470486111111111 0.29282407407407407 0.4459635416666667 0.3013117283950617 0.4427083333333333 0.30304783950617287 0.4385850694444444 0.296875 0.4281684027777778 0.2966820987654321 0.4320746527777778 0.29070216049382713 0.4338107638888889 0.27218364197530864 0.435546875 0.26851851851851855 0.4401041666666667 0.2662037037037037
1 0.21375868055555555 0.4434799382716049 0.22526041666666666 0.4529320987654321 0.2243923611111111 0.4567901234567901 0.2172309027777778 0.46257716049382713 0.21006944444444445 0.4564043209876543 0.2072482638888889 0.4494598765432099 0.2092013888888889 0.44425154320987653 0.21354166666666666 0.4434799382716049
1 0.4409722222222222 0.2660108024691358 0.4442274305555556 0.2689043209876543 0.4450954861111111 0.29378858024691357 0.4427083333333333 0.3013117283950617 0.4390190972222222 0.2966820987654321 0.4283854166666667 0.2966820987654321 0.4320746527777778 0.29031635802469136 0.43359375 0.27237654320987653 0.435546875 0.2683256172839506 0.4407552083333333 0.2660108024691358
1 0.380859375 0.2945601851851852 0.3849826388888889 0.2962962962962963 0.3873697916666667 0.3038194444444444 0.3869357638888889 0.30613425925925924 0.3802083333333333 0.30690586419753085 0.3732638888888889 0.30266203703703703 0.3697916666666667 0.2964891975308642 0.3806423611111111 0.2945601851851852
1 0.6106770833333334 0.18190586419753085 0.6163194444444444 0.1849922839506173 0.6158854166666666 0.1886574074074074 0.6024305555555556 0.19367283950617284 0.5991753472222222 0.1892361111111111 0.6013454861111112 0.18557098765432098 0.6104600694444444 0.18190586419753085
1 0.3715277777777778 0.17843364197530864 0.3765190972222222 0.18267746913580246 0.3786892361111111 0.18904320987654322 0.3734809027777778 0.20003858024691357 0.3704427083333333 0.2013888888888889 0.3667534722222222 0.20023148148148148 0.3619791666666667 0.1882716049382716 0.3658854166666667 0.18016975308641975 0.3713107638888889 0.17843364197530864
1 0.8142361111111112 0.12172067901234568 0.8220486111111112 0.13348765432098766 0.8200954861111112 0.14699074074074073 0.8255208333333334 0.15779320987654322 0.8174913194444444 0.1552854938271605 0.8142361111111112 0.15952932098765432 0.8107638888888888 0.1570216049382716 0.8088107638888888 0.1419753086419753 0.8051215277777778 0.13406635802469136 0.8094618055555556 0.12307098765432099 0.8140190972222222 0.12172067901234568
1 0.3391927083333333 0.16203703703703703 0.3595920138888889 0.17554012345679013 0.3619791666666667 0.18267746913580246 0.359375 0.1857638888888889 0.3420138888888889 0.18094135802469136 0.3359375 0.16493055555555555 0.3389756944444444 0.16203703703703703
1 0.2690972222222222 0.1693672839506173 0.2810329861111111 0.17515432098765432 0.3023003472222222 0.17843364197530864 0.3003472222222222 0.18479938271604937 0.2938368055555556 0.1880787037037037 0.2730034722222222 0.1863425925925926 0.2736545138888889 0.17862654320987653 0.2662760416666667 0.171875 0.2688802083333333 0.1693672839506173
1 0.2152777777777778 0.1743827160493827 0.22395833333333334 0.17573302469135801 0.2309027777777778 0.18209876543209877 0.22743055555555555 0.19232253086419754 0.2300347222222222 0.19945987654320987 0.2282986111111111 0.20119598765432098 0.21571180555555555 0.19945987654320987 0.21354166666666666 0.19753086419753085 0.203125 0.19945987654320987 0.2109375 0.17554012345679013 0.2150607638888889 0.1743827160493827
1 0.16536458333333334 0.17804783950617284 0.18229166666666666 0.17824074074074073 0.1870659722222222 0.18132716049382716 0.18815104166666666 0.18595679012345678 0.18294270833333334 0.19984567901234568 0.17903645833333334 0.2023533950617284 0.166015625 0.19637345679012347 0.1616753472222222 0.18441358024691357 0.16514756944444445 0.17804783950617284
1 0.7827690972222222 0 0.8001302083333334 0 0.80078125 0.006172839506172839 0.7983940972222222 0.015817901234567902 0.7899305555555556 0.01890432098765432 0.7866753472222222 0.017939814814814815 0.78125 0.012152777777777778 0.7827690972222222 0.00019290123456790122
1 0.7649739583333334 0 0.7999131944444444 0 0.8005642361111112 0.004822530864197531 0.8003472222222222 0.01253858024691358 0.7966579861111112 0.01678240740740741 0.7897135416666666 0.01871141975308642 0.779296875 0.013117283950617283 0.7723524305555556 0.01716820987654321 0.7680121527777778 0.012152777777777778 0.7649739583333334 0.00019290123456790122
1 0.4542100694444444 0.0941358024691358 0.4583333333333333 0.09760802469135803 0.4609375 0.10609567901234568 0.4533420138888889 0.11786265432098765 0.4461805555555556 0.12133487654320987 0.4446614583333333 0.10532407407407407 0.4485677083333333 0.09587191358024691 0.4539930555555556 0.0941358024691358
1 0.4401041666666667 0.08912037037037036 0.4461805555555556 0.09452160493827161 0.4561631944444444 0.09490740740740741 0.4607204861111111 0.10243055555555555 0.4611545138888889 0.10590277777777778 0.4544270833333333 0.11631944444444445 0.4470486111111111 0.12114197530864197 0.4427083333333333 0.11188271604938271 0.4392361111111111 0.11959876543209877 0.4357638888888889 0.11959876543209877 0.4309895833333333 0.11342592592592593 0.435546875 0.09239969135802469 0.4398871527777778 0.08912037037037036
1 0.4416232638888889 0.08892746913580248 0.4474826388888889 0.09915123456790123 0.4392361111111111 0.11921296296296297 0.4322916666666667 0.11689814814814815 0.4307725694444444 0.11072530864197531 0.4357638888888889 0.09162808641975309 0.44140625 0.08892746913580248
1 0.2829861111111111 0.09529320987654322 0.287109375 0.10686728395061729 0.2808159722222222 0.11574074074074074 0.2827690972222222 0.1232638888888889 0.2528211805555556 0.11959876543209877 0.2530381944444444 0.11631944444444445 0.2584635416666667 0.11265432098765432 0.2593315972222222 0.10590277777777778 0.2623697916666667 0.10243055555555555 0.2721354166666667 0.09606481481481481 0.2827690972222222 0.09529320987654322
1 0.07942708333333333 0.765625 0.08485243055555555 0.7623456790123457 0.08745659722222222 0.7654320987654321 0.08745659722222222 0.779320987654321 0.08506944444444445 0.785108024691358 0.08203125 0.7883873456790124 0.07118055555555555 0.7916666666666666 0.06358506944444445 0.7920524691358025 0.06032986111111111 0.7901234567901234 0.06032986111111111 0.7862654320987654 0.06987847222222222 0.7731481481481481 0.07942708333333333 0.7658179012345679
1 0.06705729166666667 0.7170138888888888 0.07530381944444445 0.7173996913580247 0.07703993055555555 0.7258873456790124 0.07508680555555555 0.730516975308642 0.06640625 0.7274305555555556 0.06705729166666667 0.7172067901234568
1 0.1410590277777778 0.2019675925925926 0.14344618055555555 0.20582561728395063 0.1410590277777778 0.21373456790123457 0.13172743055555555 0.22723765432098766 0.12413194444444445 0.23032407407407407 0.1150173611111111 0.22260802469135801 0.10069444444444445 0.2199074074074074 0.09895833333333333 0.2162422839506173 0.10243055555555555 0.20833333333333334 0.10590277777777778 0.2048611111111111 0.1408420138888889 0.2019675925925926
1 0.16145833333333334 0.16608796296296297 0.1644965277777778 0.16820987654320987 0.16145833333333334 0.17669753086419754 0.15169270833333334 0.19290123456790123 0.13368055555555555 0.2021604938271605 0.13020833333333334 0.20003858024691357 0.1401909722222222 0.18190586419753085 0.15733506944444445 0.1716820987654321 0.16145833333333334 0.16628086419753085
1 0.04796006944444445 0.7584876543209876 0.0642361111111111 0.7629243827160493 0.07074652777777778 0.7687114197530864 0.06770833333333333 0.7731481481481481 0.05186631944444445 0.7785493827160493 0.04578993055555555 0.7775848765432098 0.03624131944444445 0.7654320987654321 0.036675347222222224 0.7609953703703703 0.04774305555555555 0.7584876543209876
1 0.126953125 0.17746913580246915 0.13020833333333334 0.18152006172839505 0.1271701388888889 0.20023148148148148 0.10611979166666667 0.20717592592592593 0.1015625 0.203125 0.10503472222222222 0.19618055555555555 0.11219618055555555 0.1867283950617284 0.1267361111111111 0.17746913580246915
1 0.087890625 0.17554012345679013 0.10460069444444445 0.17881944444444445 0.109375 0.18094135802469136 0.11176215277777778 0.1849922839506173 0.109375 0.1888503086419753 0.0920138888888889 0.19463734567901234 0.08658854166666667 0.19347993827160495 0.07747395833333333 0.18229166666666666 0.08159722222222222 0.17689043209876543 0.0876736111111111 0.17554012345679013
1 0.15559895833333334 0.12827932098765432 0.16514756944444445 0.12866512345679013 0.17252604166666666 0.13252314814814814 0.1720920138888889 0.13638117283950618 0.1675347222222222 0.13773148148148148 0.16471354166666666 0.1413966049382716 0.15104166666666666 0.1398533950617284 0.14756944444444445 0.13657407407407407 0.14388020833333334 0.13001543209876543 0.15538194444444445 0.12827932098765432
1 0.024088541666666668 0.714891975308642 0.043619791666666664 0.7175925925925926 0.046223958333333336 0.7199074074074074 0.040581597222222224 0.7239583333333334 0.04014756944444445 0.7395833333333334 0.029513888888888888 0.7467206790123457 0.028862847222222224 0.734375 0.022352430555555556 0.7289737654320988 0.01953125 0.7202932098765432 0.019965277777777776 0.7158564814814815 0.023871527777777776 0.714891975308642
1 0.7645399305555556 0 0.7810329861111112 0 0.7805989583333334 0.011959876543209876 0.7725694444444444 0.017361111111111112 0.7677951388888888 0.012152777777777778 0.7645399305555556 0.00019290123456790122
1 0.70703125 0 0.7237413194444444 0 0.7228732638888888 0.005208333333333333 0.7252604166666666 0.008487654320987654 0.7239583333333334 0.011188271604938271 0.7204861111111112 0.009066358024691358 0.7133246527777778 0.009645061728395061 0.70703125 0.00019290123456790122
1 0.11371527777777778 0.13020833333333334 0.1174045138888889 0.13271604938271606 0.11653645833333333 0.14621913580246915 0.10590277777777778 0.1408179012345679 0.10677083333333333 0.13194444444444445 0.1134982638888889 0.13020833333333334
1 0.06575520833333333 0.13175154320987653 0.08897569444444445 0.13348765432098766 0.08072916666666667 0.1402391975308642 0.08116319444444445 0.15432098765432098 0.07118055555555555 0.16435185185185186 0.06901041666666667 0.16145833333333334 0.06944444444444445 0.15065586419753085 0.06228298611111111 0.14583333333333334 0.05881076388888889 0.13695987654320987 0.059895833333333336 0.13175154320987653 0.06553819444444445 0.13175154320987653
1 0.2341579861111111 0.6909722222222222 0.2250434027777778 0.7156635802469136 0.22395833333333334 0.7139274691358025 0.2202690972222222 0.7179783950617284 0.21006944444444445 0.7133487654320988 0.21592881944444445 0.7081404320987654 0.2185329861111111 0.6988811728395061 0.2267795138888889 0.6929012345679012 0.2339409722222222 0.6911651234567902
1 0.22786458333333334 0.6927083333333334 0.2261284722222222 0.6957947530864198 0.2265625 0.7170138888888888 0.2302517361111111 0.7185570987654321 0.234375 0.7183641975308642 0.2367621527777778 0.7202932098765432 0.2387152777777778 0.7204861111111112 0.23936631944444445 0.7172067901234568 0.2387152777777778 0.7110339506172839 0.2406684027777778 0.7079475308641975 0.24305555555555555 0.7064043209876543 0.244140625 0.7033179012345679 0.244140625 0.6996527777777778 0.2424045138888889 0.6936728395061729 0.24153645833333334 0.6923225308641975 0.2378472222222222 0.691358024691358
1 0.1759982638888889 0.7673611111111112 0.1773003472222222 0.7762345679012346 0.17491319444444445 0.7824074074074074 0.1759982638888889 0.7856867283950617 0.17491319444444445 0.7897376543209876 0.17903645833333334 0.7891589506172839 0.18250868055555555 0.7926311728395061 0.185546875 0.7937885802469136 0.18619791666666666 0.7934027777777778 0.1857638888888889 0.7908950617283951 0.18294270833333334 0.7853009259259259 0.1838107638888889 0.7810570987654321 0.1859809027777778 0.7795138888888888 0.1875 0.7760416666666666 0.18663194444444445 0.7723765432098766 0.1833767361111111 0.7677469135802469 0.1799045138888889 0.7652391975308642 0.17643229166666666 0.7654320987654321
1 0.130859375 0.7791280864197531 0.13172743055555555 0.7835648148148148 0.13020833333333334 0.7864583333333334 0.1332465277777778 0.7899305555555556 0.1365017361111111 0.7907021604938271 0.1388888888888889 0.7899305555555556 0.1408420138888889 0.7827932098765432 0.14453125 0.7760416666666666 0.14453125 0.7721836419753086 0.1410590277777778 0.7671682098765432 0.13671875 0.7662037037037037 0.1325954861111111 0.7681327160493827 0.13194444444444445 0.7689043209876543 0.1325954861111111 0.7721836419753086 0.13216145833333334 0.7760416666666666
1 0.3934461805555556 0.8663194444444444 0.3932291666666667 0.8801440972222223 0.3917100694444444 0.8940972222222222 0.3927951388888889 0.8985339506172839 0.3943142361111111 0.9008487654320988 0.396484375 0.8994984567901234 0.3980034722222222 0.890625 0.4045138888888889 0.8800154320987654 0.4058159722222222 0.8753858024691358 0.4114583333333333 0.8699845679012346 0.4114583333333333 0.8661265432098766 0.4053819444444444 0.8659336419753086 0.4010416666666667 0.8640046296296297 0.3973524305555556 0.8638117283950617
1 0.3218315972222222 0.8898533950617284 0.3211805555555556 0.890625 0.3235677083333333 0.8939043209876543 0.3315972222222222 0.9029706790123457 0.3363715277777778 0.9029706790123457 0.3385416666666667 0.9037422839506173 0.3391927083333333 0.8973765432098766 0.3368055555555556 0.8904320987654321 0.3344184027777778 0.8894675925925926 0.3246527777777778 0.888695987654321
1 0.4483506944444444 0.3611111111111111 0.4498697916666667 0.3767361111111111 0.453125 0.37885802469135804 0.4568142361111111 0.3765432098765432 0.4607204861111111 0.36747685185185186 0.4618055555555556 0.3616898148148148 0.4600694444444444 0.3591820987654321 0.4498697916666667 0.3591820987654321
1 0.4060329861111111 0.41338734567901236 0.4058159722222222 0.41473765432098764 0.408203125 0.41782407407407407 0.4173177083333333 0.4222608024691358 0.4197048611111111 0.421875 0.4203559027777778 0.4184027777777778 0.41796875 0.41396604938271603 0.4084201388888889 0.4112654320987654 0.4066840277777778 0.4114583333333333
1 0.21549479166666666 0.17804783950617284 0.2170138888888889 0.18190586419753085 0.21592881944444445 0.1849922839506173 0.216796875 0.18942901234567902 0.2152777777777778 0.19579475308641975 0.21614583333333334 0.19945987654320987 0.22157118055555555 0.19888117283950618 0.22721354166666666 0.20158179012345678 0.22916666666666666 0.20119598765432098 0.2302517361111111 0.19945987654320987 0.2282986111111111 0.19675925925925927 0.22721354166666666 0.19174382716049382 0.23133680555555555 0.1857638888888889 0.23111979166666666 0.18209876543209877 0.22721354166666666 0.17766203703703703 0.22374131944444445 0.17611882716049382 0.21875 0.17592592592592593 0.21614583333333334 0.17669753086419754
1 0.2710503472222222 0.10204475308641975 0.2708333333333333 0.11033950617283951 0.2697482638888889 0.11265432098765432 0.2706163194444444 0.11998456790123457 0.2725694444444444 0.12249228395061729 0.2745225694444444 0.12229938271604938 0.2795138888888889 0.12422839506172839 0.2821180555555556 0.12364969135802469 0.2827690972222222 0.1232638888888889 0.2827690972222222 0.11921296296296297 0.2819010416666667 0.11574074074074074 0.2829861111111111 0.11323302469135803 0.2866753472222222 0.109375 0.287109375 0.10590277777777778 0.2847222222222222 0.09702932098765432 0.2823350694444444 0.09490740740740741 0.2756076388888889 0.0954861111111111 0.2727864583333333 0.10050154320987655
1 0.10546875 0.2964891975308642 0.10503472222222222 0.30073302469135804 0.10590277777777778 0.30266203703703703 0.1091579861111111 0.30150462962962965 0.11046006944444445 0.29899691358024694 0.115234375 0.29378858024691357 0.12065972222222222 0.28954475308641975 0.1232638888888889 0.2849151234567901 0.12369791666666667 0.27739197530864196 0.12630208333333334 0.2725694444444444 0.11631944444444445 0.2681327160493827 0.11458333333333333 0.2689043209876543 0.115234375 0.27141203703703703 0.11480034722222222 0.2760416666666667 0.10850694444444445 0.28665123456790126
1 0.7013888888888888 0.5260416666666666 0.7022569444444444 0.5297067901234568 0.6996527777777778 0.5343364197530864 0.6996527777777778 0.5397376543209876 0.703125 0.5399305555555556 0.7074652777777778 0.5385802469135802 0.7100694444444444 0.5407021604938271 0.7107204861111112 0.5399305555555556 0.7109375 0.529320987654321 0.7124565972222222 0.5260416666666666 0.7122395833333334 0.5225694444444444 0.7076822916666666 0.5216049382716049 0.705078125 0.5219907407407407 0.7029079861111112 0.5235339506172839
1 0.673828125 0.5225694444444444 0.673828125 0.5260416666666666 0.6786024305555556 0.5275848765432098 0.6810980902777778 0.527391975308642 0.6844618055555556 0.5291280864197531 0.6857638888888888 0.5345293209876543 0.6892361111111112 0.5378086419753086 0.6907552083333334 0.5364583333333334 0.6920572916666666 0.529320987654321 0.6909722222222222 0.5258487654320988 0.685546875 0.5225694444444444 0.6753472222222222 0.5216049382716049