1 0.6662326388888888 0.972608024691358 0.6720920138888888 0.9737654320987654 0.6727430555555556 0.9774305555555556 0.6579861111111112 0.9907407407407407 0.6508246527777778 0.9872685185185185 0.6490885416666666 0.9774305555555556 0.6545138888888888 0.9739583333333334 0.666015625 0.972608024691358
1 0.6655815972222222 0.9575617283950617 0.6684027777777778 0.9598765432098766 0.6684027777777778 0.9639274691358025 0.6649305555555556 0.9704861111111112 0.6471354166666666 0.9633487654320988 0.6436631944444444 0.9598765432098766 0.6469184027777778 0.9579475308641975 0.6653645833333334 0.9575617283950617
1 0.6276041666666666 0.9770447530864198 0.6334635416666666 0.9793595679012346 0.6378038194444444 0.984375 0.6378038194444444 0.9907407407407407 0.6345486111111112 0.9922839506172839 0.6271701388888888 0.9917052469135802 0.6167534722222222 0.9849537037037037 0.6197916666666666 0.9782021604938271 0.6273871527777778 0.9770447530864198
1 0.6059027777777778 0.9857253086419753 0.61328125 0.9907407407407407 0.6145833333333334 0.9998070987654321 0.5946180555555556 0.9998070987654321 0.5974392361111112 0.9890046296296297 0.6056857638888888 0.9857253086419753
1 0.5926649305555556 0.9575617283950617 0.6085069444444444 0.9592978395061729 0.6059027777777778 0.9704861111111112 0.591796875 0.96875 0.5881076388888888 0.9598765432098766 0.5924479166666666 0.9575617283950617
1 0.5726996527777778 0.9853395061728395 0.5779079861111112 0.9901620370370371 0.5813802083333334 0.9998070987654321 0.5670572916666666 0.9998070987654321 0.5668402777777778 0.9876543209876543 0.5709635416666666 0.9841820987654321 0.5724826388888888 0.9853395061728395
1 0.5848524305555556 0.9749228395061729 0.5909288194444444 0.9839891975308642 0.5902777777777778 0.9998070987654321 0.5828993055555556 0.9998070987654321 0.5787760416666666 0.9909336419753086 0.5718315972222222 0.986304012345679 0.5763888888888888 0.9774305555555556 0.5846354166666666 0.9749228395061729
1 0.5646701388888888 0.9878472222222222 0.5674913194444444 0.9909336419753086 0.56640625 0.9998070987654321 0.5531684027777778 0.9998070987654321 0.5562065972222222 0.9903549382716049 0.564453125 0.9878472222222222
1 0.5295138888888888 0.9753086419753086 0.544921875 0.9845679012345679 0.5477430555555556 0.9955632716049383 0.5462239583333334 0.9976851851851852 0.5431857638888888 0.9932484567901234 0.5418836805555556 0.9998070987654321 0.52734375 0.9998070987654321 0.5243055555555556 0.9826388888888888 0.5260416666666666 0.9772376543209876 0.529296875 0.9753086419753086
1 0.5655381944444444 0.935570987654321 0.5685763888888888 0.9390432098765432 0.5657552083333334 0.9459876543209876 0.5434027777777778 0.9625771604938271 0.5431857638888888 0.9525462962962963 0.5516493055555556 0.9392361111111112 0.5572916666666666 0.9357638888888888 0.5653211805555556 0.935570987654321
1 0.5021701388888888 0.9762731481481481 0.5047743055555556 0.9772376543209876 0.5078125 0.9998070987654321 0.5006510416666666 0.9998070987654321 0.4947916666666667 0.9866898148148148 0.4947916666666667 0.9801311728395061 0.498046875 0.9766589506172839 0.501953125 0.9762731481481481
1 0.5056423611111112 0.9741512345679012 0.5086805555555556 0.9749228395061729 0.5130208333333334 0.9812885802469136 0.5130208333333334 0.9998070987654321 0.5008680555555556 0.9998070987654321 0.4947916666666667 0.9859182098765432 0.4967447916666667 0.9778163580246914 0.5054253472222222 0.9741512345679012
1 0.6158854166666666 0.8229166666666666 0.6187065972222222 0.8244598765432098 0.6206597222222222 0.8350694444444444 0.6128472222222222 0.8387345679012346 0.6026475694444444 0.8335262345679012 0.6004774305555556 0.8279320987654321 0.6030815972222222 0.8244598765432098 0.6156684027777778 0.8229166666666666
1 0.5629340277777778 0.7864583333333334 0.5716145833333334 0.7897376543209876 0.5735677083333334 0.7932098765432098 0.5724826388888888 0.8005401234567902 0.5657552083333334 0.8049768518518519 0.5594618055555556 0.8040123456790124 0.5520833333333334 0.7980324074074074 0.5436197916666666 0.7966820987654321 0.5394965277777778 0.7901234567901234 0.5627170138888888 0.7864583333333334
1 0.7530381944444444 0.6051311728395061 0.7565104166666666 0.6059027777777778 0.7619357638888888 0.6118827160493827 0.7641059027777778 0.6263503086419753 0.7688802083333334 0.6336805555555556 0.7443576388888888 0.6197916666666666 0.7465277777777778 0.6057098765432098 0.7528211805555556 0.6051311728395061
1 0.7309027777777778 0.5987654320987654 0.7432725694444444 0.6022376543209876 0.7469618055555556 0.6057098765432098 0.7447916666666666 0.6197916666666666 0.73828125 0.6263503086419753 0.7322048611111112 0.6180555555555556 0.7209201388888888 0.609375 0.7239583333333334 0.6005015432098766 0.7272135416666666 0.5981867283950617 0.7306857638888888 0.5987654320987654
1 0.7274305555555556 0.5981867283950617 0.7584635416666666 0.6080246913580247 0.7621527777777778 0.6128472222222222 0.7638888888888888 0.6265432098765432 0.7690972222222222 0.6334876543209876 0.7452256944444444 0.6219135802469136 0.7378472222222222 0.6261574074074074 0.7326388888888888 0.6182484567901234 0.720703125 0.6091820987654321 0.7204861111111112 0.6059027777777778 0.7272135416666666 0.5983796296296297
1 0.6510416666666666 0.5896990740740741 0.654296875 0.5889274691358025 0.6597222222222222 0.5935570987654321 0.6681857638888888 0.5960648148148148 0.6744791666666666 0.6024305555555556 0.6688368055555556 0.607445987654321 0.6651475694444444 0.6161265432098766 0.6616753472222222 0.6143904320987654 0.658203125 0.6076388888888888 0.6545138888888888 0.6136188271604939 0.6508246527777778 0.6153549382716049 0.6430121527777778 0.6103395061728395 0.6414930555555556 0.6022376543209876 0.6423611111111112 0.5981867283950617 0.6510416666666666 0.589891975308642
1 0.7233072916666666 0.5152391975308642 0.7239583333333334 0.5277777777777778 0.7202690972222222 0.5364583333333334 0.7172309027777778 0.5380015432098766 0.7133246527777778 0.5374228395061729 0.7102864583333334 0.5329861111111112 0.7074652777777778 0.5154320987654321 0.7230902777777778 0.5152391975308642
1 0.6935763888888888 0.47183641975308643 0.6966145833333334 0.4737654320987654 0.697265625 0.4810956790123457 0.6961805555555556 0.48977623456790126 0.6927083333333334 0.49189814814814814 0.6883680555555556 0.47704475308641975 0.6888020833333334 0.4737654320987654 0.693359375 0.47183641975308643
1 0.3973524305555556 0.8964120370370371 0.3940972222222222 0.890625 0.3962673611111111 0.8659336419753086 0.4008246527777778 0.8638117283950617 0.404296875 0.8647762345679012 0.4073350694444444 0.8695987654320988 0.4069010416666667 0.8765432098765432 0.3973524305555556 0.8962191358024691
1 0.6946614583333334 0.47183641975308643 0.6979166666666666 0.47723765432098764 0.6970486111111112 0.4888117283950617 0.703125 0.4930555555555556 0.7029079861111112 0.4998070987654321 0.6927083333333334 0.4984567901234568 0.6911892361111112 0.49537037037037035 0.6875 0.47627314814814814 0.6885850694444444 0.4731867283950617 0.6944444444444444 0.47183641975308643
1 0.6831597222222222 0.47511574074074076 0.6875 0.4807098765432099 0.6901041666666666 0.49440586419753085 0.689453125 0.4990354938271605 0.6859809027777778 0.5 0.681640625 0.4965277777777778 0.6768663194444444 0.4847608024691358 0.6786024305555556 0.4774305555555556 0.6829427083333334 0.47511574074074076
1 0.6128472222222222 0.5057870370370371 0.6265190972222222 0.5063657407407407 0.6310763888888888 0.5084876543209876 0.6232638888888888 0.5192901234567902 0.6200086805555556 0.5131172839506173 0.6124131944444444 0.5190972222222222 0.6128472222222222 0.5059799382716049
1 0.6182725694444444 0.5055941358024691 0.6312934027777778 0.5084876543209876 0.6232638888888888 0.519483024691358 0.6200086805555556 0.5131172839506173 0.6121961805555556 0.5189043209876543 0.6124131944444444 0.5059799382716049 0.6180555555555556 0.5055941358024691
1 0.6126302083333334 0.5055941358024691 0.6312934027777778 0.5082947530864198 0.6232638888888888 0.5192901234567902 0.6197916666666666 0.5129243827160493 0.6126302083333334 0.5192901234567902 0.6126302083333334 0.5057870370370371
1 0.6375868055555556 0.46662808641975306 0.6421440972222222 0.4702932098765432 0.6430121527777778 0.47762345679012347 0.6408420138888888 0.4878472222222222 0.6341145833333334 0.48842592592592593 0.6265190972222222 0.484375 0.6267361111111112 0.47357253086419754 0.6302083333333334 0.4685570987654321 0.6373697916666666 0.46662808641975306
1 0.5677083333333334 0.5030864197530864 0.5707465277777778 0.5052083333333334 0.5700954861111112 0.5158179012345679 0.5744357638888888 0.5239197530864198 0.5677083333333334 0.5241126543209876 0.5642361111111112 0.5264274691358025 0.5611979166666666 0.5258487654320988 0.5625 0.5185185185185185 0.5553385416666666 0.5050154320987654 0.5674913194444444 0.5030864197530864
1 0.5954861111111112 0.47665895061728397 0.6026475694444444 0.4816743827160494 0.6041666666666666 0.4878472222222222 0.6024305555555556 0.4903549382716049 0.5930989583333334 0.4893904320987654 0.5885416666666666 0.4949845679012346 0.5850694444444444 0.49266975308641975 0.5846354166666666 0.4807098765432099 0.5885416666666666 0.47685185185185186 0.5952690972222222 0.47665895061728397
1 0.5362413194444444 0.5011574074074074 0.5401475694444444 0.5003858024691358 0.5514322916666666 0.5050154320987654 0.5451388888888888 0.5079089506172839 0.5434027777777778 0.5115740740740741 0.5397135416666666 0.5090663580246914 0.5358072916666666 0.5127314814814815 0.5336371527777778 0.5086805555555556 0.5362413194444444 0.5013503086419753
1 0.5542534722222222 0.47530864197530864 0.5577256944444444 0.47820216049382713 0.55859375 0.4845679012345679 0.5538194444444444 0.4957561728395062 0.5503472222222222 0.49787808641975306 0.5481770833333334 0.49537037037037035 0.5473090277777778 0.4816743827160494 0.5540364583333334 0.47530864197530864
1 0.6161024305555556 0.4398148148148148 0.6219618055555556 0.44598765432098764 0.6234809027777778 0.4548611111111111 0.6282552083333334 0.4565972222222222 0.6232638888888888 0.45717592592592593 0.6200086805555556 0.46064814814814814 0.609375 0.451195987654321 0.5985243055555556 0.46064814814814814 0.5970052083333334 0.4519675925925926 0.5859375 0.44637345679012347 0.6158854166666666 0.4398148148148148
1 0.7180989583333334 0.3759645061728395 0.7272135416666666 0.3802083333333333 0.7202690972222222 0.38753858024691357 0.7122395833333334 0.388695987654321 0.7098524305555556 0.3950617283950617 0.7074652777777778 0.3958333333333333 0.7013888888888888 0.390625 0.7003038194444444 0.38329475308641975 0.7029079861111112 0.3800154320987654 0.7178819444444444 0.3759645061728395
1 0.6794704861111112 0.3819444444444444 0.6892361111111112 0.3881172839506173 0.6909722222222222 0.3940972222222222 0.6872829861111112 0.39795524691358025 0.6803385416666666 0.39718364197530864 0.6681857638888888 0.3908179012345679 0.6716579861111112 0.38329475308641975 0.6792534722222222 0.3819444444444444
1 0.6584201388888888 0.3913966049382716 0.6638454861111112 0.3942901234567901 0.66796875 0.40046296296296297 0.6684027777777778 0.4079861111111111 0.6653645833333334 0.4095293209876543 0.6469184027777778 0.40412808641975306 0.6493055555555556 0.3939043209876543 0.658203125 0.3913966049382716
1 0.7009548611111112 0.36072530864197533 0.7170138888888888 0.3603395061728395 0.7191840277777778 0.36323302469135804 0.7194010416666666 0.373070987654321 0.7176649305555556 0.3738425925925926 0.6976996527777778 0.36612654320987653 0.6950954861111112 0.36246141975308643 0.7007378472222222 0.36072530864197533
1 0.3982204861111111 0.9527391975308642 0.4064670138888889 0.9535108024691358 0.404296875 0.9729938271604939 0.4008246527777778 0.972608024691358 0.3986545138888889 0.9625771604938271 0.3940972222222222 0.9565972222222222 0.39453125 0.953125 0.3980034722222222 0.9527391975308642
1 0.3960503472222222 0.8645833333333334 0.404296875 0.8649691358024691 0.4069010416666667 0.8694058641975309 0.4064670138888889 0.876929012345679 0.3973524305555556 0.8966049382716049 0.3917100694444444 0.8917824074074074 0.3836805555555556 0.8929398148148148 0.3821614583333333 0.8910108024691358 0.3843315972222222 0.8869598765432098 0.384765625 0.8697916666666666 0.3901909722222222 0.8640046296296297 0.3958333333333333 0.8645833333333334
1 0.3817274305555556 0.890625 0.3836805555555556 0.8873456790123457 0.3841145833333333 0.8697916666666666 0.3871527777777778 0.8651620370370371 0.3938802083333333 0.8634259259259259 0.3958333333333333 0.8713348765432098 0.392578125 0.8902391975308642 0.3838975694444444 0.8933256172839507 0.3819444444444444 0.8908179012345679
1 0.3203125 0.7758487654320988 0.3246527777777778 0.7754629629629629 0.3296440972222222 0.7824074074074074 0.328125 0.7903163580246914 0.3209635416666667 0.7995756172839507 0.3177083333333333 0.7989969135802469 0.314453125 0.7856867283950617 0.3203125 0.7760416666666666
1 0.3563368055555556 0.6925154320987654 0.3608940972222222 0.6952160493827161 0.3654513888888889 0.7029320987654321 0.3621961805555556 0.7201003086419753 0.3595920138888889 0.7231867283950617 0.3532986111111111 0.720679012345679 0.3509114583333333 0.7104552469135802 0.3517795138888889 0.6967592592592593 0.3561197916666667 0.6925154320987654
1 0.3081597222222222 0.769483024691358 0.3116319444444444 0.7756558641975309 0.3114149305555556 0.7853009259259259 0.3042534722222222 0.800733024691358 0.30078125 0.8022762345679012 0.2962239583333333 0.8003472222222222 0.2951388888888889 0.7824074074074074 0.3012152777777778 0.7725694444444444 0.3079427083333333 0.769483024691358
1 0.2204861111111111 0.7685185185185185 0.2437065972222222 0.7692901234567902 0.25 0.7723765432098766 0.2515190972222222 0.7797067901234568 0.2378472222222222 0.785108024691358 0.2265625 0.7845293209876543 0.2250434027777778 0.7771990740740741 0.2170138888888889 0.7706404320987654 0.2170138888888889 0.7685185185185185 0.2202690972222222 0.7685185185185185
1 0.1911892361111111 0.8057484567901234 0.19813368055555555 0.8070987654320988 0.19618055555555555 0.8190586419753086 0.19270833333333334 0.8248456790123457 0.1831597222222222 0.8072916666666666 0.1909722222222222 0.8057484567901234
1 0.1134982638888889 0.9515817901234568 0.11653645833333333 0.9533179012345679 0.11762152777777778 0.9608410493827161 0.11284722222222222 0.9782021604938271 0.109375 0.982445987654321 0.10308159722222222 0.9803240740740741 0.10221354166666667 0.966820987654321 0.10590277777777778 0.9564043209876543 0.11328125 0.9515817901234568
1 0.3493923611111111 0.6954089506172839 0.3526475694444444 0.6996527777777778 0.3506944444444444 0.716820987654321 0.3420138888888889 0.7293595679012346 0.3385416666666667 0.7297453703703703 0.3383246527777778 0.7035108024691358 0.3444010416666667 0.6959876543209876 0.3491753472222222 0.6954089506172839
1 0.23133680555555555 0.6903935185185185 0.2419704861111111 0.6942515432098766 0.24500868055555555 0.7033179012345679 0.2378472222222222 0.7089120370370371 0.23111979166666666 0.71875 0.2269965277777778 0.7170138888888888 0.2269965277777778 0.7133487654320988 0.2241753472222222 0.7108410493827161 0.2204861111111111 0.7135416666666666 0.21571180555555555 0.7133487654320988 0.21375868055555555 0.7037037037037037 0.21940104166666666 0.6961805555555556 0.23111979166666666 0.6903935185185185
1 0.16471354166666666 0.7662037037037037 0.1703559027777778 0.7690972222222222 0.17317708333333334 0.7766203703703703 0.16145833333333334 0.793016975308642 0.15755208333333334 0.7918595679012346 0.1545138888888889 0.7862654320987654 0.1423611111111111 0.7876157407407407 0.13975694444444445 0.7827932098765432 0.1545138888888889 0.7690972222222222 0.1644965277777778 0.7662037037037037
1 0.6232638888888888 0.39371141975308643 0.6317274305555556 0.40084876543209874 0.6286892361111112 0.41473765432098764 0.6234809027777778 0.4184027777777778 0.6187065972222222 0.4149305555555556 0.6189236111111112 0.3958333333333333 0.623046875 0.39371141975308643
1 0.6590711805555556 0.3913966049382716 0.6634114583333334 0.3939043209876543 0.6677517361111112 0.4010416666666667 0.6681857638888888 0.4077932098765432 0.662109375 0.4085648148148148 0.6471354166666666 0.4066358024691358 0.64453125 0.4045138888888889 0.6488715277777778 0.39371141975308643 0.654296875 0.390625 0.6588541666666666 0.3913966049382716
1 0.6178385416666666 0.3939043209876543 0.6178385416666666 0.4039351851851852 0.6059027777777778 0.41628086419753085 0.6028645833333334 0.41473765432098764 0.6028645833333334 0.41107253086419754 0.6069878472222222 0.39795524691358025 0.6124131944444444 0.3933256172839506 0.6176215277777778 0.3939043209876543
1 0.6338975694444444 0.37982253086419754 0.6399739583333334 0.3836805555555556 0.6438802083333334 0.3904320987654321 0.6421440972222222 0.404320987654321 0.6397569444444444 0.40625 0.6343315972222222 0.4050925925925926 0.6302083333333334 0.39621913580246915 0.6195746527777778 0.3942901234567901 0.6241319444444444 0.3869598765432099 0.6336805555555556 0.37982253086419754
1 0.4813368055555556 0.4739583333333333 0.4841579861111111 0.47530864197530864 0.4854600694444444 0.4809027777777778 0.4772135416666667 0.49344135802469136 0.4737413194444444 0.49228395061728397 0.4735243055555556 0.4809027777777778 0.4765625 0.47588734567901236 0.4811197916666667 0.4739583333333333
1 0.6584201388888888 0.3611111111111111 0.6605902777777778 0.36612654320987653 0.6579861111111112 0.3740354938271605 0.6438802083333334 0.3732638888888889 0.6395399305555556 0.3626543209876543 0.658203125 0.3611111111111111
1 0.470703125 0.47704475308641975 0.4735243055555556 0.4807098765432099 0.4739583333333333 0.48919753086419754 0.4704861111111111 0.4984567901234568 0.4659288194444444 0.498070987654321 0.4639756944444444 0.4847608024691358 0.466796875 0.4774305555555556 0.4704861111111111 0.47704475308641975
1 0.5924479166666666 0.38657407407407407 0.59765625 0.3904320987654321 0.6002604166666666 0.40162037037037035 0.5989583333333334 0.40489969135802467 0.5952690972222222 0.4039351851851852 0.58984375 0.40625 0.5831163194444444 0.4045138888888889 0.5798611111111112 0.39988425925925924 0.5848524305555556 0.3871527777777778 0.5922309027777778 0.38657407407407407
1 0.58203125 0.38059413580246915 0.5874565972222222 0.3871527777777778 0.5848524305555556 0.40239197530864196 0.5815972222222222 0.404320987654321 0.578125 0.4012345679012346 0.5753038194444444 0.3883101851851852 0.578125 0.38252314814814814 0.5818142361111112 0.38059413580246915
1 0.5572916666666666 0.38059413580246915 0.5603298611111112 0.38117283950617287 0.5655381944444444 0.38773148148148145 0.5642361111111112 0.4064429012345679 0.5598958333333334 0.4077932098765432 0.5570746527777778 0.404320987654321 0.5540364583333334 0.38387345679012347 0.5570746527777778 0.38078703703703703
1 0.5538194444444444 0.38213734567901236 0.55859375 0.39641203703703703 0.5592447916666666 0.4045138888888889 0.5572916666666666 0.4064429012345679 0.5503472222222222 0.40142746913580246 0.5460069444444444 0.3908179012345679 0.5486111111111112 0.38387345679012347 0.5536024305555556 0.38213734567901236
1 0.6163194444444444 0.33757716049382713 0.619140625 0.3410493827160494 0.6174045138888888 0.3479938271604938 0.6024305555555556 0.359375 0.5946180555555556 0.3559027777777778 0.5952690972222222 0.35223765432098764 0.6056857638888888 0.3400848765432099 0.6161024305555556 0.33757716049382713
1 0.5852864583333334 0.2966820987654321 0.58203125 0.3088348765432099 0.5740017361111112 0.30709876543209874 0.5740017361111112 0.3038194444444444 0.5809461805555556 0.2964891975308642 0.5850694444444444 0.2966820987654321
1 0.6653645833333334 0.2189429012345679 0.6681857638888888 0.22029320987654322 0.6707899305555556 0.2309027777777778 0.6614583333333334 0.2355324074074074 0.6521267361111112 0.23070987654320987 0.6506076388888888 0.22357253086419754 0.6605902777777778 0.2189429012345679 0.6651475694444444 0.2189429012345679
1 0.13020833333333334 0.7669753086419753 0.13758680555555555 0.7689043209876543 0.14192708333333334 0.7758487654320988 0.138671875 0.7862654320987654 0.13411458333333334 0.7881944444444444 0.1306423611111111 0.7866512345679012 0.1267361111111111 0.7781635802469136 0.119140625 0.7800925925925926 0.11328125 0.7864583333333334 0.10894097222222222 0.7862654320987654 0.1174045138888889 0.7692901234567902 0.12999131944444445 0.7669753086419753
1 0.11631944444444445 0.7590663580246914 0.11957465277777778 0.7586805555555556 0.11979166666666667 0.7660108024691358 0.126953125 0.7690972222222222 0.1228298611111111 0.7714120370370371 0.1228298611111111 0.7758487654320988 0.11284722222222222 0.7864583333333334 0.10872395833333333 0.7862654320987654 0.1095920138888889 0.779320987654321 0.10677083333333333 0.7654320987654321 0.10416666666666667 0.7623456790123457 0.10785590277777778 0.7613811728395061 0.11263020833333333 0.7633101851851852 0.11631944444444445 0.7592592592592593
1 0.07161458333333333 0.8452932098765432 0.07964409722222222 0.8524305555555556 0.08268229166666667 0.8595679012345679 0.07769097222222222 0.8732638888888888 0.06749131944444445 0.890625 0.06488715277777778 0.8910108024691358 0.0642361111111111 0.8726851851851852 0.06879340277777778 0.8595679012345679 0.0681423611111111 0.8487654320987654 0.07139756944444445 0.8452932098765432
1 0.10026041666666667 0.7469135802469136 0.10264756944444445 0.7567515432098766 0.10633680555555555 0.7600308641975309 0.1130642361111111 0.7635030864197531 0.11957465277777778 0.7584876543209876 0.11957465277777778 0.7633101851851852 0.11263020833333333 0.7752700617283951 0.1091579861111111 0.7752700617283951 0.1056857638888889 0.7717978395061729 0.10243055555555555 0.7731481481481481 0.09874131944444445 0.7717978395061729 0.0954861111111111 0.7577160493827161 0.09678819444444445 0.7486496913580247 0.10004340277777778 0.7469135802469136
1 0.3947482638888889 0.4099151234567901 0.3986545138888889 0.4114583333333333 0.4010416666666667 0.4220679012345679 0.390625 0.4251543209876543 0.388671875 0.421875 0.3914930555555556 0.4184027777777778 0.3910590277777778 0.4112654320987654 0.39453125 0.4099151234567901
1 0.455078125 0.3591820987654321 0.4563802083333333 0.3628472222222222 0.453125 0.38059413580246915 0.4448784722222222 0.361304012345679 0.4459635416666667 0.359375 0.4548611111111111 0.3591820987654321
1 0.4546440972222222 0.26871141975308643 0.4557291666666667 0.2795138888888889 0.4459635416666667 0.2991898148148148 0.4422743055555556 0.2934027777777778 0.4448784722222222 0.27179783950617287 0.44921875 0.2673611111111111 0.4544270833333333 0.26871141975308643
1 0.06032986111111111 0.7584876543209876 0.08485243055555555 0.7592592592592593 0.09223090277777778 0.7681327160493827 0.08485243055555555 0.779320987654321 0.07421875 0.783179012345679 0.0740017361111111 0.7754629629629629 0.0642361111111111 0.7700617283950617 0.0666232638888889 0.765625 0.06032986111111111 0.7586805555555556
1 0.0642361111111111 0.7584876543209876 0.07096354166666667 0.7608024691358025 0.08506944444444445 0.7606095679012346 0.0920138888888889 0.7683256172839507 0.08550347222222222 0.7802854938271605 0.0642361111111111 0.7916666666666666 0.06076388888888889 0.7899305555555556 0.059895833333333336 0.7866512345679012 0.0625 0.7689043209876543 0.06705729166666667 0.7658179012345679 0.060546875 0.7588734567901234 0.06401909722222222 0.7584876543209876
1 0.07855902777777778 0.7170138888888888 0.080078125 0.7272376543209876 0.07855902777777778 0.7312885802469136 0.07118055555555555 0.7285879629629629 0.0666232638888889 0.7212577160493827 0.06770833333333333 0.7175925925925926 0.0783420138888889 0.7170138888888888
1 0.6312934027777778 0.1892361111111111 0.6371527777777778 0.19483024691358025 0.6388888888888888 0.2027391975308642 0.6349826388888888 0.21354166666666666 0.6302083333333334 0.21547067901234568 0.6219618055555556 0.19772376543209877 0.6239149305555556 0.19270833333333334 0.6310763888888888 0.1892361111111111
1 0.609375 0.18460648148148148 0.6195746527777778 0.1875 0.6221788194444444 0.19232253086419754 0.6228298611111112 0.1996527777777778 0.6161024305555556 0.203125 0.6098090277777778 0.2023533950617284 0.5913628472222222 0.19251543209876543 0.5920138888888888 0.1869212962962963 0.6091579861111112 0.18460648148148148
1 0.4424913194444444 0.2665895061728395 0.4453125 0.27102623456790126 0.443359375 0.2934027777777778 0.4344618055555556 0.2966820987654321 0.4318576388888889 0.2966820987654321 0.4309895833333333 0.29398148148148145 0.4331597222222222 0.28973765432098764 0.4338107638888889 0.27237654320987653 0.4364149305555556 0.2681327160493827 0.4422743055555556 0.2665895061728395
1 0.3697916666666667 0.17785493827160495 0.3745659722222222 0.18267746913580246 0.3760850694444444 0.18942901234567902 0.3663194444444444 0.2021604938271605 0.3628472222222222 0.20081018518518517 0.3608940972222222 0.1888503086419753 0.3637152777777778 0.18171296296296297 0.3695746527777778 0.17785493827160495
1 0.15592447916666666 0.3862847222222222 0.017144097222222224 0.030671296296296297
1 0.23936631944444445 0.21469907407407407 0.2424045138888889 0.2152777777777778 0.2437065972222222 0.2181712962962963 0.2378472222222222 0.2326388888888889 0.22786458333333334 0.21643518518518517 0.2309027777777778 0.21450617283950618 0.23914930555555555 0.21469907407407407
1 0.17100694444444445 0.17862654320987653 0.18229166666666666 0.18055555555555555 0.18619791666666666 0.18557098765432098 0.1812065972222222 0.19753086419753085 0.17664930555555555 0.1996527777777778 0.1684027777777778 0.18981481481481483 0.1640625 0.19020061728395063 0.15538194444444445 0.19945987654320987 0.15234375 0.19849537037037038 0.1545138888888889 0.18344907407407407 0.158203125 0.18094135802469136 0.17078993055555555 0.17862654320987653
1 0.04665798611111111 0.7588734567901234 0.05078125 0.7588734567901234 0.06315104166666667 0.7689043209876543 0.05946180555555555 0.7843364197530864 0.049479166666666664 0.7934027777777778 0.043402777777777776 0.7945601851851852 0.042534722222222224 0.7870370370370371 0.04665798611111111 0.7590663580246914
1 0.7632378472222222 0 0.8005642361111112 0 0.8062065972222222 0.01890432098765432 0.8103298611111112 0.022569444444444444 0.8072916666666666 0.024305555555555556 0.7866753472222222 0.013310185185185185 0.7795138888888888 0.017554012345679014 0.77734375 0.013117283950617283 0.7632378472222222 0.00019290123456790122
1 0.140625 0.15895061728395063 0.14388020833333334 0.16010802469135801 0.1427951388888889 0.16550925925925927 0.1447482638888889 0.1705246913580247 0.1566840277777778 0.17843364197530864 0.1508246527777778 0.18518518518518517 0.140625 0.18364197530864199 0.1362847222222222 0.16917438271604937 0.1323784722222222 0.16493055555555555 0.13346354166666666 0.16222993827160495 0.13736979166666666 0.16300154320987653 0.140625 0.15914351851851852
1 0.1267361111111111 0.17476851851851852 0.13368055555555555 0.18171296296296297 0.12760416666666666 0.19367283950617284 0.11979166666666667 0.20042438271604937 0.10590277777777778 0.20698302469135801 0.10243055555555555 0.20582561728395063 0.1015625 0.2029320987654321 0.10199652777777778 0.1857638888888889 0.10807291666666667 0.18209876543209877 0.1017795138888889 0.1753472222222222 0.1265190972222222 0.17476851851851852
1 0.4008246527777778 0.0920138888888889 0.4058159722222222 0.0954861111111111 0.4095052083333333 0.10223765432098765 0.4055989583333333 0.12094907407407407 0.3995225694444444 0.12133487654320987 0.396484375 0.11496913580246913 0.3956163194444444 0.0954861111111111 0.4006076388888889 0.09220679012345678
1 0.3940972222222222 0.09490740740740741 0.3962673611111111 0.09818672839506173 0.396484375 0.11072530864197531 0.3869357638888889 0.12905092592592593 0.3838975694444444 0.13117283950617284 0.3823784722222222 0.10320216049382716 0.3869357638888889 0.09664351851851852 0.3938802083333333 0.09490740740740741
1 0.08984375 0.1753472222222222 0.1037326388888889 0.1857638888888889 0.1037326388888889 0.19020061728395063 0.1015625 0.1996527777777778 0.09049479166666667 0.21006944444444445 0.08528645833333333 0.21219135802469136 0.0837673611111111 0.2033179012345679 0.08723958333333333 0.1865354938271605 0.0857204861111111 0.17862654320987653 0.0896267361111111 0.1753472222222222
1 0.4016927083333333 0.09259259259259259 0.4092881944444444 0.10223765432098765 0.4060329861111111 0.11959876543209877 0.4008246527777778 0.12191358024691358 0.3938802083333333 0.11477623456790123 0.3838975694444444 0.13117283950617284 0.3832465277777778 0.10127314814814815 0.3893229166666667 0.0954861111111111 0.4014756944444444 0.09259259259259259
1 0.2736545138888889 0.09471450617283951 0.2840711805555556 0.09722222222222222 0.2881944444444444 0.10609567901234568 0.2801649305555556 0.11323302469135803 0.2764756944444444 0.12133487654320987 0.2727864583333333 0.12249228395061729 0.2690972222222222 0.11439043209876543 0.2621527777777778 0.11844135802469136 0.259765625 0.11747685185185185 0.2562934027777778 0.10860339506172839 0.2621527777777778 0.10108024691358025 0.2734375 0.09471450617283951
1 0.150390625 0.12943672839506173 0.1547309027777778 0.13117283950617284 0.16276041666666666 0.140625 0.15364583333333334 0.1417824074074074 0.14756944444444445 0.14621913580246915 0.14344618055555555 0.1408179012345679 0.12760416666666666 0.13368055555555555 0.12630208333333334 0.13020833333333334 0.1501736111111111 0.12943672839506173
1 0.04188368055555555 0.716820987654321 0.050130208333333336 0.7183641975308642 0.05164930555555555 0.7272376543209876 0.04383680555555555 0.7299382716049383 0.03884548611111111 0.7444058641975309 0.032769097222222224 0.7521219135802469 0.029296875 0.7474922839506173 0.02734375 0.7231867283950617 0.03146701388888889 0.7170138888888888 0.041666666666666664 0.716820987654321
1 0.6829427083333334 0 0.6983506944444444 0 0.6961805555555556 0.007908950617283951 0.685546875 0.004050925925925926 0.6829427083333334 0.00019290123456790122
1 0.11979166666666667 0.13001543209876543 0.12152777777777778 0.14371141975308643 0.11979166666666667 0.14621913580246915 0.11284722222222222 0.14486882716049382 0.10633680555555555 0.13464506172839505 0.10850694444444445 0.13136574074074073 0.11957465277777778 0.13001543209876543
1 0.0703125 0.13368055555555555 0.08832465277777778 0.13348765432098766 0.0900607638888889 0.13695987654320987 0.08984375 0.14448302469135801 0.083984375 0.14486882716049382 0.07855902777777778 0.16242283950617284 0.0744357638888889 0.16743827160493827 0.07118055555555555 0.16743827160493827 0.06640625 0.14429012345679013 0.0703125 0.13387345679012347
1 0.3537326388888889 0.1730324074074074 0.3572048611111111 0.1753472222222222 0.3585069444444444 0.1849922839506173 0.3489583333333333 0.2052469135802469 0.3424479166666667 0.203125 0.3407118055555556 0.18518518518518517 0.3470052083333333 0.17592592592592593 0.353515625 0.1730324074074074
1 0.5733506944444444 0.798804012345679 0.5733506944444444 0.8032407407407407 0.5755208333333334 0.8053626543209876 0.5796440972222222 0.8126929012345679 0.5805121527777778 0.8179012345679012 0.5815972222222222 0.8188657407407407 0.5848524305555556 0.8186728395061729 0.5859375 0.8177083333333334 0.58984375 0.8074845679012346 0.5900607638888888 0.8038194444444444 0.5885416666666666 0.7986111111111112 0.5848524305555556 0.7935956790123457 0.5809461805555556 0.7922453703703703 0.5772569444444444 0.7939814814814815
1 0.5503472222222222 0.8960262345679012 0.548828125 0.8973765432098766 0.5572916666666666 0.9018132716049383 0.5577256944444444 0.9002700617283951 0.5564236111111112 0.8971836419753086 0.5540364583333334 0.8960262345679012
1 0.5223524305555556 0.9031635802469136 0.5221354166666666 0.9047067901234568 0.5258246527777778 0.9045138888888888 0.5279947916666666 0.9020061728395061 0.5301649305555556 0.9016203703703703 0.5321180555555556 0.9025848765432098 0.5327690972222222 0.9048996913580247 0.5329861111111112 0.9010416666666666 0.5349392361111112 0.8969907407407407 0.533203125 0.8956404320987654 0.5284288194444444 0.8967978395061729 0.5243055555555556 0.9020061728395061
1 0.08702256944444445 0.716820987654321 0.08745659722222222 0.7204861111111112 0.10308159722222222 0.7291666666666666 0.1056857638888889 0.7349537037037037 0.11089409722222222 0.730516975308642 0.1208767361111111 0.7307098765432098 0.12261284722222222 0.7320601851851852 0.1247829861111111 0.7310956790123457 0.12369791666666667 0.7282021604938271 0.12044270833333333 0.7264660493827161 0.1134982638888889 0.7193287037037037 0.1095920138888889 0.716820987654321 0.1017795138888889 0.7166280864197531 0.0993923611111111 0.7173996913580247
1 0.2612847222222222 0.17476851851851852 0.2601996527777778 0.17554012345679013 0.2619357638888889 0.17862654320987653 0.2667100694444444 0.18094135802469136 0.2701822916666667 0.18479938271604937 0.26953125 0.19270833333333334 0.2703993055555556 0.19309413580246915 0.2725694444444444 0.19367283950617284 0.2762586805555556 0.19232253086419754 0.2797309027777778 0.19290123456790123 0.2888454861111111 0.1886574074074074 0.2944878472222222 0.1878858024691358 0.296875 0.1861496913580247 0.2970920138888889 0.18209876543209877 0.2951388888888889 0.17862654320987653 0.2901475694444444 0.17515432098765432 0.2821180555555556 0.17457561728395063 0.2748118489583333 0.17592592592592593 0.26953125 0.17476851851851852
1 0.18229166666666666 0.19521604938271606 0.18294270833333334 0.19830246913580246 0.18424479166666666 0.19945987654320987 0.18663194444444445 0.1996527777777778 0.193359375 0.19656635802469136 0.1955295138888889 0.19444444444444445 0.1976996527777778 0.19444444444444445 0.1996527777777778 0.19540895061728394 0.2009548611111111 0.19502314814814814 0.20203993055555555 0.19347993827160495 0.20225694444444445 0.1888503086419753 0.20421006944444445 0.1849922839506173 0.2111545138888889 0.17881944444444445 0.2065972222222222 0.17650462962962962 0.2033420138888889 0.17689043209876543 0.1996527777777778 0.17862654320987653 0.19205729166666666 0.18460648148148148 0.1896701388888889 0.1876929012345679 0.185546875 0.19020061728395063
1 0.20203993055555555 0.19772376543209877 0.20182291666666666 0.19945987654320987 0.203125 0.2006172839506173 0.20638020833333334 0.2006172839506173 0.20789930555555555 0.19579475308641975 0.2065972222222222 0.19463734567901234 0.2048611111111111 0.19483024691358025
1 0.201171875 0.17881944444444445 0.19921875 0.18229166666666666 0.20030381944444445 0.1871141975308642 0.19921875 0.19637345679012347 0.2007378472222222 0.1996527777777778 0.2029079861111111 0.20119598765432098 0.20638020833333334 0.2019675925925926 0.2085503472222222 0.1996527777777778 0.2111545138888889 0.19386574074074073 0.216796875 0.18904320987654322 0.21788194444444445 0.18557098765432098 0.2146267361111111 0.17881944444444445 0.2133246527777778 0.17766203703703703 0.20616319444444445 0.17650462962962962 0.2029079861111111 0.17746913580246915
1 0.6193576388888888 0.3308256172839506 0.6180555555555556 0.3314043209876543 0.6202256944444444 0.33526234567901236 0.6184895833333334 0.33815586419753085 0.6189236111111112 0.3422067901234568 0.6180555555555556 0.34837962962962965 0.6189236111111112 0.35204475308641975 0.6208767361111112 0.35397376543209874 0.6219618055555556 0.357445987654321 0.6241319444444444 0.3603395061728395 0.6265190972222222 0.3620756172839506 0.6302083333333334 0.36246141975308643 0.6328125 0.359375 0.6319444444444444 0.3549382716049383 0.6343315972222222 0.3487654320987654 0.6338975694444444 0.3452932098765432 0.6243489583333334 0.33275462962962965 0.6228298611111112 0.3315972222222222