1 0.6664496527777778 0.972608024691358 0.6723090277777778 0.9739583333333334 0.6729600694444444 0.9774305555555556 0.6681857638888888 0.9830246913580247 0.6599392361111112 0.9866898148148148 0.6577690972222222 0.9911265432098766 0.654296875 0.9909336419753086 0.6508246527777778 0.9876543209876543 0.6490885416666666 0.9774305555555556 0.6549479166666666 0.9739583333333334 0.6662326388888888 0.972608024691358
1 0.6655815972222222 0.9573688271604939 0.6688368055555556 0.9608410493827161 0.6647135416666666 0.970679012345679 0.6473524305555556 0.9633487654320988 0.6436631944444444 0.9596836419753086 0.6653645833333334 0.9573688271604939
1 0.6232638888888888 0.9766589506172839 0.634765625 0.9803240740740741 0.6384548611111112 0.9866898148148148 0.6375868055555556 0.9913194444444444 0.6295572916666666 0.9922839506172839 0.6184895833333334 0.9876543209876543 0.6176215277777778 0.9807098765432098 0.623046875 0.9768518518518519
1 0.6059027777777778 0.9857253086419753 0.61328125 0.9903549382716049 0.6148003472222222 0.9998070987654321 0.5946180555555556 0.9998070987654321 0.5972222222222222 0.9891975308641975 0.6056857638888888 0.9857253086419753
1 0.6100260416666666 0.9583333333333334 0.6161024305555556 0.9635416666666666 0.6169704861111112 0.9673996913580247 0.6104600694444444 0.9704861111111112 0.6091579861111112 0.9768518518518519 0.6078559027777778 0.9718364197530864 0.5954861111111112 0.9670138888888888 0.5900607638888888 0.9598765432098766 0.591796875 0.9583333333333334 0.6098090277777778 0.9583333333333334
1 0.5713975694444444 0.9841820987654321 0.5785590277777778 0.9903549382716049 0.5811631944444444 0.9998070987654321 0.5670572916666666 0.9998070987654321 0.5661892361111112 0.9878472222222222 0.5711805555555556 0.9841820987654321
1 0.5831163194444444 0.9749228395061729 0.5883246527777778 0.9783950617283951 0.5911458333333334 0.984375 0.5900607638888888 0.9998070987654321 0.5826822916666666 0.9998070987654321 0.5789930555555556 0.9911265432098766 0.5700954861111112 0.9876543209876543 0.5772569444444444 0.9766589506172839 0.5828993055555556 0.9749228395061729
1 0.5648871527777778 0.9876543209876543 0.5677083333333334 0.9911265432098766 0.5674913194444444 0.9998070987654321 0.5529513888888888 0.9998070987654321 0.5555555555555556 0.9905478395061729 0.5646701388888888 0.9876543209876543
1 0.5750868055555556 0.935570987654321 0.5818142361111112 0.9425154320987654 0.5813802083333334 0.9552469135802469 0.578125 0.9594907407407407 0.5731336805555556 0.9581404320987654 0.5694444444444444 0.9463734567901234 0.5698784722222222 0.9378858024691358 0.5748697916666666 0.935570987654321
1 0.53515625 0.9998070987654321 0.5360243055555556 0.9772376543209876 0.5397135416666666 0.9772376543209876 0.54296875 0.9807098765432098 0.5440538194444444 0.9872685185185185 0.5421006944444444 0.9998070987654321 0.5353732638888888 0.9998070987654321
1 0.533203125 0.9760802469135802 0.5431857638888888 0.9820601851851852 0.5414496527777778 0.9998070987654321 0.5279947916666666 0.9998070987654321 0.5245225694444444 0.980516975308642 0.5288628472222222 0.9751157407407407 0.5329861111111112 0.9760802469135802
1 0.5705295138888888 0.9357638888888888 0.5733506944444444 0.9392361111111112 0.572265625 0.9513888888888888 0.5642361111111112 0.9498456790123457 0.5570746527777778 0.9581404320987654 0.5501302083333334 0.9544753086419753 0.5514322916666666 0.9459876543209876 0.5622829861111112 0.9357638888888888 0.5703125 0.9357638888888888
1 0.501953125 0.9760802469135802 0.5043402777777778 0.9774305555555556 0.505859375 0.9845679012345679 0.5067274305555556 0.9998070987654321 0.5004340277777778 0.9998070987654321 0.4947916666666667 0.986304012345679 0.4947916666666667 0.9801311728395061 0.4978298611111111 0.9766589506172839 0.5017361111111112 0.9760802469135802
1 0.5052083333333334 0.9737654320987654 0.5086805555555556 0.9745370370370371 0.5132378472222222 0.9810956790123457 0.5132378472222222 0.9998070987654321 0.5028211805555556 0.9998070987654321 0.5006510416666666 0.9947916666666666 0.501953125 0.9897762345679012 0.4982638888888889 0.9917052469135802 0.4950086805555556 0.9841820987654321 0.4978298611111111 0.9772376543209876 0.5049913194444444 0.9739583333333334
1 0.6169704861111112 0.8231095679012346 0.62109375 0.8352623456790124 0.6128472222222222 0.8389274691358025 0.6024305555555556 0.8335262345679012 0.6004774305555556 0.8279320987654321 0.6030815972222222 0.824266975308642 0.6167534722222222 0.8231095679012346
1 0.58203125 0.7920524691358025 0.587890625 0.796875 0.5902777777777778 0.8030478395061729 0.5857204861111112 0.8175154320987654 0.5826822916666666 0.8186728395061729 0.5726996527777778 0.8011188271604939 0.5774739583333334 0.7934027777777778 0.5818142361111112 0.7920524691358025
1 0.5609809027777778 0.7862654320987654 0.5709635416666666 0.7891589506172839 0.5737847222222222 0.7932098765432098 0.5726996527777778 0.8020833333333334 0.5648871527777778 0.8057484567901234 0.5575086805555556 0.8038194444444444 0.5520833333333334 0.7984182098765432 0.5444878472222222 0.7966820987654321 0.5394965277777778 0.7899305555555556 0.5607638888888888 0.7862654320987654
1 0.3999565972222222 0.9527391975308642 0.4049479166666667 0.9529320987654321 0.4069010416666667 0.9558256172839507 0.4019097222222222 0.9623842592592593 0.4012586805555556 0.9708719135802469 0.3999565972222222 0.9629629629629629 0.3940972222222222 0.9564043209876543 0.3947482638888889 0.953125 0.3997395833333333 0.9527391975308642
1 0.3919270833333333 0.8630401234567902 0.4090711805555556 0.8697916666666666 0.4099392361111111 0.8732638888888888 0.3871527777777778 0.892554012345679 0.37890625 0.8904320987654321 0.3797743055555556 0.8798225308641975 0.3869357638888889 0.8649691358024691 0.3917100694444444 0.8630401234567902
1 0.7560763888888888 0.6057098765432098 0.7621527777777778 0.6124614197530864 0.7641059027777778 0.6265432098765432 0.7677951388888888 0.6302083333333334 0.765625 0.6331018518518519 0.7443576388888888 0.6197916666666666 0.7452256944444444 0.6059027777777778 0.755859375 0.6057098765432098
1 0.7408854166666666 0.5974151234567902 0.7467447916666666 0.6059027777777778 0.7434895833333334 0.6120756172839507 0.7452256944444444 0.6195987654320988 0.7380642361111112 0.6261574074074074 0.7322048611111112 0.6178626543209876 0.720703125 0.6091820987654321 0.720703125 0.6057098765432098 0.7274305555555556 0.5985725308641975 0.7406684027777778 0.5974151234567902
1 0.7380642361111112 0.5966435185185185 0.7463107638888888 0.6035879629629629 0.7588975694444444 0.6080246913580247 0.7621527777777778 0.6130401234567902 0.7667100694444444 0.6327160493827161 0.7452256944444444 0.6217206790123457 0.7378472222222222 0.6259645061728395 0.732421875 0.6178626543209876 0.720703125 0.609375 0.7204861111111112 0.6059027777777778 0.7243923611111112 0.6006944444444444 0.7378472222222222 0.5966435185185185
1 0.3248697916666667 0.7754629629629629 0.3285590277777778 0.779320987654321 0.3294270833333333 0.7864583333333334 0.3211805555555556 0.7993827160493827 0.3177083333333333 0.8005401234567902 0.3151041666666667 0.7829861111111112 0.3211805555555556 0.7754629629629629 0.3246527777777778 0.7754629629629629
1 0.3081597222222222 0.7712191358024691 0.3107638888888889 0.7754629629629629 0.3101128472222222 0.7907021604938271 0.3088107638888889 0.8005401234567902 0.3059895833333333 0.8038194444444444 0.296875 0.8015046296296297 0.294921875 0.7826003086419753 0.3009982638888889 0.7723765432098766 0.3079427083333333 0.7712191358024691
1 0.658203125 0.5885416666666666 0.6681857638888888 0.595679012345679 0.6759982638888888 0.6057098765432098 0.6692708333333334 0.6076388888888888 0.6649305555555556 0.6159336419753086 0.6579861111111112 0.6087962962962963 0.6529947916666666 0.6141975308641975 0.6497395833333334 0.6145833333333334 0.6427951388888888 0.6022376543209876 0.6438802083333334 0.5954861111111112 0.6510416666666666 0.589891975308642 0.6579861111111112 0.5885416666666666
1 0.3513454861111111 0.6956018518518519 0.3528645833333333 0.7037037037037037 0.3506944444444444 0.716820987654321 0.341796875 0.7297453703703703 0.3385416666666667 0.7293595679012346 0.3383246527777778 0.7035108024691358 0.3450520833333333 0.6956018518518519 0.3511284722222222 0.6956018518518519
1 0.3561197916666667 0.6925154320987654 0.3608940972222222 0.6952160493827161 0.3654513888888889 0.703125 0.3617621527777778 0.7202932098765432 0.3591579861111111 0.7229938271604939 0.3556857638888889 0.7228009259259259 0.3519965277777778 0.7175925925925926 0.341796875 0.7291666666666666 0.3389756944444444 0.7274305555555556 0.3404947916666667 0.7235725308641975 0.3383246527777778 0.703125 0.3452690972222222 0.6957947530864198 0.3559027777777778 0.6925154320987654
1 0.216796875 0.7683256172839507 0.2445746527777778 0.769483024691358 0.251953125 0.7760416666666666 0.2513020833333333 0.7798996913580247 0.2445746527777778 0.7808641975308642 0.24110243055555555 0.7841435185185185 0.22743055555555555 0.7853009259259259 0.2250434027777778 0.777391975308642 0.216796875 0.7685185185185185
1 0.1870659722222222 0.8055555555555556 0.19813368055555555 0.8070987654320988 0.19249131944444445 0.8265817901234568 0.1892361111111111 0.8254243827160493 0.1838107638888889 0.8107638888888888 0.1833767361111111 0.8070987654320988 0.18684895833333334 0.8055555555555556
1 0.23828125 0.6921296296296297 0.2445746527777778 0.703125 0.2309027777777778 0.7197145061728395 0.2265625 0.7170138888888888 0.2261284722222222 0.7060185185185185 0.22916666666666666 0.6927083333333334 0.2380642361111111 0.6921296296296297
1 0.23177083333333334 0.6909722222222222 0.23914930555555555 0.6927083333333334 0.2443576388888889 0.7029320987654321 0.2365451388888889 0.7100694444444444 0.2341579861111111 0.716820987654321 0.2309027777777778 0.7191358024691358 0.224609375 0.7118055555555556 0.2202690972222222 0.7173996913580247 0.216796875 0.7181712962962963 0.20963541666666666 0.7100694444444444 0.2204861111111111 0.6956018518518519 0.22721354166666666 0.6911651234567902 0.23155381944444445 0.6909722222222222
1 0.1134982638888889 0.9502314814814815 0.11675347222222222 0.953125 0.11762152777777778 0.9635416666666666 0.11393229166666667 0.9776234567901234 0.109375 0.9826388888888888 0.10416666666666667 0.9807098765432098 0.10308159722222222 0.9633487654320988 0.107421875 0.9529320987654321 0.11328125 0.9502314814814815
1 0.16341145833333334 0.7665895061728395 0.1697048611111111 0.7687114197530864 0.17317708333333334 0.7762345679012346 0.16145833333333334 0.7928240740740741 0.1577690972222222 0.7916666666666666 0.1545138888888889 0.7858796296296297 0.14388020833333334 0.7880015432098766 0.1404079861111111 0.7862654320987654 0.13997395833333334 0.7827932098765432 0.15494791666666666 0.7690972222222222 0.16319444444444445 0.7665895061728395
1 0.73828125 0.5966435185185185 0.7428385416666666 0.5991512345679012 0.7465277777777778 0.6060956790123457 0.7434895833333334 0.6114969135802469 0.7450086805555556 0.6197916666666666 0.7378472222222222 0.6263503086419753 0.732421875 0.6182484567901234 0.720703125 0.6091820987654321 0.720703125 0.6057098765432098 0.7267795138888888 0.5987654320987654 0.7380642361111112 0.5966435185185185
1 0.6942274305555556 0.47183641975308643 0.6974826388888888 0.47704475308641975 0.6970486111111112 0.48996913580246915 0.7029079861111112 0.49324845679012347 0.703125 0.5001929012345679 0.6929253472222222 0.4955632716049383 0.6892361111111112 0.48823302469135804 0.6879340277777778 0.47415123456790126 0.6940104166666666 0.47183641975308643
1 0.6838107638888888 0.47550154320987653 0.6875 0.4807098765432099 0.6909722222222222 0.49517746913580246 0.689453125 0.5003858024691358 0.6814236111111112 0.49864969135802467 0.6768663194444444 0.4845679012345679 0.6786024305555556 0.4774305555555556 0.68359375 0.47550154320987653
1 0.6371527777777778 0.4664351851851852 0.6423611111111112 0.4704861111111111 0.6432291666666666 0.4774305555555556 0.6410590277777778 0.4876543209876543 0.6343315972222222 0.48823302469135804 0.6302083333333334 0.4878472222222222 0.6267361111111112 0.4845679012345679 0.6267361111111112 0.47337962962962965 0.6302083333333334 0.4685570987654321 0.6369357638888888 0.4664351851851852
1 0.56640625 0.5030864197530864 0.5705295138888888 0.5052083333333334 0.5698784722222222 0.5160108024691358 0.5735677083333334 0.5246913580246914 0.5677083333333334 0.5241126543209876 0.5642361111111112 0.5266203703703703 0.5609809027777778 0.5260416666666666 0.5627170138888888 0.5187114197530864 0.5549045138888888 0.5048225308641975 0.5661892361111112 0.5030864197530864
1 0.5935329861111112 0.47646604938271603 0.6017795138888888 0.4809027777777778 0.6041666666666666 0.4878472222222222 0.6024305555555556 0.49016203703703703 0.5941840277777778 0.48900462962962965 0.5883246527777778 0.4949845679012346 0.5850694444444444 0.49266975308641975 0.5837673611111112 0.4836033950617284 0.5883246527777778 0.47704475308641975 0.5933159722222222 0.47646604938271603
1 0.546875 0.501929012345679 0.5575086805555556 0.5052083333333334 0.5499131944444444 0.5067515432098766 0.5434027777777778 0.5108024691358025 0.5397135416666666 0.5094521604938271 0.5364583333333334 0.5129243827160493 0.5345052083333334 0.5092592592592593 0.5358072916666666 0.5021219135802469 0.5466579861111112 0.501929012345679
1 0.5544704861111112 0.47530864197530864 0.5588107638888888 0.48032407407407407 0.5588107638888888 0.4845679012345679 0.5536024305555556 0.49594907407407407 0.5503472222222222 0.498070987654321 0.5481770833333334 0.49517746913580246 0.5475260416666666 0.4809027777777778 0.5542534722222222 0.47530864197530864
1 0.6161024305555556 0.43962191358024694 0.6221788194444444 0.4461805555555556 0.623046875 0.4567901234567901 0.6202256944444444 0.46064814814814814 0.6091579861111112 0.45177469135802467 0.60546875 0.453125 0.6022135416666666 0.45929783950617287 0.59765625 0.46026234567901236 0.5974392361111112 0.4496527777777778 0.5894097222222222 0.44598765432098764 0.5876736111111112 0.4427083333333333 0.6024305555555556 0.44309413580246915 0.6158854166666666 0.43962191358024694
1 0.7198350694444444 0.376929012345679 0.7272135416666666 0.3802083333333333 0.7250434027777778 0.38348765432098764 0.7200520833333334 0.3873456790123457 0.7124565972222222 0.3881172839506173 0.7100694444444444 0.3948688271604938 0.7068142361111112 0.3958333333333333 0.7013888888888888 0.3904320987654321 0.7007378472222222 0.38233024691358025 0.716796875 0.3744212962962963 0.7196180555555556 0.376929012345679
1 0.6506076388888888 0.4058641975308642 0.6655815972222222 0.4077932098765432 0.6684027777777778 0.4112654320987654 0.6681857638888888 0.4203317901234568 0.6653645833333334 0.4224537037037037 0.6566840277777778 0.4224537037037037 0.6512586805555556 0.4278549382716049 0.640625 0.43113425925925924 0.6369357638888888 0.42920524691358025 0.6369357638888888 0.42496141975308643 0.6302083333333334 0.42766203703703703 0.62890625 0.4251543209876543 0.6323784722222222 0.4089506172839506 0.650390625 0.4058641975308642
1 0.6792534722222222 0.38175154320987653 0.6857638888888888 0.38445216049382713 0.6901041666666666 0.3900462962962963 0.6901041666666666 0.39621913580246915 0.6859809027777778 0.39814814814814814 0.6684027777777778 0.390625 0.6720920138888888 0.38310185185185186 0.6790364583333334 0.38175154320987653
1 0.6579861111111112 0.3908179012345679 0.6668836805555556 0.3975694444444444 0.6681857638888888 0.4077932098765432 0.666015625 0.4087577160493827 0.6462673611111112 0.4045138888888889 0.6467013888888888 0.3975694444444444 0.6493055555555556 0.3939043209876543 0.6577690972222222 0.3908179012345679
1 0.6597222222222222 0.3917824074074074 0.6664496527777778 0.3975694444444444 0.6668836805555556 0.404320987654321 0.6651475694444444 0.4060570987654321 0.6532118055555556 0.4068287037037037 0.6449652777777778 0.4052854938271605 0.6458333333333334 0.3975694444444444 0.6545138888888888 0.3902391975308642 0.6595052083333334 0.3917824074074074
1 0.7013888888888888 0.36072530864197533 0.7170138888888888 0.3601466049382716 0.7191840277777778 0.36323302469135804 0.7170138888888888 0.3732638888888889 0.6983506944444444 0.3663194444444444 0.6950954861111112 0.36246141975308643 0.701171875 0.36072530864197533
1 0.6221788194444444 0.3940972222222222 0.6267361111111112 0.3956404320987654 0.6315104166666666 0.40084876543209874 0.6280381944444444 0.4149305555555556 0.6236979166666666 0.4184027777777778 0.6189236111111112 0.41512345679012347 0.6193576388888888 0.3948688271604938 0.6219618055555556 0.3940972222222222
1 0.6371527777777778 0.38233024691358025 0.6421440972222222 0.3871527777777778 0.6443142361111112 0.3931327160493827 0.642578125 0.4045138888888889 0.6371527777777778 0.4068287037037037 0.6330295138888888 0.4050925925925926 0.6291232638888888 0.3940972222222222 0.6302083333333334 0.3836805555555556 0.6369357638888888 0.38233024691358025
1 0.6167534722222222 0.39351851851851855 0.6187065972222222 0.39737654320987653 0.6178385416666666 0.404320987654321 0.6059027777777778 0.41628086419753085 0.6028645833333334 0.41473765432098764 0.6052517361111112 0.40084876543209874 0.6117621527777778 0.3939043209876543 0.6165364583333334 0.39351851851851855
1 0.6336805555555556 0.37982253086419754 0.6401909722222222 0.38406635802469136 0.6436631944444444 0.390625 0.6414930555555556 0.4052854938271605 0.6345486111111112 0.4056712962962963 0.6306423611111112 0.39621913580246915 0.6195746527777778 0.39525462962962965 0.6232638888888888 0.38773148148148145 0.6334635416666666 0.3800154320987654
1 0.6369357638888888 0.3800154320987654 0.640625 0.38406635802469136 0.6412760416666666 0.3890817901234568 0.6369357638888888 0.38850308641975306 0.6304253472222222 0.39525462962962965 0.6204427083333334 0.3939043209876543 0.6200086805555556 0.3904320987654321 0.6302083333333334 0.38078703703703703 0.63671875 0.3800154320987654
1 0.4815538194444444 0.4739583333333333 0.4852430555555556 0.47723765432098764 0.4856770833333333 0.4809027777777778 0.4772135416666667 0.49324845679012347 0.4735243055555556 0.49209104938271603 0.4735243055555556 0.4807098765432099 0.4774305555555556 0.47511574074074076 0.4813368055555556 0.4739583333333333
1 0.6579861111111112 0.3601466049382716 0.6649305555555556 0.3630401234567901 0.6692708333333334 0.3705632716049383 0.6681857638888888 0.3726851851851852 0.6551649305555556 0.3734567901234568 0.6475694444444444 0.37210648148148145 0.6391059027777778 0.36246141975308643 0.640625 0.3605324074074074 0.6577690972222222 0.3601466049382716
1 0.4709201388888889 0.47704475308641975 0.4737413194444444 0.4810956790123457 0.4739583333333333 0.48977623456790126 0.4702690972222222 0.4982638888888889 0.4663628472222222 0.49787808641975306 0.4639756944444444 0.4841820987654321 0.466796875 0.47762345679012347 0.470703125 0.47704475308641975
1 0.5920138888888888 0.38348765432098764 0.5959201388888888 0.3896604938271605 0.5941840277777778 0.4047067901234568 0.5922309027777778 0.4066358024691358 0.5850694444444444 0.4047067901234568 0.5835503472222222 0.4010416666666667 0.5859375 0.3871527777777778 0.591796875 0.38348765432098764
1 0.5824652777777778 0.3809799382716049 0.5872395833333334 0.3869598765432099 0.5842013888888888 0.4047067901234568 0.578125 0.40162037037037035 0.5753038194444444 0.390625 0.578125 0.38252314814814814 0.5822482638888888 0.3809799382716049
1 0.5572916666666666 0.38059413580246915 0.5603298611111112 0.38117283950617287 0.5651041666666666 0.3869598765432099 0.5661892361111112 0.39776234567901236 0.5642361111111112 0.4064429012345679 0.5603298611111112 0.4077932098765432 0.5562065972222222 0.4010416666666667 0.5538194444444444 0.38348765432098764 0.5570746527777778 0.38078703703703703
1 0.5564236111111112 0.38252314814814814 0.5607638888888888 0.38348765432098764 0.5581597222222222 0.38676697530864196 0.5601128472222222 0.39776234567901236 0.5598958333333334 0.4047067901234568 0.5579427083333334 0.4060570987654321 0.5501302083333334 0.40142746913580246 0.5455729166666666 0.3908179012345679 0.5486111111111112 0.3836805555555556 0.5562065972222222 0.38252314814814814
1 0.6252170138888888 0.33815586419753085 0.6297743055555556 0.3400848765432099 0.6334635416666666 0.3452932098765432 0.6330295138888888 0.3591820987654321 0.6299913194444444 0.3620756172839506 0.6243489583333334 0.3601466049382716 0.6176215277777778 0.3489583333333333 0.6189236111111112 0.33989197530864196 0.625 0.33815586419753085
1 0.6180555555555556 0.33815586419753085 0.6267361111111112 0.33892746913580246 0.6330295138888888 0.3452932098765432 0.6330295138888888 0.359375 0.6304253472222222 0.3616898148148148 0.6243489583333334 0.3599537037037037 0.6195746527777778 0.35165895061728397 0.615234375 0.3533950617283951 0.609375 0.3605324074074074 0.6011284722222222 0.3589891975308642 0.6013454861111112 0.35281635802469136 0.6056857638888888 0.3452932098765432 0.6128472222222222 0.33892746913580246 0.6178385416666666 0.33815586419753085
1 0.6180555555555556 0.33815586419753085 0.62109375 0.3412422839506173 0.6202256944444444 0.3489583333333333 0.6078559027777778 0.36072530864197533 0.6009114583333334 0.3591820987654321 0.6006944444444444 0.35223765432098764 0.6091579861111112 0.3410493827160494 0.6178385416666666 0.33815586419753085
1 0.5848524305555556 0.2962962962962963 0.5848524305555556 0.3074845679012346 0.58203125 0.3088348765432099 0.5779079861111112 0.3065200617283951 0.57421875 0.30709876543209874 0.5737847222222222 0.30362654320987653 0.5807291666666666 0.2966820987654321 0.5846354166666666 0.2962962962962963
1 0.6655815972222222 0.21875 0.6681857638888888 0.2204861111111111 0.6710069444444444 0.2309027777777778 0.6612413194444444 0.2353395061728395 0.65234375 0.2309027777777778 0.6506076388888888 0.22357253086419754 0.6549479166666666 0.22067901234567902 0.6653645833333334 0.21875
1 0.6306423611111112 0.18904320987654322 0.6356336805555556 0.19270833333333334 0.6391059027777778 0.1996527777777778 0.6349826388888888 0.21354166666666666 0.6306423611111112 0.21547067901234568 0.6217447916666666 0.19945987654320987 0.6236979166666666 0.19290123456790123 0.6304253472222222 0.18904320987654322
1 0.134765625 0.765625 0.1391059027777778 0.7681327160493827 0.1401909722222222 0.7729552469135802 0.1365017361111111 0.7862654320987654 0.13368055555555555 0.7885802469135802 0.12999131944444445 0.7878086419753086 0.1271701388888889 0.7800925925925926 0.12434895833333333 0.7785493827160493 0.11848958333333333 0.7806712962962963 0.11284722222222222 0.7864583333333334 0.109375 0.7860725308641975 0.1072048611111111 0.7826003086419753 0.11610243055555555 0.7696759259259259 0.1345486111111111 0.765625
1 0.11284722222222222 0.7596450617283951 0.1169704861111111 0.7690972222222222 0.10590277777777778 0.7789351851851852 0.10199652777777778 0.7733410493827161 0.09483506944444445 0.7723765432098766 0.09266493055555555 0.7654320987654321 0.09483506944444445 0.7619598765432098 0.11263020833333333 0.7596450617283951
1 0.0783420138888889 0.8474151234567902 0.08268229166666667 0.8491512345679012 0.0818142361111111 0.8661265432098766 0.06749131944444445 0.8904320987654321 0.0642361111111111 0.8892746913580247 0.06380208333333333 0.886766975308642 0.06510416666666667 0.8697916666666666 0.07096354166666667 0.8505015432098766 0.078125 0.8474151234567902
1 0.1032986111111111 0.7175925925925926 0.11263020833333333 0.7193287037037037 0.11979166666666667 0.7278163580246914 0.10590277777777778 0.7287808641975309 0.10243055555555555 0.7310956790123457 0.0896267361111111 0.7195216049382716 0.0915798611111111 0.7175925925925926 0.10308159722222222 0.7175925925925926
1 0.08550347222222222 0.7567515432098766 0.10221354166666667 0.7621527777777778 0.11263020833333333 0.7602237654320988 0.11566840277777778 0.7654320987654321 0.115234375 0.7696759259259259 0.10590277777777778 0.7789351851851852 0.10221354166666667 0.7746913580246914 0.09874131944444445 0.7743055555555556 0.0744357638888889 0.7862654320987654 0.068359375 0.7870370370370371 0.06510416666666667 0.7862654320987654 0.0642361111111111 0.7829861111111112 0.0705295138888889 0.7758487654320988 0.06597222222222222 0.7692901234567902 0.06770833333333333 0.765625 0.06141493055555555 0.7584876543209876 0.07486979166666667 0.7598379629629629 0.08528645833333333 0.7567515432098766
1 0.0859375 0.7567515432098766 0.10243055555555555 0.7621527777777778 0.11263020833333333 0.7604166666666666 0.11566840277777778 0.7690972222222222 0.11263020833333333 0.7723765432098766 0.09874131944444445 0.7729552469135802 0.08203125 0.7802854938271605 0.07465277777777778 0.7783564814814815 0.07291666666666667 0.7725694444444444 0.068359375 0.7689043209876543 0.0685763888888889 0.765625 0.06141493055555555 0.7584876543209876 0.07465277777777778 0.7592592592592593 0.0857204861111111 0.7567515432098766
1 0.0642361111111111 0.7571373456790124 0.07421875 0.7596450617283951 0.08919270833333333 0.7586805555555556 0.09049479166666667 0.7689043209876543 0.0959201388888889 0.7723765432098766 0.07465277777777778 0.7864583333333334 0.064453125 0.7905092592592593 0.06076388888888889 0.7893518518518519 0.060112847222222224 0.7856867283950617 0.0627170138888889 0.7690972222222222 0.06684027777777778 0.7658179012345679 0.060980902777777776 0.7584876543209876 0.06401909722222222 0.7571373456790124
1 0.064453125 0.7571373456790124 0.0744357638888889 0.7590663580246914 0.08506944444444445 0.7569444444444444 0.09917534722222222 0.7621527777777778 0.0998263888888889 0.7654320987654321 0.0974392361111111 0.7725694444444444 0.064453125 0.7903163580246914 0.060980902777777776 0.7874228395061729 0.060112847222222224 0.783179012345679 0.0625 0.7690972222222222 0.06640625 0.7658179012345679 0.060980902777777776 0.7586805555555556 0.0642361111111111 0.7571373456790124
1 0.07183159722222222 0.7673611111111112 0.08702256944444445 0.7760416666666666 0.07096354166666667 0.7897376543209876 0.06141493055555555 0.7926311728395061 0.05859375 0.7864583333333334 0.06141493055555555 0.7689043209876543 0.07161458333333333 0.7673611111111112
1 0.078125 0.7172067901234568 0.0818142361111111 0.7268518518518519 0.08159722222222222 0.7309027777777778 0.078125 0.7312885802469136 0.07074652777777778 0.7276234567901234 0.06640625 0.720679012345679 0.06770833333333333 0.7181712962962963 0.0779079861111111 0.7172067901234568
1 0.4016927083333333 0.4114583333333333 0.4112413194444444 0.41338734567901236 0.4134114583333333 0.42476851851851855 0.4116753472222222 0.4263117283950617 0.4071180555555556 0.4251543209876543 0.4016927083333333 0.41165123456790126
1 0.3940972222222222 0.4106867283950617 0.3986545138888889 0.41203703703703703 0.4016927083333333 0.4224537037037037 0.4010416666666667 0.4241898148148148 0.3967013888888889 0.42322530864197533 0.3910590277777778 0.4251543209876543 0.3891059027777778 0.4230324074074074 0.3917100694444444 0.4184027777777778 0.390625 0.4112654320987654 0.3938802083333333 0.4106867283950617
1 0.4427083333333333 0.2662037037037037 0.4581163194444444 0.27218364197530864 0.458984375 0.27584876543209874 0.4359809027777778 0.2964891975308642 0.4322916666666667 0.2932098765432099 0.4264322916666667 0.2934027777777778 0.4290364583333333 0.28954475308641975 0.4288194444444444 0.2816358024691358 0.4353298611111111 0.26851851851851855 0.4424913194444444 0.2662037037037037
1 0.6126302083333334 0.1849922839506173 0.6202256944444444 0.1882716049382716 0.623046875 0.19579475308641975 0.6219618055555556 0.20081018518518517 0.6150173611111112 0.2033179012345679 0.609375 0.2029320987654321 0.6013454861111112 0.19656635802469136 0.5926649305555556 0.19347993827160495 0.5909288194444444 0.1896219135802469 0.5915798611111112 0.1857638888888889 0.6124131944444444 0.1849922839506173
1 0.3697916666666667 0.17804783950617284 0.3745659722222222 0.18229166666666666 0.3756510416666667 0.1892361111111111 0.3663194444444444 0.2019675925925926 0.3628472222222222 0.20081018518518517 0.3602430555555556 0.1888503086419753 0.3637152777777778 0.18132716049382716 0.3695746527777778 0.17804783950617284
1 0.3528645833333333 0.1743827160493827 0.3576388888888889 0.17939814814814814 0.3559027777777778 0.203125 0.3524305555555556 0.20794753086419754 0.3424479166666667 0.203125 0.3402777777777778 0.1849922839506173 0.3454861111111111 0.17631172839506173 0.3526475694444444 0.1743827160493827
1 0.24131944444444445 0.21489197530864199 0.24327256944444445 0.2195216049382716 0.23763020833333334 0.2351466049382716 0.2341579861111111 0.234375 0.22786458333333334 0.2166280864197531 0.2302517361111111 0.21469907407407407 0.24110243055555555 0.21489197530864199
1 0.2684461805555556 0.17515432098765432 0.2901475694444444 0.1753472222222222 0.296875 0.18190586419753085 0.2951388888888889 0.1875 0.2730034722222222 0.19193672839506173 0.2701822916666667 0.19039351851851852 0.2682291666666667 0.18267746913580246 0.259765625 0.1753472222222222 0.2682291666666667 0.17515432098765432
1 0.1584201388888889 0.3713348765432099 0.1616753472222222 0.3732638888888889 0.1625434027777778 0.3809799382716049 0.1577690972222222 0.39795524691358025 0.1547309027777778 0.4012345679012346 0.14930555555555555 0.3975694444444444 0.1486545138888889 0.3904320987654321 0.1519097222222222 0.3767361111111111 0.158203125 0.3713348765432099
1 0.2074652777777778 0.17650462962962962 0.21375868055555555 0.17920524691358025 0.2170138888888889 0.1865354938271605 0.2065972222222222 0.2021604938271605 0.2029079861111111 0.2021604938271605 0.1968315972222222 0.19637345679012347 0.1840277777777778 0.19945987654320987 0.18272569444444445 0.19560185185185186 0.19422743055555555 0.18209876543209877 0.2072482638888889 0.17650462962962962
1 0.17860243055555555 0.17708333333333334 0.181640625 0.17881944444444445 0.18359375 0.18479938271604937 0.1796875 0.19810956790123457 0.1740451388888889 0.19945987654320987 0.16883680555555555 0.19116512345679013 0.16536458333333334 0.19020061728395063 0.15494791666666666 0.19945987654320987 0.1508246527777778 0.19618055555555555 0.15364583333333334 0.1880787037037037 0.1603732638888889 0.18190586419753085 0.17838541666666666 0.17727623456790123
1 0.050130208333333336 0.7598379629629629 0.06401909722222222 0.769483024691358 0.060112847222222224 0.7829861111111112 0.04665798611111111 0.7951388888888888 0.04318576388888889 0.7943672839506173 0.04275173611111111 0.7856867283950617 0.04578993055555555 0.7615740740740741 0.04991319444444445 0.7598379629629629
1 0.7630208333333334 0 0.8014322916666666 0 0.8062065972222222 0.01871141975308642 0.8103298611111112 0.022569444444444444 0.8070746527777778 0.024305555555555556 0.7866753472222222 0.013310185185185185 0.7795138888888888 0.017746913580246913 0.7630208333333334 0.00019290123456790122
1 0.10590277777777778 0.1730324074074074 0.11263020833333333 0.17496141975308643 0.1267361111111111 0.1739969135802469 0.12890625 0.17515432098765432 0.12803819444444445 0.17881944444444445 0.1362847222222222 0.18557098765432098 0.11979166666666667 0.20003858024691357 0.10590277777777778 0.20698302469135801 0.10243055555555555 0.20679012345679013 0.1013454861111111 0.2035108024691358 0.10286458333333333 0.18557098765432098 0.10677083333333333 0.17920524691358025 0.10221354166666667 0.17457561728395063 0.1056857638888889 0.1730324074074074
1 0.10655381944444445 0.1736111111111111 0.123046875 0.17631172839506173 0.1267361111111111 0.17515432098765432 0.12456597222222222 0.17862654320987653 0.1343315972222222 0.18595679012345678 0.13346354166666666 0.18904320987654322 0.12044270833333333 0.1996527777777778 0.103515625 0.20736882716049382 0.10091145833333333 0.2033179012345679 0.10047743055555555 0.19251543209876543 0.1013454861111111 0.18557098765432098 0.107421875 0.17901234567901234 0.10243055555555555 0.17418981481481483 0.10633680555555555 0.1736111111111111
1 0.130859375 0.1724537037037037 0.1440972222222222 0.17611882716049382 0.1545138888888889 0.1722608024691358 0.1577690972222222 0.17554012345679013 0.15907118055555555 0.18248456790123457 0.15125868055555555 0.1884645061728395 0.140625 0.1869212962962963 0.11631944444444445 0.19984567901234568 0.11089409722222222 0.19945987654320987 0.11024305555555555 0.18904320987654322 0.10503472222222222 0.18595679012345678 0.107421875 0.17881944444444445 0.10243055555555555 0.1743827160493827 0.1056857638888889 0.1728395061728395 0.11610243055555555 0.17457561728395063 0.1228298611111111 0.1714891975308642 0.1306423611111111 0.1724537037037037
1 0.1291232638888889 0.1716820987654321 0.1440972222222222 0.17689043209876543 0.154296875 0.1726466049382716 0.1577690972222222 0.17650462962962962 0.15885416666666666 0.18229166666666666 0.1545138888888889 0.1863425925925926 0.1408420138888889 0.1863425925925926 0.11957465277777778 0.1996527777777778 0.10633680555555555 0.20466820987654322 0.1032986111111111 0.203125 0.10221354166666667 0.19753086419753085 0.10590277777777778 0.18074845679012347 0.10243055555555555 0.1730324074074074 0.11631944444444445 0.17418981481481483 0.12261284722222222 0.1712962962962963 0.12890625 0.1716820987654321
1 0.1247829861111111 0.1712962962962963 0.14388020833333334 0.17669753086419754 0.1545138888888889 0.1726466049382716 0.15885416666666666 0.18209876543209877 0.15104166666666666 0.1882716049382716 0.140625 0.1865354938271605 0.11957465277777778 0.19984567901234568 0.10590277777777778 0.2052469135802469 0.10286458333333333 0.2029320987654321 0.10199652777777778 0.19598765432098766 0.10655381944444445 0.17881944444444445 0.10243055555555555 0.1736111111111111 0.10590277777777778 0.1724537037037037 0.11610243055555555 0.1743827160493827 0.12456597222222222 0.1712962962962963
1 0.09027777777777778 0.17573302469135801 0.103515625 0.1857638888888889 0.1032986111111111 0.18904320987654322 0.10026041666666667 0.20023148148148148 0.08506944444444445 0.21277006172839505 0.08355034722222222 0.20543981481481483 0.08723958333333333 0.1861496913580247 0.0861545138888889 0.17824074074074073 0.0900607638888889 0.17573302469135801
1 0.4012586805555556 0.09239969135802469 0.4058159722222222 0.09567901234567901 0.4095052083333333 0.10300925925925926 0.4045138888888889 0.12172067901234568 0.3984375 0.12017746913580248 0.3960503472222222 0.11284722222222222 0.3956163194444444 0.09529320987654322 0.4010416666666667 0.09239969135802469
1 0.3923611111111111 0.09452160493827161 0.3958333333333333 0.09645061728395062 0.3960503472222222 0.11149691358024691 0.3869357638888889 0.12924382716049382 0.3838975694444444 0.13117283950617284 0.3821614583333333 0.10435956790123457 0.38671875 0.09683641975308642 0.3921440972222222 0.09452160493827161
1 0.4012586805555556 0.09259259259259259 0.4053819444444444 0.09529320987654322 0.4090711805555556 0.10223765432098765 0.4060329861111111 0.11959876543209877 0.4008246527777778 0.12172067901234568 0.3938802083333333 0.11458333333333333 0.3871527777777778 0.1284722222222222 0.3836805555555556 0.13117283950617284 0.3830295138888889 0.10185185185185185 0.3895399305555556 0.09529320987654322 0.4010416666666667 0.09259259259259259
1 0.2795138888888889 0.09567901234567901 0.2836371527777778 0.09760802469135803 0.2875434027777778 0.10609567901234568 0.2801649305555556 0.11323302469135803 0.2769097222222222 0.12075617283950617 0.2727864583333333 0.12268518518518519 0.2697482638888889 0.11998456790123457 0.2703993055555556 0.1111111111111111 0.2743055555555556 0.09818672839506173 0.279296875 0.09567901234567901
1 0.2736545138888889 0.09529320987654322 0.2834201388888889 0.09741512345679013 0.2875434027777778 0.10570987654320987 0.2866753472222222 0.10821759259259259 0.28125 0.11149691358024691 0.2758246527777778 0.12133487654320987 0.2721354166666667 0.12210648148148148 0.2686631944444444 0.11516203703703703 0.2621527777777778 0.12229938271604938 0.2586805555555556 0.12210648148148148 0.2530381944444444 0.11612654320987655 0.2530381944444444 0.11284722222222222 0.2658420138888889 0.09799382716049383 0.2734375 0.09529320987654322
1 0.1525607638888889 0.12943672839506173 0.1623263888888889 0.140625 0.14735243055555555 0.1404320987654321 0.14127604166666666 0.14255401234567902 0.1304253472222222 0.13348765432098766 0.12977430555555555 0.13020833333333334 0.15234375 0.12943672839506173
1 0.038628472222222224 0.716820987654321 0.04991319444444445 0.7189429012345679 0.051432291666666664 0.7272376543209876 0.043619791666666664 0.7303240740740741 0.039713541666666664 0.7428626543209876 0.03298611111111111 0.7525077160493827 0.029296875 0.7482638888888888 0.026909722222222224 0.7270447530864198 0.029947916666666668 0.7191358024691358 0.038411458333333336 0.716820987654321
1 0.7009548611111112 0 0.7107204861111112 0 0.7092013888888888 0.007137345679012345 0.7065972222222222 0.008680555555555556 0.7029079861111112 0.006751543209876543 0.7009548611111112 0.00019290123456790122
1 0.11979166666666667 0.13020833333333334 0.12261284722222222 0.1417824074074074 0.12044270833333333 0.14583333333333334 0.1130642361111111 0.14448302469135801 0.10677083333333333 0.13503086419753085 0.1091579861111111 0.13117283950617284 0.11957465277777778 0.13020833333333334
1 0.08875868055555555 0.13233024691358025 0.09223090277777778 0.13831018518518517 0.0915798611111111 0.14429012345679013 0.08854166666666667 0.14679783950617284 0.08268229166666667 0.1440972222222222 0.07530381944444445 0.13368055555555555 0.08854166666666667 0.13233024691358025
1 0.08897569444444445 0.13348765432098766 0.09049479166666667 0.1440972222222222 0.08333333333333333 0.14564043209876543 0.07877604166666667 0.16222993827160495 0.0744357638888889 0.16743827160493827 0.07118055555555555 0.16782407407407407 0.06640625 0.140625 0.0705295138888889 0.13348765432098766 0.08875868055555555 0.13348765432098766
1 0.7712673611111112 0.49151234567901236 0.7708333333333334 0.4947916666666667 0.7725694444444444 0.4967206790123457 0.7825520833333334 0.49440586419753085 0.7849392361111112 0.4903549382716049 0.7842881944444444 0.4878472222222222 0.7823350694444444 0.48726851851851855 0.7751736111111112 0.48823302469135804 0.7725694444444444 0.4893904320987654
1 0.10872395833333333 0.2962962962962963 0.10828993055555555 0.30459104938271603 0.109375 0.30767746913580246 0.11263020833333333 0.3055555555555556 0.115234375 0.296875 0.12022569444444445 0.29070216049382713 0.1228298611111111 0.2847222222222222 0.1247829861111111 0.2827932098765432 0.12413194444444445 0.27372685185185186 0.1267361111111111 0.2690972222222222 0.1254340277777778 0.2654320987654321 0.12348090277777778 0.2648533950617284 0.11848958333333333 0.2654320987654321 0.11631944444444445 0.2662037037037037 0.11371527777777778 0.2689043209876543 0.11393229166666667 0.2762345679012346 0.1095920138888889 0.28703703703703703
1 0.6117621527777778 0.5052083333333334 0.6128472222222222 0.5109953703703703 0.6115451388888888 0.515625 0.6130642361111112 0.515625 0.6130642361111112 0.5138888888888888 0.615234375 0.5115740740740741 0.6200086805555556 0.5135030864197531 0.6223958333333334 0.5162037037037037 0.6232638888888888 0.5225694444444444 0.6295572916666666 0.5079089506172839 0.6267361111111112 0.5054012345679012 0.6174045138888888 0.5059799382716049 0.6130642361111112 0.5048225308641975