1 0.6681857638888888 0.972608024691358 0.6723090277777778 0.9739583333333334 0.6729600694444444 0.9774305555555556 0.6577690972222222 0.9905478395061729 0.6508246527777778 0.9878472222222222 0.6493055555555556 0.9772376543209876 0.654296875 0.9739583333333334 0.66796875 0.972608024691358
1 0.6668836805555556 0.9577546296296297 0.6690538194444444 0.9604552469135802 0.6651475694444444 0.9710648148148148 0.6473524305555556 0.9633487654320988 0.6436631944444444 0.9596836419753086 0.6469184027777778 0.9577546296296297 0.6666666666666666 0.9577546296296297
1 0.6263020833333334 0.9768518518518519 0.6332465277777778 0.9791666666666666 0.6378038194444444 0.9841820987654321 0.6378038194444444 0.9907407407407407 0.634765625 0.9922839506172839 0.6291232638888888 0.9920910493827161 0.6182725694444444 0.9874614197530864 0.6167534722222222 0.9841820987654321 0.6182725694444444 0.9797453703703703 0.6208767361111112 0.9772376543209876 0.6260850694444444 0.9768518518518519
1 0.6078559027777778 0.986304012345679 0.6134982638888888 0.9911265432098766 0.6145833333333334 0.9998070987654321 0.5948350694444444 0.9998070987654321 0.5980902777777778 0.988233024691358 0.6024305555555556 0.9859182098765432 0.6076388888888888 0.986304012345679
1 0.6085069444444444 0.9581404320987654 0.6126302083333334 0.9591049382716049 0.6184895833333334 0.9666280864197531 0.6171875 0.9697145061728395 0.6126302083333334 0.9683641975308642 0.609375 0.9702932098765432 0.6091579861111112 0.9758873456790124 0.6085069444444444 0.9714506172839507 0.5987413194444444 0.9704861111111112 0.5891927083333334 0.9600694444444444 0.591796875 0.9581404320987654 0.6082899305555556 0.9581404320987654
1 0.5718315972222222 0.9841820987654321 0.5772569444444444 0.9878472222222222 0.5811631944444444 0.9998070987654321 0.5670572916666666 0.9998070987654321 0.56640625 0.9878472222222222 0.5716145833333334 0.9841820987654321
1 0.5824652777777778 0.9747299382716049 0.5870225694444444 0.9770447530864198 0.5911458333333334 0.984375 0.5902777777777778 0.9998070987654321 0.5824652777777778 0.9998070987654321 0.5787760416666666 0.9907407407407407 0.5707465277777778 0.9876543209876543 0.57421875 0.9801311728395061 0.5822482638888888 0.9747299382716049
1 0.5646701388888888 0.9876543209876543 0.5677083333333334 0.9911265432098766 0.5677083333333334 0.9998070987654321 0.5531684027777778 0.9998070987654321 0.5557725694444444 0.9903549382716049 0.564453125 0.9876543209876543
1 0.5746527777777778 0.9351851851851852 0.5815972222222222 0.9423225308641975 0.5807291666666666 0.956983024691358 0.578125 0.9596836419753086 0.5733506944444444 0.9577546296296297 0.5685763888888888 0.9432870370370371 0.5696614583333334 0.9369212962962963 0.5744357638888888 0.9351851851851852
1 0.5362413194444444 0.9772376543209876 0.5401475694444444 0.9770447530864198 0.5438368055555556 0.9839891975308642 0.5418836805555556 0.9998070987654321 0.5360243055555556 0.9998070987654321 0.5362413194444444 0.9774305555555556
1 0.5399305555555556 0.9770447530864198 0.5436197916666666 0.9830246913580247 0.5418836805555556 0.9998070987654321 0.5347222222222222 0.9998070987654321 0.5336371527777778 0.9951774691358025 0.5353732638888888 0.9778163580246914 0.5397135416666666 0.9770447530864198
1 0.5297309027777778 0.9751157407407407 0.5427517361111112 0.9807098765432098 0.5414496527777778 0.9998070987654321 0.5277777777777778 0.9998070987654321 0.5243055555555556 0.9822530864197531 0.5258246527777778 0.9774305555555556 0.5295138888888888 0.9751157407407407
1 0.5642361111111112 0.9347993827160493 0.568359375 0.935570987654321 0.5700954861111112 0.9388503086419753 0.5703125 0.953125 0.5581597222222222 0.9592978395061729 0.5501302083333334 0.9560185185185185 0.5542534722222222 0.9425154320987654 0.5640190972222222 0.9349922839506173
1 0.5023871527777778 0.9760802469135802 0.5056423611111112 0.9839891975308642 0.5065104166666666 0.9998070987654321 0.5008680555555556 0.9998070987654321 0.4945746527777778 0.9851466049382716 0.4965277777777778 0.9776234567901234 0.5021701388888888 0.9760802469135802
1 0.4973958333333333 0.9772376543209876 0.5082465277777778 0.9743441358024691 0.513671875 0.9836033950617284 0.5132378472222222 0.9998070987654321 0.5017361111111112 0.9998070987654321 0.4947916666666667 0.9845679012345679 0.4973958333333333 0.9774305555555556
1 0.6165364583333334 0.8229166666666666 0.6189236111111112 0.8244598765432098 0.62109375 0.8352623456790124 0.6126302083333334 0.8391203703703703 0.6022135416666666 0.8331404320987654 0.6006944444444444 0.8275462962962963 0.6030815972222222 0.824266975308642 0.6163194444444444 0.8229166666666666
1 0.5818142361111112 0.7920524691358025 0.5876736111111112 0.7966820987654321 0.5902777777777778 0.8032407407407407 0.5883246527777778 0.8121141975308642 0.5833333333333334 0.8186728395061729 0.5805121527777778 0.8177083333333334 0.5729166666666666 0.8009259259259259 0.5776909722222222 0.7934027777777778 0.5815972222222222 0.7920524691358025
1 0.751953125 0.6049382716049383 0.7567274305555556 0.6059027777777778 0.7619357638888888 0.6118827160493827 0.7638888888888888 0.626929012345679 0.7673611111111112 0.6302083333333334 0.7658420138888888 0.6334876543209876 0.7447916666666666 0.6195987654320988 0.7454427083333334 0.6062885802469136 0.7517361111111112 0.6049382716049383
1 0.7352430555555556 0.5968364197530864 0.7595486111111112 0.6091820987654321 0.7619357638888888 0.6126543209876543 0.7632378472222222 0.6267361111111112 0.7664930555555556 0.6300154320987654 0.765625 0.6329089506172839 0.7536892361111112 0.6248070987654321 0.7447916666666666 0.6215277777777778 0.7376302083333334 0.6257716049382716 0.7328559027777778 0.6180555555555556 0.7209201388888888 0.609375 0.7233072916666666 0.6005015432098766 0.7272135416666666 0.5978009259259259 0.7350260416666666 0.5968364197530864
1 0.7367621527777778 0.5970293209876543 0.7469618055555556 0.6059027777777778 0.7439236111111112 0.6126543209876543 0.7450086805555556 0.6197916666666666 0.7380642361111112 0.6259645061728395 0.7204861111111112 0.6066743827160493 0.7239583333333334 0.5993441358024691 0.7306857638888888 0.5966435185185185 0.7365451388888888 0.5970293209876543
1 0.7345920138888888 0.5964506172839507 0.7491319444444444 0.6059027777777778 0.7467447916666666 0.6124614197530864 0.7489149305555556 0.6197916666666666 0.7378472222222222 0.6261574074074074 0.7326388888888888 0.6182484567901234 0.7204861111111112 0.6076388888888888 0.7241753472222222 0.5993441358024691 0.734375 0.5964506172839507
1 0.6545138888888888 0.5869984567901234 0.6684027777777778 0.5964506172839507 0.6727430555555556 0.6024305555555556 0.6649305555555556 0.6157407407407407 0.6614583333333334 0.6143904320987654 0.6579861111111112 0.6072530864197531 0.6540798611111112 0.6084104938271605 0.6512586805555556 0.6149691358024691 0.6475694444444444 0.6140046296296297 0.6412760416666666 0.6022376543209876 0.6408420138888888 0.5987654320987654 0.6510416666666666 0.5879629629629629 0.654296875 0.5869984567901234
1 0.7829861111111112 0.4878472222222222 0.7827690972222222 0.4930555555555556 0.7738715277777778 0.4955632716049383 0.7688802083333334 0.4947916666666667 0.7717013888888888 0.48977623456790126 0.7827690972222222 0.4878472222222222
1 0.6927083333333334 0.47164351851851855 0.6959635416666666 0.47260802469135804 0.697265625 0.47704475308641975 0.6959635416666666 0.4893904320987654 0.6922743055555556 0.49054783950617287 0.6879340277777778 0.4774305555555556 0.6885850694444444 0.4737654320987654 0.6924913194444444 0.47183641975308643
1 0.6957465277777778 0.4724151234567901 0.6976996527777778 0.47704475308641975 0.6968315972222222 0.4893904320987654 0.7035590277777778 0.4940200617283951 0.703125 0.4992283950617284 0.6996527777777778 0.4996141975308642 0.6920572916666666 0.49363425925925924 0.6872829861111112 0.4774305555555556 0.6890190972222222 0.4729938271604938 0.6955295138888888 0.4724151234567901
1 0.4045138888888889 0.8651620370370371 0.4075520833333333 0.8695987654320988 0.4064670138888889 0.8763503086419753 0.3973524305555556 0.8902391975308642 0.3951822916666667 0.8875385802469136 0.3960503472222222 0.8661265432098766 0.404296875 0.8651620370370371
1 0.68359375 0.47530864197530864 0.6877170138888888 0.4816743827160494 0.6905381944444444 0.4976851851851852 0.6890190972222222 0.5005787037037037 0.6820746527777778 0.4988425925925926 0.6766493055555556 0.4845679012345679 0.6786024305555556 0.4774305555555556 0.6833767361111112 0.47530864197530864
1 0.6375868055555556 0.46662808641975306 0.6423611111111112 0.4704861111111111 0.6432291666666666 0.4774305555555556 0.6410590277777778 0.48746141975308643 0.6341145833333334 0.48823302469135804 0.6299913194444444 0.4878472222222222 0.6267361111111112 0.4845679012345679 0.626953125 0.47357253086419754 0.6302083333333334 0.4685570987654321 0.6373697916666666 0.46662808641975306
1 0.5677083333333334 0.5030864197530864 0.5705295138888888 0.5050154320987654 0.5698784722222222 0.5158179012345679 0.5737847222222222 0.5229552469135802 0.5729166666666666 0.5248842592592593 0.5677083333333334 0.5241126543209876 0.564453125 0.5264274691358025 0.5611979166666666 0.5260416666666666 0.5625 0.5187114197530864 0.5544704861111112 0.5050154320987654 0.5674913194444444 0.5030864197530864
1 0.5930989583333334 0.47646604938271603 0.6019965277777778 0.48128858024691357 0.6041666666666666 0.4878472222222222 0.6022135416666666 0.49016203703703703 0.5952690972222222 0.4880401234567901 0.5885416666666666 0.4947916666666667 0.5850694444444444 0.49228395061728397 0.5837673611111112 0.4839891975308642 0.5881076388888888 0.47723765432098764 0.5928819444444444 0.47646604938271603
1 0.5470920138888888 0.5015432098765432 0.5581597222222222 0.5036651234567902 0.5598958333333334 0.5052083333333334 0.5577256944444444 0.5077160493827161 0.5501302083333334 0.5067515432098766 0.5434027777777778 0.5109953703703703 0.5397135416666666 0.5086805555555556 0.5364583333333334 0.5125385802469136 0.5345052083333334 0.5088734567901234 0.5358072916666666 0.501929012345679 0.546875 0.5015432098765432
1 0.5542534722222222 0.47511574074074076 0.5577256944444444 0.47800925925925924 0.5588107638888888 0.4834104938271605 0.5540364583333334 0.4949845679012346 0.5505642361111112 0.498070987654321 0.5479600694444444 0.4947916666666667 0.5473090277777778 0.4820601851851852 0.5499131944444444 0.47723765432098764 0.5540364583333334 0.47511574074074076
1 0.6161024305555556 0.4398148148148148 0.6291232638888888 0.4565972222222222 0.6200086805555556 0.46103395061728397 0.609375 0.45100308641975306 0.6019965277777778 0.46045524691358025 0.5987413194444444 0.45177469135802467 0.5863715277777778 0.4494598765432099 0.5865885416666666 0.4461805555555556 0.5954861111111112 0.44598765432098764 0.6158854166666666 0.4398148148148148
1 0.7180989583333334 0.3759645061728395 0.7269965277777778 0.3802083333333333 0.7204861111111112 0.3869598765432099 0.7122395833333334 0.3881172839506173 0.7098524305555556 0.39467592592592593 0.7072482638888888 0.3958333333333333 0.7013888888888888 0.3904320987654321 0.7003038194444444 0.38329475308641975 0.7029079861111112 0.3800154320987654 0.7178819444444444 0.3759645061728395
1 0.6786024305555556 0.38155864197530864 0.6857638888888888 0.38445216049382713 0.6896701388888888 0.38927469135802467 0.6905381944444444 0.3948688271604938 0.6866319444444444 0.39795524691358025 0.6809895833333334 0.39737654320987653 0.6681857638888888 0.390625 0.6712239583333334 0.38387345679012347 0.6783854166666666 0.38155864197530864
1 0.6577690972222222 0.3910108024691358 0.6668836805555556 0.39737654320987653 0.6681857638888888 0.4077932098765432 0.6655815972222222 0.4085648148148148 0.6484375 0.40625 0.6462673611111112 0.404320987654321 0.6467013888888888 0.3975694444444444 0.6495225694444444 0.39371141975308643 0.6575520833333334 0.3910108024691358
1 0.7170138888888888 0.3603395061728395 0.7191840277777778 0.3628472222222222 0.7198350694444444 0.3724922839506173 0.7172309027777778 0.3742283950617284 0.7133246527777778 0.3707561728395062 0.6979166666666666 0.36612654320987653 0.6950954861111112 0.3630401234567901 0.6959635416666666 0.3609182098765432 0.716796875 0.3603395061728395
1 0.4021267361111111 0.9527391975308642 0.4058159722222222 0.953125 0.4071180555555556 0.9560185185185185 0.4034288194444444 0.9728009259259259 0.4001736111111111 0.9714506172839507 0.3988715277777778 0.9629629629629629 0.3943142361111111 0.9564043209876543 0.3949652777777778 0.953125 0.4019097222222222 0.9527391975308642
1 0.39453125 0.8640046296296297 0.4049479166666667 0.8657407407407407 0.4069010416666667 0.871141975308642 0.4045138888888889 0.8804012345679012 0.3940972222222222 0.8931327160493827 0.3797743055555556 0.890625 0.3832465277777778 0.8856095679012346 0.3843315972222222 0.8699845679012346 0.388671875 0.8647762345679012 0.3943142361111111 0.8640046296296297
1 0.3938802083333333 0.8636188271604939 0.3958333333333333 0.8661265432098766 0.3940972222222222 0.8873456790123457 0.3921440972222222 0.8908179012345679 0.3845486111111111 0.892554012345679 0.3795572916666667 0.890625 0.3832465277777778 0.8846450617283951 0.3836805555555556 0.8709490740740741 0.3875868055555556 0.8651620370370371 0.3936631944444444 0.8636188271604939
1 0.3248697916666667 0.7766203703703703 0.3285590277777778 0.7795138888888888 0.330078125 0.7862654320987654 0.3279079861111111 0.7972608024691358 0.3253038194444444 0.798804012345679 0.3135850694444444 0.7866512345679012 0.3166232638888889 0.7797067901234568 0.3246527777777778 0.7766203703703703
1 0.3561197916666667 0.6925154320987654 0.361328125 0.6956018518518519 0.3654513888888889 0.703125 0.3626302083333333 0.7185570987654321 0.3595920138888889 0.7231867283950617 0.3532986111111111 0.720679012345679 0.3509114583333333 0.7104552469135802 0.3515625 0.6965663580246914 0.3559027777777778 0.6925154320987654
1 0.3064236111111111 0.7721836419753086 0.3107638888888889 0.7775848765432098 0.3114149305555556 0.7862654320987654 0.3038194444444444 0.8022762345679012 0.3003472222222222 0.8045910493827161 0.2964409722222222 0.8005401234567902 0.2962239583333333 0.7826003086419753 0.3003472222222222 0.7743055555555556 0.3036024305555556 0.7716049382716049 0.3062065972222222 0.7721836419753086
1 0.3506944444444444 0.6957947530864198 0.3526475694444444 0.7037037037037037 0.3504774305555556 0.7170138888888888 0.341796875 0.7297453703703703 0.3385416666666667 0.7276234567901234 0.3400607638888889 0.7229938271604939 0.3383246527777778 0.7035108024691358 0.3448350694444444 0.6957947530864198 0.3504774305555556 0.6957947530864198
1 0.2204861111111111 0.7681327160493827 0.2437065972222222 0.769483024691358 0.2502170138888889 0.7727623456790124 0.2513020833333333 0.7795138888888888 0.24479166666666666 0.7804783950617284 0.23828125 0.7847222222222222 0.2267795138888889 0.7843364197530864 0.2250434027777778 0.7770061728395061 0.2163628472222222 0.7690972222222222 0.2202690972222222 0.7681327160493827
1 0.189453125 0.8055555555555556 0.19813368055555555 0.8070987654320988 0.19249131944444445 0.8258101851851852 0.1892361111111111 0.8252314814814815 0.1840277777777778 0.8103780864197531 0.18424479166666666 0.8065200617283951 0.1892361111111111 0.8055555555555556
1 0.2378472222222222 0.6923225308641975 0.2419704861111111 0.6959876543209876 0.2445746527777778 0.703125 0.2367621527777778 0.7098765432098766 0.2341579861111111 0.7173996913580247 0.2309027777777778 0.7193287037037037 0.2267795138888889 0.716820987654321 0.22721354166666666 0.7067901234567902 0.2322048611111111 0.6959876543209876 0.23763020833333334 0.6923225308641975
1 0.23133680555555555 0.6880787037037037 0.24110243055555555 0.6952160493827161 0.244140625 0.703125 0.236328125 0.7094907407407407 0.2339409722222222 0.7170138888888888 0.23111979166666666 0.7185570987654321 0.22764756944444445 0.716820987654321 0.22526041666666666 0.7118055555555556 0.2224392361111111 0.7125771604938271 0.2204861111111111 0.7173996913580247 0.216796875 0.7177854938271605 0.20985243055555555 0.7106481481481481 0.224609375 0.6892361111111112 0.23111979166666666 0.6880787037037037
1 0.2309027777777778 0.6875 0.234375 0.6892361111111112 0.2345920138888889 0.6927083333333334 0.22916666666666666 0.6990740740740741 0.220703125 0.7170138888888888 0.21766493055555555 0.7177854938271605 0.21028645833333334 0.7121913580246914 0.20985243055555555 0.7092978395061729 0.2243923611111111 0.6892361111111112 0.2306857638888889 0.6875
1 0.1134982638888889 0.9504243827160493 0.1174045138888889 0.953125 0.11848958333333333 0.9627700617283951 0.1130642361111111 0.9747299382716049 0.10698784722222222 0.9772376543209876 0.099609375 0.9751157407407407 0.09830729166666667 0.9704861111111112 0.107421875 0.953125 0.11328125 0.9504243827160493
1 0.1623263888888889 0.7665895061728395 0.16861979166666666 0.7677469135802469 0.17317708333333334 0.7760416666666666 0.16124131944444445 0.7928240740740741 0.1577690972222222 0.7914737654320988 0.1547309027777778 0.7860725308641975 0.14388020833333334 0.7880015432098766 0.1401909722222222 0.7862654320987654 0.13997395833333334 0.7827932098765432 0.15516493055555555 0.7689043209876543 0.162109375 0.7665895061728395
1 0.6215277777777778 0.3939043209876543 0.626953125 0.3958333333333333 0.6312934027777778 0.40084876543209874 0.6280381944444444 0.4149305555555556 0.6234809027777778 0.4176311728395062 0.6187065972222222 0.41473765432098764 0.619140625 0.3942901234567901 0.6213107638888888 0.3939043209876543
1 0.6369357638888888 0.38252314814814814 0.6417100694444444 0.38657407407407407 0.6440972222222222 0.39371141975308643 0.6423611111111112 0.404320987654321 0.6373697916666666 0.4068287037037037 0.6332465277777778 0.404320987654321 0.6306423611111112 0.3940972222222222 0.6317274305555556 0.3836805555555556 0.63671875 0.38252314814814814
1 0.6161024305555556 0.3933256172839506 0.6182725694444444 0.3966049382716049 0.6174045138888888 0.404320987654321 0.6056857638888888 0.41628086419753085 0.6026475694444444 0.4149305555555556 0.6052517361111112 0.40084876543209874 0.6115451388888888 0.3940972222222222 0.6158854166666666 0.3933256172839506
1 0.6365017361111112 0.38059413580246915 0.6419270833333334 0.3869598765432099 0.6438802083333334 0.3939043209876543 0.6419270833333334 0.40412808641975306 0.6373697916666666 0.40625 0.6345486111111112 0.40489969135802467 0.630859375 0.39602623456790126 0.6226128472222222 0.3950617283950617 0.6197916666666666 0.3966049382716049 0.6193576388888888 0.39467592592592593 0.6280381944444444 0.38310185185185186 0.6334635416666666 0.37982253086419754 0.6362847222222222 0.38059413580246915
1 0.6338975694444444 0.3794367283950617 0.6371527777777778 0.3802083333333333 0.6410590277777778 0.38773148148148145 0.6365017361111112 0.3883101851851852 0.6302083333333334 0.3950617283950617 0.6200086805555556 0.3940972222222222 0.6204427083333334 0.3904320987654321 0.6265190972222222 0.38329475308641975 0.6336805555555556 0.3794367283950617
1 0.4815538194444444 0.4739583333333333 0.484375 0.47588734567901236 0.4854600694444444 0.4810956790123457 0.4772135416666667 0.49324845679012347 0.4737413194444444 0.49170524691358025 0.4737413194444444 0.4818672839506173 0.4767795138888889 0.4756944444444444 0.4813368055555556 0.4739583333333333
1 0.4709201388888889 0.47704475308641975 0.4737413194444444 0.4810956790123457 0.4741753472222222 0.49074074074074076 0.4704861111111111 0.4982638888888889 0.4661458333333333 0.4976851851851852 0.4641927083333333 0.4836033950617284 0.466796875 0.47762345679012347 0.470703125 0.47704475308641975
1 0.658203125 0.3599537037037037 0.6653645833333334 0.3628472222222222 0.6701388888888888 0.3717206790123457 0.6690538194444444 0.3732638888888889 0.6610243055555556 0.37210648148148145 0.654296875 0.3751929012345679 0.6484375 0.3732638888888889 0.6391059027777778 0.3626543209876543 0.6421440972222222 0.3605324074074074 0.6579861111111112 0.3599537037037037
1 0.5926649305555556 0.38290895061728397 0.5952690972222222 0.38503086419753085 0.595703125 0.3915895061728395 0.5941840277777778 0.404320987654321 0.591796875 0.4074074074074074 0.5855034722222222 0.4050925925925926 0.5833333333333334 0.40084876543209874 0.5861545138888888 0.38676697530864196 0.5924479166666666 0.38290895061728397
1 0.5813802083333334 0.38040123456790126 0.5870225694444444 0.3863811728395062 0.5850694444444444 0.4045138888888889 0.5813802083333334 0.40489969135802467 0.578125 0.4018132716049383 0.5753038194444444 0.3908179012345679 0.578125 0.38233024691358025 0.5811631944444444 0.38059413580246915
1 0.560546875 0.3819444444444444 0.5646701388888888 0.3869598765432099 0.5653211805555556 0.39718364197530864 0.564453125 0.40489969135802467 0.5607638888888888 0.4072145061728395 0.5503472222222222 0.40142746913580246 0.5457899305555556 0.3908179012345679 0.5462239583333334 0.3869598765432099 0.5503472222222222 0.38252314814814814 0.5603298611111112 0.3819444444444444
1 0.6271701388888888 0.3387345679012346 0.6315104166666666 0.341820987654321 0.6334635416666666 0.3474151234567901 0.6325954861111112 0.359375 0.6302083333333334 0.3618827160493827 0.6260850694444444 0.3605324074074074 0.6193576388888888 0.3487654320987654 0.6197916666666666 0.34066358024691357 0.626953125 0.3387345679012346
1 0.6174045138888888 0.33815586419753085 0.6267361111111112 0.3393132716049383 0.6310763888888888 0.3420138888888889 0.6332465277777778 0.34953703703703703 0.6325954861111112 0.3595679012345679 0.6302083333333334 0.3616898148148148 0.6254340277777778 0.3599537037037037 0.623046875 0.3551311728395062 0.6128472222222222 0.3609182098765432 0.6024305555555556 0.3591820987654321 0.6056857638888888 0.3452932098765432 0.6128472222222222 0.3385416666666667 0.6171875 0.33815586419753085
1 0.6163194444444444 0.3377700617283951 0.6204427083333334 0.3410493827160494 0.6204427083333334 0.3524305555555556 0.6161024305555556 0.3591820987654321 0.6100260416666666 0.3611111111111111 0.6022135416666666 0.359375 0.6022135416666666 0.35300925925925924 0.6059027777777778 0.3445216049382716 0.6161024305555556 0.3377700617283951
1 0.5850694444444444 0.2962962962962963 0.5848524305555556 0.3074845679012346 0.5822482638888888 0.3090277777777778 0.5744357638888888 0.30709876543209874 0.5737847222222222 0.30362654320987653 0.5813802083333334 0.2961033950617284 0.5848524305555556 0.2962962962962963
1 0.5837673611111112 0.2962962962962963 0.5846354166666666 0.3074845679012346 0.5818142361111112 0.3090277777777778 0.5744357638888888 0.30709876543209874 0.5737847222222222 0.30362654320987653 0.5805121527777778 0.2966820987654321 0.5835503472222222 0.2962962962962963
1 0.6638454861111112 0.2185570987654321 0.66796875 0.2204861111111111 0.6707899305555556 0.2309027777777778 0.6614583333333334 0.2351466049382716 0.65234375 0.23070987654320987 0.6506076388888888 0.22357253086419754 0.6636284722222222 0.2185570987654321
1 0.4055989583333333 0.41107253086419754 0.4112413194444444 0.41396604938271603 0.4129774305555556 0.4220679012345679 0.4114583333333333 0.4263117283950617 0.4071180555555556 0.42496141975308643 0.4032118055555556 0.41878858024691357 0.4012586805555556 0.4114583333333333 0.4053819444444444 0.41107253086419754
1 0.3953993055555556 0.41030092592592593 0.3982204861111111 0.41203703703703703 0.4008246527777778 0.421875 0.3910590277777778 0.4251543209876543 0.3893229166666667 0.4226466049382716 0.3919270833333333 0.4182098765432099 0.390625 0.4112654320987654 0.3951822916666667 0.41030092592592593
1 0.4506293402777778 0.3698881172839506 0.011935763888888888 0.02141203703703704
1 0.4529079861111111 0.2679398148148148 0.4572482638888889 0.2725694444444444 0.4542100694444444 0.2829861111111111 0.4461805555555556 0.2957175925925926 0.4424913194444444 0.2961033950617284 0.4411892361111111 0.29378858024691357 0.4422743055555556 0.2795138888888889 0.4457465277777778 0.2706404320987654 0.4526909722222222 0.2681327160493827
1 0.1312934027777778 0.7658179012345679 0.13802083333333334 0.7690972222222222 0.1404079861111111 0.7748842592592593 0.13802083333333334 0.7839506172839507 0.13368055555555555 0.7881944444444444 0.12999131944444445 0.7864583333333334 0.1267361111111111 0.7781635802469136 0.11848958333333333 0.78125 0.11284722222222222 0.7866512345679012 0.10655381944444445 0.7862654320987654 0.10503472222222222 0.783179012345679 0.11480034722222222 0.7710262345679012 0.1310763888888889 0.7658179012345679
1 0.07508680555555555 0.8493441358024691 0.08072916666666667 0.8557098765432098 0.0798611111111111 0.8663194444444444 0.06749131944444445 0.8904320987654321 0.0642361111111111 0.8879243827160493 0.06488715277777778 0.873070987654321 0.0705295138888889 0.8510802469135802 0.07486979166666667 0.8493441358024691
1 0.11176215277777778 0.7581018518518519 0.11328125 0.7698688271604939 0.09830729166666667 0.7717978395061729 0.0954861111111111 0.7795138888888888 0.09244791666666667 0.777391975308642 0.0900607638888889 0.7650462962962963 0.10243055555555555 0.7584876543209876 0.1115451388888889 0.7581018518518519
1 0.1091579861111111 0.7181712962962963 0.11263020833333333 0.71875 0.11957465277777778 0.7272376543209876 0.11653645833333333 0.7295524691358025 0.1091579861111111 0.7293595679012346 0.10438368055555555 0.7202932098765432 0.1056857638888889 0.7181712962962963 0.10894097222222222 0.7181712962962963
1 0.09635416666666667 0.7175925925925926 0.10677083333333333 0.7202932098765432 0.09895833333333333 0.7297453703703703 0.08723958333333333 0.7202932098765432 0.08854166666666667 0.7175925925925926 0.09613715277777778 0.7175925925925926
1 0.0724826388888889 0.7677469135802469 0.08159722222222222 0.7729552469135802 0.08832465277777778 0.7704475308641975 0.08723958333333333 0.7791280864197531 0.07096354166666667 0.7901234567901234 0.06401909722222222 0.7920524691358025 0.060546875 0.7918595679012346 0.05881076388888889 0.7864583333333334 0.061848958333333336 0.7689043209876543 0.072265625 0.7677469135802469
1 0.0646701388888889 0.7575231481481481 0.08506944444444445 0.7609953703703703 0.09266493055555555 0.765625 0.0915798611111111 0.779320987654321 0.0744357638888889 0.785108024691358 0.0720486111111111 0.7837577160493827 0.06944444444444445 0.7723765432098766 0.06358506944444445 0.7690972222222222 0.06792534722222222 0.7658179012345679 0.06076388888888889 0.7586805555555556 0.064453125 0.7575231481481481
1 0.06401909722222222 0.7571373456790124 0.08485243055555555 0.7608024691358025 0.0959201388888889 0.7654320987654321 0.09309895833333333 0.7795138888888888 0.06488715277777778 0.7889660493827161 0.059895833333333336 0.7829861111111112 0.061197916666666664 0.7690972222222222 0.06727430555555555 0.765625 0.06076388888888889 0.7586805555555556 0.06380208333333333 0.7571373456790124
1 0.0646701388888889 0.7581018518518519 0.08138020833333333 0.7677469135802469 0.08289930555555555 0.7654320987654321 0.0802951388888889 0.7621527777777778 0.08832465277777778 0.7648533950617284 0.0900607638888889 0.7731481481481481 0.0881076388888889 0.7800925925925926 0.0642361111111111 0.7912808641975309 0.060546875 0.7908950617283951 0.05859375 0.7856867283950617 0.060112847222222224 0.7690972222222222 0.06922743055555555 0.7654320987654321 0.0661892361111111 0.7611882716049383 0.06076388888888889 0.7586805555555556 0.064453125 0.7581018518518519
1 0.0779079861111111 0.7316743827160493 0.06749131944444445 0.7243441358024691 0.06727430555555555 0.7181712962962963 0.078125 0.7173996913580247 0.078125 0.7314814814814815
1 0.4446614583333333 0.2683256172839506 0.4459635416666667 0.2725694444444444 0.4416232638888889 0.2934027777777778 0.4305555555555556 0.296875 0.4279513888888889 0.2966820987654321 0.4320746527777778 0.29031635802469136 0.4338107638888889 0.27276234567901236 0.4390190972222222 0.2667824074074074 0.4444444444444444 0.2683256172839506
1 0.6302083333333334 0.1888503086419753 0.6354166666666666 0.19270833333333334 0.6388888888888888 0.19926697530864199 0.6349826388888888 0.21334876543209877 0.630859375 0.21547067901234568 0.6221788194444444 0.20003858024691357 0.6239149305555556 0.19270833333333334 0.6299913194444444 0.1888503086419753
1 0.3702256944444444 0.17959104938271606 0.3741319444444444 0.18229166666666666 0.3765190972222222 0.1888503086419753 0.373046875 0.20119598765432098 0.3626302083333333 0.19483024691358025 0.3595920138888889 0.18942901234567902 0.3621961805555556 0.18306327160493827 0.3663194444444444 0.17959104938271606 0.3700086805555556 0.17959104938271606
1 0.23546006944444445 0.21469907407407407 0.24348958333333334 0.2166280864197531 0.2378472222222222 0.2349537037037037 0.2341579861111111 0.2341820987654321 0.22786458333333334 0.2170138888888889 0.2300347222222222 0.21489197530864199 0.23524305555555555 0.21469907407407407
1 0.1174045138888889 0.2665895061728395 0.123046875 0.26948302469135804 0.1247829861111111 0.2775848765432099 0.1213107638888889 0.2899305555555556 0.109375 0.3080632716049383 0.10872395833333333 0.28665123456790126 0.11284722222222222 0.2689043209876543 0.1171875 0.2665895061728395
1 0.6095920138888888 0.18460648148148148 0.6193576388888888 0.1875 0.6221788194444444 0.19232253086419754 0.6226128472222222 0.19945987654320987 0.6163194444444444 0.2029320987654321 0.6091579861111112 0.2019675925925926 0.5993923611111112 0.19521604938271606 0.5913628472222222 0.19251543209876543 0.5920138888888888 0.1863425925925926 0.609375 0.18460648148148148
1 0.3526475694444444 0.17496141975308643 0.3565538194444444 0.17920524691358025 0.3576388888888889 0.1886574074074074 0.3537326388888889 0.19926697530864199 0.3472222222222222 0.20717592592592593 0.3426649305555556 0.2033179012345679 0.341796875 0.18557098765432098 0.3450520833333333 0.17862654320987653 0.3524305555555556 0.17496141975308643
1 0.267578125 0.17515432098765432 0.2894965277777778 0.17554012345679013 0.2966579861111111 0.18132716049382716 0.2962239583333333 0.1867283950617284 0.2723524305555556 0.19232253086419754 0.2699652777777778 0.19058641975308643 0.2684461805555556 0.18267746913580246 0.259765625 0.1753472222222222 0.2673611111111111 0.17515432098765432
1 0.7628038194444444 0 0.8018663194444444 0 0.8049045138888888 0.015625 0.8096788194444444 0.022376543209876542 0.8070746527777778 0.024498456790123458 0.787109375 0.013503086419753086 0.7795138888888888 0.01678240740740741 0.7628038194444444 0.00019290123456790122
1 0.3914930555555556 0.09452160493827161 0.3962673611111111 0.09587191358024691 0.3971354166666667 0.11014660493827161 0.3869357638888889 0.12905092592592593 0.3836805555555556 0.13136574074074073 0.3845486111111111 0.12191358024691358 0.3817274305555556 0.10570987654320987 0.384765625 0.09876543209876543 0.3912760416666667 0.09452160493827161
1 0.4008246527777778 0.09220679012345678 0.4058159722222222 0.0954861111111111 0.4095052083333333 0.10339506172839506 0.4055989583333333 0.12075617283950617 0.3993055555555556 0.12114197530864197 0.3962673611111111 0.11361882716049383 0.3953993055555556 0.0954861111111111 0.4006076388888889 0.09239969135802469
1 0.2795138888888889 0.09587191358024691 0.2845052083333333 0.09876543209876543 0.2875434027777778 0.10609567901234568 0.2810329861111111 0.11188271604938271 0.2766927083333333 0.12075617283950617 0.2725694444444444 0.12249228395061729 0.2701822916666667 0.12114197530864197 0.2701822916666667 0.11188271604938271 0.2723524305555556 0.10243055555555555 0.279296875 0.09606481481481481
1 0.2738715277777778 0.0920138888888889 0.2840711805555556 0.09876543209876543 0.2866753472222222 0.10725308641975309 0.2805989583333333 0.11168981481481481 0.2760416666666667 0.12094907407407407 0.2710503472222222 0.12056327160493827 0.2688802083333333 0.11439043209876543 0.2621527777777778 0.12191358024691358 0.2586805555555556 0.12152777777777778 0.2530381944444444 0.11612654320987655 0.2532552083333333 0.11265432098765432 0.2667100694444444 0.0939429012345679 0.2736545138888889 0.0920138888888889
1 0.050130208333333336 0.7588734567901234 0.06293402777777778 0.7689043209876543 0.06293402777777778 0.7729552469135802 0.059027777777777776 0.7837577160493827 0.046875 0.794945987654321 0.043402777777777776 0.7947530864197531 0.042534722222222224 0.7881944444444444 0.046440972222222224 0.7698688271604939 0.04600694444444445 0.7613811728395061 0.046875 0.7590663580246914 0.04991319444444445 0.7588734567901234
1 0.154296875 0.1709104938271605 0.1564670138888889 0.17843364197530864 0.15538194444444445 0.18383487654320987 0.13975694444444445 0.1863425925925926 0.1371527777777778 0.19347993827160495 0.1343315972222222 0.19444444444444445 0.13194444444444445 0.19290123456790123 0.1306423611111111 0.17881944444444445 0.1443142361111111 0.1716820987654321 0.1540798611111111 0.1709104938271605
1 0.10243055555555555 0.1728395061728395 0.12630208333333334 0.1753472222222222 0.1312934027777778 0.17824074074074073 0.134765625 0.1857638888888889 0.1271701388888889 0.19579475308641975 0.10590277777777778 0.20466820987654322 0.103515625 0.20042438271604937 0.10590277777777778 0.17881944444444445 0.10243055555555555 0.17611882716049382 0.10243055555555555 0.1730324074074074
1 0.15147569444444445 0.171875 0.1545138888888889 0.1736111111111111 0.154296875 0.18306327160493827 0.1423611111111111 0.18306327160493827 0.1343315972222222 0.19444444444444445 0.10611979166666667 0.203125 0.10850694444444445 0.1892361111111111 0.10460069444444445 0.18595679012345678 0.10611979166666667 0.17901234567901234 0.10221354166666667 0.17573302469135801 0.10243055555555555 0.1728395061728395 0.1267361111111111 0.1753472222222222 0.13389756944444445 0.17843364197530864 0.15125868055555555 0.171875
1 0.09266493055555555 0.17669753086419754 0.103515625 0.1853780864197531 0.103515625 0.18981481481481483 0.10091145833333333 0.1996527777777778 0.08506944444444445 0.21315586419753085 0.0842013888888889 0.19791666666666666 0.08745659722222222 0.18595679012345678 0.0859375 0.17862654320987653 0.08854166666666667 0.17573302469135801 0.09244791666666667 0.17669753086419754
1 0.14952256944444445 0.12885802469135801 0.154296875 0.13001543209876543 0.16297743055555555 0.1404320987654321 0.15625 0.1415895061728395 0.1508246527777778 0.1412037037037037 0.14453125 0.13618827160493827 0.1404079861111111 0.1413966049382716 0.1371527777777778 0.1410108024691358 0.12890625 0.13368055555555555 0.12955729166666666 0.12982253086419754 0.14930555555555555 0.12885802469135801
1 0.044487847222222224 0.7170138888888888 0.050347222222222224 0.7185570987654321 0.051215277777777776 0.7274305555555556 0.04383680555555555 0.7301311728395061 0.038628472222222224 0.7447916666666666 0.03298611111111111 0.7517361111111112 0.028862847222222224 0.7449845679012346 0.027994791666666668 0.7214506172839507 0.033203125 0.7170138888888888 0.044270833333333336 0.7170138888888888
1 0.7009548611111112 0 0.7107204861111112 0 0.70703125 0.008680555555555556 0.703125 0.006558641975308642 0.7009548611111112 0.00019290123456790122
1 0.14453125 0.12905092592592593 0.14539930555555555 0.13406635802469136 0.1404079861111111 0.1413966049382716 0.1369357638888889 0.1412037037037037 0.13020833333333334 0.13599537037037038 0.12782118055555555 0.13020833333333334 0.1443142361111111 0.12905092592592593
1 0.12022569444444445 0.13020833333333334 0.11979166666666667 0.14583333333333334 0.11219618055555555 0.14351851851851852 0.10698784722222222 0.1371527777777778 0.10677083333333333 0.13348765432098766 0.12000868055555555 0.13020833333333334
1 0.08528645833333333 0.13290895061728394 0.0896267361111111 0.13483796296296297 0.09027777777777778 0.1440972222222222 0.08355034722222222 0.14602623456790123 0.07899305555555555 0.16126543209876543 0.0744357638888889 0.16724537037037038 0.07183159722222222 0.16743827160493827 0.06944444444444445 0.16396604938271606 0.06749131944444445 0.14448302469135801 0.06922743055555555 0.13541666666666666 0.07118055555555555 0.13329475308641975 0.08506944444444445 0.13290895061728394
1 0.20182291666666666 0.19598765432098766 0.2016059027777778 0.1996527777777778 0.203125 0.20158179012345678 0.20638020833333334 0.2025462962962963 0.2107204861111111 0.19425154320987653 0.2163628472222222 0.1892361111111111 0.2172309027777778 0.1849922839506173 0.21354166666666666 0.17804783950617284 0.20963541666666666 0.17766203703703703 0.2048611111111111 0.17881944444444445 0.2068142361111111 0.18055555555555555 0.2074652777777778 0.18306327160493827 0.20572916666666666 0.1849922839506173 0.2035590277777778 0.1857638888888889 0.20442708333333334 0.18942901234567902
1 0.18250868055555555 0.19425154320987653 0.18229166666666666 0.19695216049382716 0.18467881944444445 0.19830246913580246 0.19401041666666666 0.19598765432098766 0.1906467013888889 0.19746412037037037 0.20106336805555555 0.19515007716049382 0.2041015625 0.19013599537037038 0.2080078125 0.17817959104938272 0.19639756944444445 0.18016975308641975 0.19227430555555555 0.18229166666666666
1 0.16493055555555555 0.18209876543209877 0.16710069444444445 0.1861496913580247 0.17100694444444445 0.19077932098765432 0.17447916666666666 0.19888117283950618 0.1753472222222222 0.19945987654320987 0.1796875 0.19810956790123457 0.1814236111111111 0.19598765432098766 0.18359375 0.1886574074074074 0.1838107638888889 0.18557098765432098 0.18229166666666666 0.18229166666666666 0.17881944444444445 0.17939814814814814 0.17578125 0.17843364197530864 0.17296006944444445 0.17881944444444445
1 0.146484375 0.19772376543209877 0.1462673611111111 0.1996527777777778 0.14735243055555555 0.20023148148148148 0.15125868055555555 0.2006172839506173 0.1540798611111111 0.20003858024691357 0.16493055555555555 0.1909722222222222 0.16905381944444445 0.1896219135802469 0.171875 0.1909722222222222 0.1736111111111111 0.18460648148148148 0.1736111111111111 0.17901234567901234 0.1677517361111111 0.17843364197530864 0.1579861111111111 0.18325617283950618 0.15147569444444445 0.19232253086419754 0.14713541666666666 0.19579475308641975
1 0.6134982638888888 0.5079089506172839 0.61328125 0.5086805555555556 0.6156684027777778 0.5108024691358025 0.6254340277777778 0.5152391975308642 0.6258680555555556 0.5190972222222222 0.6267361111111112 0.5200617283950617 0.6299913194444444 0.5214120370370371 0.6334635416666666 0.5214120370370371 0.6343315972222222 0.5206404320987654 0.6373697916666666 0.5121527777777778 0.63671875 0.5084876543209876 0.6338975694444444 0.5077160493827161 0.6184895833333334 0.5067515432098766 0.6150173611111112 0.5069444444444444
1 0.6312934027777778 0.4278549382716049 0.630859375 0.42862654320987653 0.6338975694444444 0.4315200617283951 0.6404079861111112 0.4330632716049383 0.6458333333333334 0.43016975308641975 0.6545138888888888 0.42920524691358025 0.6569010416666666 0.42496141975308643 0.654296875 0.4222608024691358 0.6508246527777778 0.4224537037037037 0.6373697916666666 0.4245756172839506
1 0.5388454861111112 0.7891589506172839 0.5390625 0.7907021604938271 0.5425347222222222 0.7932098765432098 0.5434027777777778 0.7966820987654321 0.560546875 0.8003472222222222 0.5653211805555556 0.7986111111111112 0.5661892361111112 0.7974537037037037 0.5692274305555556 0.7980324074074074 0.5700954861111112 0.7995756172839507 0.5711805555555556 0.7995756172839507 0.572265625 0.7945601851851852 0.5711805555555556 0.7899305555555556 0.5642361111111112 0.7864583333333334 0.5603298611111112 0.7858796296296297 0.5538194444444444 0.7878086419753086 0.5436197916666666 0.7889660493827161 0.5397135416666666 0.7885802469135802
1 0.5223524305555556 0.9025848765432098 0.521484375 0.9041280864197531 0.5223524305555556 0.9052854938271605 0.5308159722222222 0.9039351851851852 0.5329861111111112 0.9085648148148148 0.5349392361111112 0.8981481481481481 0.5345052083333334 0.8962191358024691 0.5323350694444444 0.8952546296296297 0.5279947916666666 0.8966049382716049
1 0.5501302083333334 0.8948688271604939 0.5496961805555556 0.8975694444444444 0.5538194444444444 0.9014274691358025 0.5570746527777778 0.9027777777777778 0.5577256944444444 0.9002700617283951 0.556640625 0.8973765432098766 0.5538194444444444 0.8954475308641975