1 0.814453125 0.9778163580246914 0.8207465277777778 0.9803240740740741 0.8213975694444444 0.9841820987654321 0.8181423611111112 0.988233024691358 0.8127170138888888 0.9888117283950617 0.8062065972222222 0.9880401234567902 0.8049045138888888 0.9836033950617284 0.8072916666666666 0.9793595679012346 0.8142361111111112 0.9778163580246914
1 0.7814670138888888 0.8657407407407407 0.7823350694444444 0.8765432098765432 0.7799479166666666 0.8778935185185185 0.7688802083333334 0.8697916666666666 0.7680121527777778 0.8661265432098766 0.78125 0.8657407407407407
1 0.6365017361111112 0.9052854938271605 0.6473524305555556 0.9118441358024691 0.6536458333333334 0.9216820987654321 0.64453125 0.925733024691358 0.640625 0.9232253086419753 0.623046875 0.9234182098765432 0.6167534722222222 0.9185956790123457 0.6228298611111112 0.9076003086419753 0.6362847222222222 0.9052854938271605
1 0.5530598958333334 0.9682677469135802 0.020182291666666668 0.016010802469135804
1 0.453125 0.9621913580246914 0.4565972222222222 0.9627700617283951 0.4607204861111111 0.9677854938271605 0.4607204861111111 0.9743441358024691 0.4563802083333333 0.9822530864197531 0.4524739583333333 0.9841820987654321 0.4507378472222222 0.9814814814814815 0.4498697916666667 0.9701003086419753 0.4529079861111111 0.9623842592592593
1 0.5657552083333334 0.7908950617283951 0.5711805555555556 0.7926311728395061 0.5735677083333334 0.7966820987654321 0.5711805555555556 0.8001543209876543 0.5679253472222222 0.8003472222222222 0.5572916666666666 0.7932098765432098 0.5592447916666666 0.7903163580246914 0.5655381944444444 0.7908950617283951
1 0.4461805555555556 0.9589120370370371 0.453125 0.9600694444444444 0.4605034722222222 0.9670138888888888 0.4600694444444444 0.9758873456790124 0.453125 0.9837962962962963 0.4494357638888889 0.9743441358024691 0.4320746527777778 0.9702932098765432 0.4405381944444444 0.9664351851851852 0.4396701388888889 0.9598765432098766 0.4459635416666667 0.9589120370370371
1 0.4461805555555556 0.9585262345679012 0.453125 0.9600694444444444 0.4548611111111111 0.9635416666666666 0.4490017361111111 0.9708719135802469 0.4427083333333333 0.9729938271604939 0.431640625 0.9701003086419753 0.4398871527777778 0.966820987654321 0.4411892361111111 0.9633487654320988 0.4390190972222222 0.9594907407407407 0.4459635416666667 0.9585262345679012
1 0.5106336805555556 0.7897376543209876 0.5158420138888888 0.7932098765432098 0.5115017361111112 0.7947530864197531 0.5101996527777778 0.8009259259259259 0.5062934027777778 0.8036265432098766 0.5017361111111112 0.8018904320987654 0.5030381944444444 0.793016975308642 0.5049913194444444 0.7901234567901234 0.5104166666666666 0.7897376543209876
1 0.5438368055555556 0.7689043209876543 0.5421006944444444 0.7829861111111112 0.5366753472222222 0.7887731481481481 0.5262586805555556 0.7874228395061729 0.5223524305555556 0.7841435185185185 0.5227864583333334 0.7725694444444444 0.5334201388888888 0.7613811728395061 0.5397135416666666 0.7611882716049383 0.5436197916666666 0.7689043209876543
1 0.3352864583333333 0.9602623456790124 0.3396267361111111 0.9635416666666666 0.3411458333333333 0.9701003086419753 0.3324652777777778 0.9739583333333334 0.3218315972222222 0.9710648148148148 0.322265625 0.9633487654320988 0.3350694444444444 0.9602623456790124
1 0.2730034722222222 0.9556327160493827 0.2775607638888889 0.9608410493827161 0.2801649305555556 0.9704861111111112 0.2727864583333333 0.9753086419753086 0.2682291666666667 0.9672067901234568 0.2619357638888889 0.9662422839506173 0.2593315972222222 0.9635416666666666 0.26171875 0.9521604938271605 0.2654079861111111 0.9591049382716049 0.2727864583333333 0.9556327160493827
1 0.3174913194444444 0.8277391975308642 0.3246527777777778 0.8423996913580247 0.3216145833333333 0.8493441358024691 0.314453125 0.8526234567901234 0.3036024305555556 0.8505015432098766 0.3018663194444444 0.8454861111111112 0.3140190972222222 0.8277391975308642 0.3172743055555556 0.8277391975308642
1 0.1935763888888889 0.8896604938271605 0.21375868055555555 0.8917824074074074 0.2222222222222222 0.8967978395061729 0.21766493055555555 0.9070216049382716 0.2065972222222222 0.9083719135802469 0.19422743055555555 0.9047067901234568 0.1955295138888889 0.8973765432098766 0.1911892361111111 0.8908179012345679 0.193359375 0.8896604938271605
1 0.1484375 0.9934413580246914 0.1508246527777778 0.9938271604938271 0.15169270833333334 0.9998070987654321 0.14388020833333334 0.9998070987654321 0.1482204861111111 0.9934413580246914
1 0.17252604166666666 0.9195601851851852 0.1753472222222222 0.921875 0.16883680555555555 0.9292052469135802 0.16688368055555555 0.9214891975308642 0.1723090277777778 0.9195601851851852
1 0.11284722222222222 0.9471450617283951 0.1265190972222222 0.9519675925925926 0.12565104166666666 0.9627700617283951 0.12217881944444445 0.9645061728395061 0.11089409722222222 0.9575617283950617 0.11263020833333333 0.9473379629629629
1 0.10481770833333333 0.9768518518518519 0.1072048611111111 0.9809027777777778 0.10590277777777778 0.9949845679012346 0.10221354166666667 0.9942129629629629 0.09809027777777778 0.9830246913580247 0.09895833333333333 0.9782021604938271 0.10460069444444445 0.9768518518518519
1 0.9444444444444444 0.5978009259259259 0.951171875 0.6008873456790124 0.9622395833333334 0.6130401234567902 0.9631076388888888 0.6163194444444444 0.9563802083333334 0.6180555555555556 0.953125 0.6226851851851852 0.9357638888888888 0.609375 0.9366319444444444 0.6022376543209876 0.939453125 0.5987654320987654 0.9442274305555556 0.5978009259259259
1 0.8255208333333334 0.6130401234567902 0.8283420138888888 0.6138117283950617 0.8318142361111112 0.6228780864197531 0.8357204861111112 0.6265432098765432 0.8350694444444444 0.6294367283950617 0.8279079861111112 0.6304012345679012 0.8253038194444444 0.6300154320987654 0.8253038194444444 0.6265432098765432 0.8226996527777778 0.6246141975308642 0.8107638888888888 0.6248070987654321 0.8072916666666666 0.6178626543209876 0.8088107638888888 0.6126543209876543 0.8253038194444444 0.6130401234567902
1 0.9479166666666666 0.3551311728395062 0.9600694444444444 0.3601466049382716 0.9635416666666666 0.3653549382716049 0.9633246527777778 0.3699845679012346 0.9424913194444444 0.36072530864197533 0.9424913194444444 0.3551311728395062 0.9476996527777778 0.3551311728395062
1 0.9322916666666666 0.3533950617283951 0.9361979166666666 0.3549382716049383 0.9366319444444444 0.3595679012345679 0.9288194444444444 0.37037037037037035 0.9236111111111112 0.3715277777777778 0.9203559027777778 0.36574074074074076 0.9251302083333334 0.3586033950617284 0.9320746527777778 0.35358796296296297
1 0.9442274305555556 0.32349537037037035 0.9598524305555556 0.32503858024691357 0.9613715277777778 0.328125 0.9596354166666666 0.3306327160493827 0.9526909722222222 0.33101851851851855 0.9427083333333334 0.3445216049382716 0.9396701388888888 0.33796296296296297 0.9411892361111112 0.3246527777777778 0.9440104166666666 0.32349537037037035
1 0.6931423611111112 0.5810185185185185 0.7048611111111112 0.5883487654320988 0.7009548611111112 0.5925925925925926 0.6994357638888888 0.5989583333333334 0.6857638888888888 0.5978009259259259 0.6779513888888888 0.591820987654321 0.6788194444444444 0.5831404320987654 0.6929253472222222 0.5810185185185185
1 0.5779079861111112 0.6018518518518519 0.5909288194444444 0.6035879629629629 0.5965711805555556 0.6136188271604939 0.5813802083333334 0.6084104938271605 0.5737847222222222 0.6143904320987654 0.56640625 0.6059027777777778 0.56640625 0.6024305555555556 0.5776909722222222 0.6020447530864198
1 0.3982204861111111 0.6822916666666666 0.4249131944444444 0.6705246913580247 0.4273003472222222 0.6749614197530864 0.4244791666666667 0.6851851851851852 0.4166666666666667 0.6865354938271605 0.4079861111111111 0.6917438271604939 0.4064670138888889 0.6863425925925926 0.3997395833333333 0.685570987654321 0.3982204861111111 0.6824845679012346
1 0.3548177083333333 0.7029320987654321 0.3602430555555556 0.7048611111111112 0.361328125 0.7102623456790124 0.3502604166666667 0.7087191358024691 0.3485243055555556 0.7098765432098766 0.3491753472222222 0.7179783950617284 0.3355034722222222 0.7191358024691358 0.3248697916666667 0.7172067901234568 0.3313802083333333 0.7037037037037037 0.3546006944444444 0.7029320987654321
1 0.3213975694444444 0.7019675925925926 0.3296440972222222 0.7029320987654321 0.328125 0.7064043209876543 0.3109809027777778 0.7137345679012346 0.3103298611111111 0.7100694444444444 0.3142361111111111 0.7035108024691358 0.3211805555555556 0.7019675925925926
1 0.3504774305555556 0.6576003086419753 0.3470052083333333 0.6647376543209876 0.3487413194444444 0.6691743827160493 0.3634982638888889 0.6643518518518519 0.3697916666666667 0.6647376543209876 0.369140625 0.6684027777777778 0.3526475694444444 0.6795910493827161 0.33203125 0.6817129629629629 0.3279079861111111 0.6817129629629629 0.3246527777777778 0.6784336419753086 0.3196614583333333 0.6684027777777778 0.3209635416666667 0.6660879629629629 0.3383246527777778 0.6687885802469136 0.3452690972222222 0.6603009259259259 0.3502604166666667 0.6576003086419753
1 0.3502604166666667 0.6576003086419753 0.345703125 0.6691743827160493 0.3383246527777778 0.6751543209876543 0.3396267361111111 0.6786265432098766 0.3289930555555556 0.6813271604938271 0.3246527777777778 0.6788194444444444 0.3194444444444444 0.6685956790123457 0.3203125 0.6662808641975309 0.3385416666666667 0.6691743827160493 0.3452690972222222 0.6603009259259259 0.3500434027777778 0.6576003086419753
1 0.2934027777777778 0.6576003086419753 0.3083767361111111 0.6684027777777778 0.3127170138888889 0.6772762345679012 0.3107638888888889 0.6813271604938271 0.2940538194444444 0.6828703703703703 0.2892795138888889 0.6811342592592593 0.2823350694444444 0.6720679012345679 0.2838541666666667 0.6697530864197531 0.2923177083333333 0.6676311728395061 0.2905815972222222 0.6579861111111112 0.2931857638888889 0.6576003086419753
1 0.5470920138888888 0.3570601851851852 0.5499131944444444 0.3591820987654321 0.5533854166666666 0.3697916666666667 0.5466579861111112 0.3782793209876543 0.541015625 0.38136574074074076 0.5377604166666666 0.37982253086419754 0.5358072916666666 0.373070987654321 0.546875 0.3570601851851852
1 0.4134114583333333 0.37037037037037035 0.4288194444444444 0.3775077160493827 0.4322916666666667 0.38136574074074076 0.4307725694444444 0.3869598765432099 0.4184027777777778 0.3902391975308642 0.40234375 0.3836805555555556 0.4092881944444444 0.3775077160493827 0.4084201388888889 0.3705632716049383 0.4131944444444444 0.37037037037037035
1 0.19270833333333334 0.6857638888888888 0.2029079861111111 0.6749614197530864 0.2065972222222222 0.6745756172839507 0.2107204861111111 0.6857638888888888 0.2029079861111111 0.6961805555555556 0.19813368055555555 0.6963734567901234 0.1929253472222222 0.6859567901234568
1 0.1265190972222222 0.6637731481481481 0.13368055555555555 0.6662808641975309 0.140625 0.6626157407407407 0.14127604166666666 0.6682098765432098 0.1469184027777778 0.6711033950617284 0.14756944444444445 0.6788194444444444 0.1462673611111111 0.6830632716049383 0.1404079861111111 0.6830632716049383 0.13368055555555555 0.6867283950617284 0.1265190972222222 0.6863425925925926 0.11979166666666667 0.6832561728395061 0.11241319444444445 0.6701388888888888 0.12391493055555555 0.6712962962962963 0.1265190972222222 0.6639660493827161
1 0.2914496527777778 0.45794753086419754 0.2942708333333333 0.45968364197530864 0.2934027777777778 0.47415123456790126 0.2897135416666667 0.47897376543209874 0.2779947916666667 0.48225308641975306 0.2760416666666667 0.48996913580246915 0.2725694444444444 0.4880401234567901 0.26953125 0.47415123456790126 0.2708333333333333 0.4670138888888889 0.2760416666666667 0.46103395061728397 0.2912326388888889 0.45794753086419754
1 0.23133680555555555 0.42824074074074076 0.24153645833333334 0.4425154320987654 0.24110243055555555 0.44579475308641975 0.22960069444444445 0.44463734567901236 0.23111979166666666 0.42824074074074076
1 0.18619791666666666 0.37210648148148145 0.19270833333333334 0.37635030864197533 0.2087673611111111 0.38040123456790126 0.2072482638888889 0.38676697530864196 0.19639756944444445 0.3939043209876543 0.19032118055555555 0.38580246913580246 0.17578125 0.3800154320987654 0.1753472222222222 0.37635030864197533 0.18229166666666666 0.3757716049382716 0.1859809027777778 0.37210648148148145
1 0.11979166666666667 0.4411651234567901 0.13563368055555555 0.45524691358024694 0.14756944444444445 0.45852623456790126 0.14518229166666666 0.4670138888888889 0.1482204861111111 0.47550154320987653 0.1404079861111111 0.47337962962962965 0.13368055555555555 0.47627314814814814 0.1267361111111111 0.46739969135802467 0.11631944444444445 0.4710648148148148 0.11848958333333333 0.45968364197530864 0.11328125 0.4461805555555556 0.11957465277777778 0.44135802469135804
1 0.1443142361111111 0.3653549382716049 0.1480034722222222 0.36612654320987653 0.1579861111111111 0.3767361111111111 0.1560329861111111 0.3836805555555556 0.1506076388888889 0.3861882716049383 0.1440972222222222 0.38522376543209874 0.13975694444444445 0.3802083333333333 0.140625 0.36863425925925924 0.1440972222222222 0.3653549382716049
1 0.5362413194444444 0.2017746913580247 0.5434027777777778 0.21334876543209877 0.5310329861111112 0.21334876543209877 0.5360243055555556 0.2019675925925926
1 0.9997829861111112 0.13078703703703703 0.9997829861111112 0.15952932098765432 0.9947916666666666 0.16030092592592593 0.9876302083333334 0.1579861111111111 0.9809027777777778 0.15258487654320987 0.9767795138888888 0.1552854938271605 0.9702690972222222 0.1550925925925926 0.9696180555555556 0.15084876543209877 0.9739583333333334 0.14332561728395063 0.9809027777777778 0.1419753086419753 0.9911024305555556 0.13348765432098766 0.9995659722222222 0.13078703703703703
1 0.4913194444444444 0.1996527777777778 0.4947916666666667 0.20003858024691357 0.4945746527777778 0.21334876543209877 0.484375 0.21354166666666666 0.4913194444444444 0.19984567901234568
1 0.4778645833333333 0.19907407407407407 0.4839409722222222 0.20949074074074073 0.4837239583333333 0.21334876543209877 0.4809027777777778 0.21431327160493827 0.4728732638888889 0.21334876543209877 0.4698350694444444 0.20891203703703703 0.4711371527777778 0.203125 0.4776475694444444 0.19907407407407407
1 0.5575086805555556 0.16473765432098766 0.5598958333333334 0.16685956790123457 0.5583767361111112 0.17843364197530864 0.5503472222222222 0.18479938271604937 0.5434027777777778 0.18306327160493827 0.5399305555555556 0.17920524691358025 0.5388454861111112 0.16820987654320987 0.54296875 0.16782407407407407 0.546875 0.1714891975308642 0.5538194444444444 0.16512345679012347 0.5572916666666666 0.16473765432098766
1 0.5223524305555556 0.16010802469135801 0.5260416666666666 0.1714891975308642 0.5249565972222222 0.18074845679012347 0.5151909722222222 0.18248456790123457 0.5073784722222222 0.17554012345679013 0.5086805555555556 0.1701388888888889 0.5162760416666666 0.16743827160493827 0.5221354166666666 0.16030092592592593
1 0.4796006944444444 0.1726466049382716 0.4852430555555556 0.17496141975308643 0.4874131944444444 0.17843364197530864 0.4854600694444444 0.1857638888888889 0.4809027777777778 0.1882716049382716 0.470703125 0.18595679012345678 0.4674479166666667 0.17901234567901234 0.4704861111111111 0.1728395061728395 0.4793836805555556 0.1726466049382716
1 0.4915364583333333 0.16242283950617284 0.5052083333333334 0.16396604938271606 0.5106336805555556 0.16820987654320987 0.5082465277777778 0.17554012345679013 0.4924045138888889 0.17746913580246915 0.4878472222222222 0.17631172839506173 0.4858940972222222 0.1705246913580247 0.4865451388888889 0.16473765432098766 0.4913194444444444 0.16242283950617284
1 0.4611545138888889 0.16396604938271606 0.4644097222222222 0.16493055555555555 0.4700520833333333 0.1720679012345679 0.4600694444444444 0.18287037037037038 0.451171875 0.17862654320987653 0.4498697916666667 0.1716820987654321 0.4522569444444444 0.16820987654320987 0.4609375 0.16396604938271606
1 0.4329427083333333 0.1712962962962963 0.4427083333333333 0.17457561728395063 0.4461805555555556 0.17920524691358025 0.4444444444444444 0.18325617283950618 0.4361979166666667 0.1865354938271605 0.4322916666666667 0.19174382716049382 0.4273003472222222 0.1853780864197531 0.4171006944444444 0.17824074074074073 0.4212239583333333 0.171875 0.4255642361111111 0.1732253086419753 0.4327256944444444 0.1712962962962963
1 0.48828125 0.14255401234567902 0.4943576388888889 0.14621913580246915 0.5054253472222222 0.1440972222222222 0.5060763888888888 0.1579861111111111 0.5021701388888888 0.16165123456790123 0.4989149305555556 0.16107253086419754 0.4913194444444444 0.14911265432098766 0.4876302083333333 0.15084876543209877 0.482421875 0.14756944444444445 0.4832899305555556 0.14390432098765432 0.4880642361111111 0.14255401234567902
1 0.4114583333333333 0.16396604938271606 0.4188368055555556 0.16685956790123457 0.419921875 0.1753472222222222 0.4144965277777778 0.18267746913580246 0.4047309027777778 0.1857638888888889 0.4019097222222222 0.18344907407407407 0.4006076388888889 0.17515432098765432 0.4084201388888889 0.16473765432098766 0.4112413194444444 0.16396604938271606
1 0.5783420138888888 0.09780092592592593 0.5805121527777778 0.10243055555555555 0.5753038194444444 0.10628858024691358 0.5661892361111112 0.10590277777777778 0.56640625 0.10281635802469136 0.578125 0.09780092592592593
1 0.560546875 0.09915123456790123 0.5646701388888888 0.10243055555555555 0.5651041666666666 0.10570987654320987 0.5629340277777778 0.10609567901234568 0.5531684027777778 0.10570987654320987 0.5481770833333334 0.10262345679012345 0.5538194444444444 0.09915123456790123 0.5603298611111112 0.09915123456790123
1 0.4585503472222222 0.11246141975308642 0.4633246527777778 0.11477623456790123 0.4661458333333333 0.11959876543209877 0.4639756944444444 0.13001543209876543 0.4494357638888889 0.12808641975308643 0.4431423611111111 0.13040123456790123 0.4398871527777778 0.13001543209876543 0.4437934027777778 0.1257716049382716 0.4461805555555556 0.11496913580246913 0.4496527777777778 0.11265432098765432 0.4583333333333333 0.11246141975308642
1 0.5431857638888888 0.07484567901234568 0.546875 0.07407407407407407 0.5516493055555556 0.0798611111111111 0.546875 0.08719135802469136 0.5401475694444444 0.08719135802469136 0.5375434027777778 0.08121141975308642 0.5431857638888888 0.07503858024691358
1 0.6336805555555556 0.05632716049382716 0.6404079861111112 0.05806327160493827 0.6438802083333334 0.056712962962962965 0.6458333333333334 0.06404320987654322 0.6449652777777778 0.06770833333333333 0.6332465277777778 0.06751543209876543 0.6336805555555556 0.05652006172839506
1 0.5481770833333334 0.06404320987654322 0.546875 0.07658179012345678 0.5399305555555556 0.08275462962962964 0.5338541666666666 0.08043981481481481 0.5329861111111112 0.07445987654320987 0.5434027777777778 0.06327160493827161 0.5479600694444444 0.06404320987654322
1 0.4713541666666667 0.07098765432098765 0.48046875 0.08140432098765432 0.4774305555555556 0.08873456790123457 0.4737413194444444 0.08854166666666667 0.4691840277777778 0.08179012345679013 0.4678819444444444 0.07407407407407407 0.4711371527777778 0.07098765432098765
1 0.026692708333333332 0.7795138888888888 0.03884548611111111 0.7899305555555556 0.012586805555555556 0.7943672839506173 0.008463541666666666 0.7939814814814815 0.010199652777777778 0.7887731481481481 0.026475694444444444 0.7795138888888888
1 0.0935329861111111 0.36689814814814814 0.1056857638888889 0.3746141975308642 0.10655381944444445 0.38117283950617287 0.10286458333333333 0.3846450617283951 0.091796875 0.38348765432098764 0.087890625 0.3800154320987654 0.0881076388888889 0.3663194444444444 0.09331597222222222 0.36689814814814814
1 0.07465277777777778 0.3663194444444444 0.08528645833333333 0.36728395061728397 0.0876736111111111 0.3792438271604938 0.08506944444444445 0.3836805555555556 0.0759548611111111 0.38059413580246915 0.07465277777777778 0.36651234567901236
1 0.2760416666666667 0.2779706790123457 0.2873263888888889 0.27989969135802467 0.2888454861111111 0.29205246913580246 0.296875 0.3003472222222222 0.2829861111111111 0.30632716049382713 0.2712673611111111 0.30227623456790126 0.2688802083333333 0.29108796296296297 0.2758246527777778 0.27816358024691357
1 0 0.5111882716049383 0.0030381944444444445 0.5123456790123457 0.008463541666666666 0.5239197530864198 0.021267361111111112 0.5258487654320988 0.017144097222222224 0.5424382716049383 0.018880208333333332 0.5501543209876543 0.015407986111111112 0.5501543209876543 0.008897569444444444 0.5439814814814815 0 0.5474537037037037 0 0.5113811728395061
1 0.03797743055555555 0.41531635802469136 0.039496527777777776 0.42901234567901236 0.03732638888888889 0.43132716049382713 0.022352430555555556 0.42901234567901236 0.018012152777777776 0.42052469135802467 0.018880208333333332 0.4182098765432099 0.022352430555555556 0.4182098765432099 0.029296875 0.4211033950617284 0.037760416666666664 0.41531635802469136
1 0.052083333333333336 0.3597608024691358 0.062065972222222224 0.36612654320987653 0.06401909722222222 0.36959876543209874 0.0627170138888889 0.37982253086419754 0.06032986111111111 0.3836805555555556 0.04383680555555555 0.3871527777777778 0.039496527777777776 0.3871527777777778 0.03624131944444445 0.38387345679012347 0.034722222222222224 0.36342592592592593 0.05186631944444445 0.3597608024691358
1 0.22330729166666666 0.2760416666666667 0.22764756944444445 0.2673611111111111 0.24110243055555555 0.2648533950617284 0.2398003472222222 0.2797067901234568 0.22395833333333334 0.2795138888888889 0.22352430555555555 0.2762345679012346
1 0.2727864583333333 0.13329475308641975 0.2747395833333333 0.13657407407407407 0.2712673611111111 0.14621913580246915 0.2727864583333333 0.1545138888888889 0.2697482638888889 0.1570216049382716 0.2619357638888889 0.1552854938271605 0.2610677083333333 0.15046296296296297 0.2671440972222222 0.1440972222222222 0.2725694444444444 0.13329475308641975
1 0.5542534722222222 0.04861111111111111 0.5577256944444444 0.05015432098765432 0.5579427083333334 0.05343364197530864 0.5575086805555556 0.06385030864197531 0.5542534722222222 0.06500771604938271 0.5455729166666666 0.0642361111111111 0.5442708333333334 0.061921296296296294 0.5466579861111112 0.05073302469135803 0.5540364583333334 0.04861111111111111
1 0.4427083333333333 0.060378086419753084 0.4505208333333333 0.07407407407407407 0.4494357638888889 0.0783179012345679 0.4435763888888889 0.08063271604938271 0.4366319444444444 0.0783179012345679 0.4344618055555556 0.06886574074074074 0.4353298611111111 0.0630787037037037 0.4424913194444444 0.060378086419753084
1 0.24131944444444445 0.14216820987654322 0.2510850694444444 0.14756944444444445 0.2573784722222222 0.1554783950617284 0.24110243055555555 0.1548996913580247 0.24110243055555555 0.1423611111111111
1 0.390625 0.058834876543209874 0.3960503472222222 0.06076388888888889 0.4001736111111111 0.07137345679012345 0.3993055555555556 0.0779320987654321 0.3934461805555556 0.078125 0.3904079861111111 0.07175925925925926 0.390625 0.059027777777777776
1 0.3461371527777778 0.07195216049382716 0.3515625 0.0779320987654321 0.3515625 0.08159722222222222 0.3487413194444444 0.08487654320987655 0.3391927083333333 0.08738425925925926 0.3309461805555556 0.08526234567901235 0.3315972222222222 0.08159722222222222 0.3394097222222222 0.07407407407407407 0.3459201388888889 0.07195216049382716
1 0.8177083333333334 0.034915123456790126 0.8311631944444444 0.03973765432098766 0.8292100694444444 0.048032407407407406 0.8246527777777778 0.050347222222222224 0.8057725694444444 0.0466820987654321 0.8070746527777778 0.03838734567901234 0.8107638888888888 0.035493827160493825 0.8174913194444444 0.034915123456790126
1 0.4911024305555556 0.03298611111111111 0.4943576388888889 0.04089506172839506 0.4930555555555556 0.052083333333333336 0.4876302083333333 0.05227623456790124 0.4852430555555556 0.0470679012345679 0.4876302083333333 0.033950617283950615 0.4908854166666667 0.033179012345679014
1 0.4678819444444444 0.030864197530864196 0.4737413194444444 0.036265432098765434 0.4828559027777778 0.03665123456790124 0.4822048611111111 0.04456018518518518 0.4774305555555556 0.04841820987654321 0.4631076388888889 0.04282407407407408 0.462890625 0.03298611111111111 0.4676649305555556 0.030864197530864196
1 0 0.4176311728395062 0.008463541666666666 0.421875 0.010850694444444444 0.4253472222222222 0.008897569444444444 0.4288194444444444 0 0.42746913580246915 0 0.41782407407407407
1 0.029296875 0.35802469135802467 0.034722222222222224 0.36323302469135804 0.03342013888888889 0.37808641975308643 0.026041666666666668 0.37808641975308643 0.018663194444444444 0.38175154320987653 0.002387152777777778 0.3699845679012346 0.00390625 0.36496913580246915 0.008463541666666666 0.3620756172839506 0.011935763888888888 0.36246141975308643 0.017578125 0.3587962962962963 0.029079861111111112 0.3582175925925926
1 0.1545138888888889 0.025848765432098766 0.1618923611111111 0.028742283950617283 0.16861979166666666 0.036265432098765434 0.1684027777777778 0.047260802469135804 0.16471354166666666 0.05015432098765432 0.158203125 0.05092592592592592 0.14735243055555555 0.047453703703703706 0.1388888888888889 0.036458333333333336 0.14366319444444445 0.029128086419753087 0.154296875 0.025848765432098766
1 0.4351128472222222 0.22858796296296297 0.4357638888888889 0.23804012345679013 0.4379340277777778 0.24286265432098766 0.439453125 0.24382716049382716 0.4418402777777778 0.23996913580246915 0.4431423611111111 0.23977623456790123 0.4446614583333333 0.24479166666666666 0.4461805555555556 0.24594907407407407 0.4533420138888889 0.234375 0.4526909722222222 0.23128858024691357 0.4537760416666667 0.22743055555555555 0.4507378472222222 0.22608024691358025 0.44921875 0.22376543209876543 0.4431423611111111 0.22627314814814814 0.435546875 0.22743055555555555
1 0.4377170138888889 0.20987654320987653 0.4364149305555556 0.21354166666666666 0.4390190972222222 0.21469907407407407 0.4418402777777778 0.21489197530864199 0.4496527777777778 0.21489197530864199 0.4529079861111111 0.21315586419753085 0.4542100694444444 0.21006944444444445 0.4529079861111111 0.2052469135802469 0.4496527777777778 0.2038966049382716 0.443359375 0.2033179012345679 0.4416232638888889 0.2042824074074074