1 0.8118489583333334 0.9787808641975309 0.8211805555555556 0.9789737654320988 0.8209635416666666 0.9870756172839507 0.8177083333333334 0.9870756172839507 0.8142361111111112 0.9837962962962963 0.8038194444444444 0.9864969135802469 0.802734375 0.9807098765432098 0.8116319444444444 0.9787808641975309
1 0.779296875 0.8657407407407407 0.7838541666666666 0.873070987654321 0.7795138888888888 0.876929012345679 0.7684461805555556 0.8663194444444444 0.7790798611111112 0.8657407407407407
1 0.8040364583333334 0.7908950617283951 0.8088107638888888 0.7932098765432098 0.8070746527777778 0.8016975308641975 0.8020833333333334 0.7932098765432098 0.8038194444444444 0.7908950617283951
1 0.634765625 0.9048996913580247 0.6399739583333334 0.9060570987654321 0.6469184027777778 0.9116512345679012 0.6538628472222222 0.921875 0.64453125 0.925733024691358 0.640625 0.9236111111111112 0.6195746527777778 0.9224537037037037 0.6171875 0.9193672839506173 0.6174045138888888 0.9147376543209876 0.623046875 0.9077932098765432 0.6345486111111112 0.9048996913580247
1 0.5572916666666666 0.9602623456790124 0.5625 0.9631558641975309 0.5629340277777778 0.9701003086419753 0.560546875 0.9737654320987654 0.5538194444444444 0.9760802469135802 0.5447048611111112 0.9737654320987654 0.5425347222222222 0.9654706790123457 0.5470920138888888 0.9606481481481481 0.5570746527777778 0.9602623456790124
1 0.6215277777777778 0.7912808641975309 0.6247829861111112 0.7932098765432098 0.6267361111111112 0.8042052469135802 0.6219618055555556 0.8036265432098766 0.6180555555555556 0.7999614197530864 0.6165364583333334 0.7932098765432098 0.6213107638888888 0.7912808641975309
1 0.4424913194444444 0.956983024691358 0.4561631944444444 0.9600694444444444 0.4592013888888889 0.9633487654320988 0.4602864583333333 0.9729938271604939 0.4557291666666667 0.9816743827160493 0.4533420138888889 0.9836033950617284 0.451171875 0.9826388888888888 0.4474826388888889 0.9729938271604939 0.4344618055555556 0.9702932098765432 0.4398871527777778 0.966820987654321 0.4390190972222222 0.9596836419753086 0.4422743055555556 0.9571759259259259
1 0.5651041666666666 0.7914737654320988 0.5711805555555556 0.7959104938271605 0.5713975694444444 0.8001543209876543 0.5642361111111112 0.7999614197530864 0.5598958333333334 0.7943672839506173 0.5572916666666666 0.7961033950617284 0.5570746527777778 0.8016975308641975 0.5546875 0.7932098765432098 0.5648871527777778 0.7914737654320988
1 0.5106336805555556 0.7899305555555556 0.5264756944444444 0.7937885802469136 0.5232204861111112 0.8001543209876543 0.5086805555555556 0.8030478395061729 0.5002170138888888 0.8024691358024691 0.4976128472222222 0.8003472222222222 0.5008680555555556 0.7984182098765432 0.5052083333333334 0.7901234567901234 0.5104166666666666 0.7899305555555556
1 0.8125 0.6124614197530864 0.8298611111111112 0.6140046296296297 0.8305121527777778 0.6213348765432098 0.8344184027777778 0.6271219135802469 0.8335503472222222 0.6300154320987654 0.8283420138888888 0.6304012345679012 0.8209635416666666 0.6228780864197531 0.8114149305555556 0.6251929012345679 0.8081597222222222 0.6238425925925926 0.8070746527777778 0.6134259259259259 0.8122829861111112 0.6124614197530864
1 0.5327690972222222 0.7609953703703703 0.5362413194444444 0.7665895061728395 0.5434027777777778 0.7635030864197531 0.5457899305555556 0.7689043209876543 0.5399305555555556 0.7870370370370371 0.5364583333333334 0.7887731481481481 0.5258246527777778 0.7872299382716049 0.5219184027777778 0.7827932098765432 0.5225694444444444 0.7706404320987654 0.5325520833333334 0.7611882716049383
1 0.3355034722222222 0.9608410493827161 0.33984375 0.9637345679012346 0.3409288194444444 0.9697145061728395 0.3315972222222222 0.9741512345679012 0.3192274305555556 0.9704861111111112 0.3235677083333333 0.9625771604938271 0.3352864583333333 0.9608410493827161
1 0.2619357638888889 0.9521604938271605 0.2654079861111111 0.9592978395061729 0.2723524305555556 0.9556327160493827 0.2758246527777778 0.9575617283950617 0.2797309027777778 0.9704861111111112 0.2725694444444444 0.9745370370370371 0.2688802083333333 0.9673996913580247 0.2601996527777778 0.9654706790123457 0.26171875 0.9523533950617284
1 0.2619357638888889 0.9515817901234568 0.2645399305555556 0.9577546296296297 0.2684461805555556 0.9602623456790124 0.2684461805555556 0.9666280864197531 0.2591145833333333 0.9662422839506173 0.26171875 0.9517746913580247
1 0.3174913194444444 0.8263888888888888 0.3192274305555556 0.8346836419753086 0.3250868055555556 0.8416280864197531 0.3211805555555556 0.8495370370370371 0.3070746527777778 0.8512731481481481 0.3016493055555556 0.8487654320987654 0.3057725694444444 0.8385416666666666 0.3172743055555556 0.8265817901234568
1 0.3279079861111111 0.7019675925925926 0.3298611111111111 0.7035108024691358 0.3274739583333333 0.7067901234567902 0.3114149305555556 0.7137345679012346 0.310546875 0.7098765432098766 0.3155381944444444 0.7027391975308642 0.3276909722222222 0.7019675925925926
1 0.2146267361111111 0.8888888888888888 0.22135416666666666 0.8967978395061729 0.2189670138888889 0.9056712962962963 0.21571180555555555 0.9079861111111112 0.1994357638888889 0.9060570987654321 0.19661458333333334 0.8979552469135802 0.19249131944444445 0.8940972222222222 0.19444444444444445 0.8917824074074074 0.2144097222222222 0.8888888888888888
1 0.1720920138888889 0.9189814814814815 0.17513020833333334 0.921875 0.171875 0.9270833333333334 0.16861979166666666 0.9282407407407407 0.16710069444444445 0.921875 0.171875 0.9189814814814815
1 0.10590277777777778 0.9764660493827161 0.1076388888888889 0.9795524691358025 0.10611979166666667 0.9953703703703703 0.09809027777777778 0.984375 0.09895833333333333 0.9789737654320988 0.1056857638888889 0.9764660493827161
1 0.9457465277777778 0.5981867283950617 0.9529079861111112 0.6024305555555556 0.9633246527777778 0.6157407407407407 0.9533420138888888 0.6217206790123457 0.9357638888888888 0.609375 0.9353298611111112 0.605516975308642 0.9390190972222222 0.5995370370370371 0.9455295138888888 0.5981867283950617
1 0.6929253472222222 0.5810185185185185 0.7052951388888888 0.5883487654320988 0.7005208333333334 0.5925925925925926 0.6994357638888888 0.5989583333333334 0.6859809027777778 0.597608024691358 0.6781684027777778 0.5916280864197531 0.6788194444444444 0.5829475308641975 0.6927083333333334 0.5810185185185185
1 0.5894097222222222 0.6022376543209876 0.58984375 0.6161265432098766 0.5826822916666666 0.6163194444444444 0.58203125 0.6109182098765432 0.5779079861111112 0.6080246913580247 0.5748697916666666 0.6178626543209876 0.5677083333333334 0.6099537037037037 0.56640625 0.6028163580246914 0.5891927083333334 0.6022376543209876
1 0.4105902777777778 0.6749614197530864 0.4253472222222222 0.6765046296296297 0.4299045138888889 0.6817129629629629 0.4286024305555556 0.6857638888888888 0.4223090277777778 0.6880787037037037 0.4110243055555556 0.6859567901234568 0.4012586805555556 0.6896219135802469 0.3973524305555556 0.6892361111111112 0.3997395833333333 0.6826774691358025 0.3927951388888889 0.6805555555555556 0.3919270833333333 0.6770833333333334 0.39453125 0.6751543209876543 0.4103732638888889 0.6749614197530864
1 0.3361545138888889 0.7027391975308642 0.3563368055555556 0.703125 0.359375 0.7054398148148148 0.359375 0.7112268518518519 0.3493923611111111 0.7085262345679012 0.34765625 0.7175925925925926 0.3279079861111111 0.7189429012345679 0.32421875 0.716820987654321 0.3296440972222222 0.7100694444444444 0.3309461805555556 0.7042824074074074 0.3359375 0.7027391975308642
1 0.9424913194444444 0.35474537037037035 0.9598524305555556 0.3584104938271605 0.9654947916666666 0.36612654320987653 0.9631076388888888 0.3697916666666667 0.9542100694444444 0.3645833333333333 0.9429253472222222 0.36149691358024694 0.9424913194444444 0.3549382716049383
1 0.322265625 0.668016975308642 0.3404947916666667 0.668016975308642 0.3524305555555556 0.6577932098765432 0.3511284722222222 0.6651234567901234 0.3541666666666667 0.6714891975308642 0.3541666666666667 0.6813271604938271 0.3322482638888889 0.6828703703703703 0.328125 0.6819058641975309 0.3244357638888889 0.6778549382716049 0.3205295138888889 0.6720679012345679 0.3203125 0.6684027777777778 0.3220486111111111 0.668016975308642
1 0.2899305555555556 0.6579861111111112 0.3001302083333333 0.6610725308641975 0.3018663194444444 0.6664737654320988 0.3107638888888889 0.6724537037037037 0.3127170138888889 0.6778549382716049 0.3107638888888889 0.6828703703703703 0.2934027777777778 0.6847993827160493 0.2903645833333333 0.6832561728395061 0.2819010416666667 0.6716820987654321 0.2829861111111111 0.6678240740740741 0.2894965277777778 0.6693672839506173 0.2916666666666667 0.668016975308642 0.2899305555555556 0.658179012345679
1 0.9253472222222222 0.3587962962962963 0.9318576388888888 0.35397376543209874 0.9370659722222222 0.3559027777777778 0.9346788194444444 0.3628472222222222 0.9255642361111112 0.3722993827160494 0.921875 0.3707561728395062 0.9203559027777778 0.36689814814814814 0.9253472222222222 0.3589891975308642
1 0.5473090277777778 0.3570601851851852 0.5529513888888888 0.3699845679012346 0.546875 0.37789351851851855 0.5405815972222222 0.38136574074074076 0.5377604166666666 0.37962962962962965 0.5360243055555556 0.3726851851851852 0.5470920138888888 0.3570601851851852
1 0.4086371527777778 0.37037037037037035 0.4149305555555556 0.37094907407407407 0.4288194444444444 0.3777006172839506 0.4322916666666667 0.38290895061728397 0.4303385416666667 0.3869598765432099 0.4181857638888889 0.3900462962962963 0.4034288194444444 0.38425925925925924 0.4090711805555556 0.3782793209876543 0.4086371527777778 0.3705632716049383
1 0.2072482638888889 0.6780478395061729 0.2105034722222222 0.6817129629629629 0.21006944444444445 0.6875 0.19986979166666666 0.6969521604938271 0.19618055555555555 0.6959876543209876 0.197265625 0.6820987654320988 0.203125 0.6778549382716049 0.20703125 0.6780478395061729
1 0.1154513888888889 0.9488811728395061 0.1271701388888889 0.953125 0.1247829861111111 0.9639274691358025 0.1310763888888889 0.970679012345679 0.126953125 0.9774305555555556 0.1232638888888889 0.9785879629629629 0.10264756944444445 0.9764660493827161 0.0998263888888889 0.9731867283950617 0.0993923611111111 0.9702932098765432 0.11024305555555555 0.9556327160493827 0.1111111111111111 0.9496527777777778 0.115234375 0.9488811728395061
1 0.12955729166666666 0.6641589506172839 0.13368055555555555 0.6666666666666666 0.140625 0.6630015432098766 0.1404079861111111 0.6684027777777778 0.14453125 0.6689814814814815 0.1467013888888889 0.671875 0.14778645833333334 0.6822916666666666 0.1362847222222222 0.6865354938271605 0.126953125 0.685570987654321 0.11979166666666667 0.6820987654320988 0.11219618055555555 0.671875 0.11284722222222222 0.6695601851851852 0.12456597222222222 0.6711033950617284 0.12630208333333334 0.6643518518518519 0.1293402777777778 0.6641589506172839
1 0.2903645833333333 0.4583333333333333 0.2934027777777778 0.45987654320987653 0.2934027777777778 0.4739583333333333 0.2897135416666667 0.4783950617283951 0.2784288194444444 0.4810956790123457 0.2760416666666667 0.48996913580246915 0.2725694444444444 0.4878472222222222 0.26953125 0.4704861111111111 0.2758246527777778 0.46122685185185186 0.2901475694444444 0.4583333333333333
1 0.2309027777777778 0.42824074074074076 0.2341579861111111 0.42978395061728397 0.24153645833333334 0.4427083333333333 0.24110243055555555 0.44579475308641975 0.2300347222222222 0.44483024691358025 0.2309027777777778 0.42843364197530864
1 0.18663194444444445 0.3722993827160494 0.19249131944444445 0.3765432098765432 0.2085503472222222 0.38040123456790126 0.2094184027777778 0.3836805555555556 0.20703125 0.38676697530864196 0.19639756944444445 0.3940972222222222 0.1909722222222222 0.38599537037037035 0.17578125 0.3802083333333333 0.1753472222222222 0.3765432098765432 0.18229166666666666 0.3757716049382716 0.18641493055555555 0.3722993827160494
1 0.12196180555555555 0.44232253086419754 0.12456597222222222 0.4471450617283951 0.1384548611111111 0.45871913580246915 0.14756944444444445 0.45775462962962965 0.1484375 0.45929783950617287 0.14583333333333334 0.46662808641975306 0.1484375 0.47530864197530864 0.1404079861111111 0.47415123456790126 0.1371527777777778 0.47627314814814814 0.13346354166666666 0.47608024691358025 0.1267361111111111 0.4675925925925926 0.11588541666666667 0.470679012345679 0.11870659722222222 0.45987654320987653 0.11393229166666667 0.44598765432098764 0.1169704861111111 0.4427083333333333 0.12174479166666667 0.44232253086419754
1 0.12022569444444445 0.4411651234567901 0.13194444444444445 0.453125 0.13151041666666666 0.4567901234567901 0.1232638888888889 0.46392746913580246 0.11979166666666667 0.46199845679012347 0.11328125 0.44656635802469136 0.12000868055555555 0.4411651234567901
1 0.14518229166666666 0.36574074074074076 0.1508246527777778 0.36863425925925924 0.15733506944444445 0.376929012345679 0.1560329861111111 0.38348765432098764 0.15125868055555555 0.3856095679012346 0.14344618055555555 0.38445216049382713 0.13953993055555555 0.3800154320987654 0.1421440972222222 0.36786265432098764 0.1449652777777778 0.36574074074074076
1 0.09244791666666667 0.3663194444444444 0.10590277777777778 0.3748070987654321 0.10633680555555555 0.38213734567901236 0.10264756944444445 0.3846450617283951 0.0915798611111111 0.38329475308641975 0.08723958333333333 0.36882716049382713 0.08832465277777778 0.36612654320987653 0.09223090277777778 0.3663194444444444
1 0.07508680555555555 0.36593364197530864 0.08550347222222222 0.3680555555555556 0.08723958333333333 0.3802083333333333 0.08333333333333333 0.38348765432098764 0.07573784722222222 0.3800154320987654 0.07486979166666667 0.36593364197530864
1 0.5364583333333334 0.2017746913580247 0.5434027777777778 0.21334876543209877 0.533203125 0.21412037037037038 0.53125 0.21334876543209877 0.5362413194444444 0.2017746913580247
1 0.4500868055555556 0.22280092592592593 0.4563802083333333 0.22646604938271606 0.4592013888888889 0.2309027777777778 0.4461805555555556 0.24594907407407407 0.4383680555555556 0.24459876543209877 0.4348958333333333 0.22743055555555555 0.4498697916666667 0.22280092592592593
1 0.4921875 0.1996527777777778 0.4937065972222222 0.21354166666666666 0.4889322916666667 0.21431327160493827 0.4832899305555556 0.21315586419753085 0.4876302083333333 0.2033179012345679 0.4919704861111111 0.1996527777777778
1 0.4774305555555556 0.2023533950617284 0.4819878472222222 0.2065972222222222 0.4822048611111111 0.21334876543209877 0.4741753472222222 0.21431327160493827 0.4661458333333333 0.2029320987654321 0.4772135416666667 0.2023533950617284
1 0.4442274305555556 0.203125 0.4490017361111111 0.21006944444444445 0.4487847222222222 0.21354166666666666 0.4466145833333333 0.21431327160493827 0.4357638888888889 0.21334876543209877 0.4420572916666667 0.203125 0.4440104166666667 0.203125
1 0.9997829861111112 0.13059413580246915 0.9997829861111112 0.15933641975308643 0.9952256944444444 0.16010802469135801 0.9811197916666666 0.1545138888888889 0.9704861111111112 0.1548996913580247 0.9696180555555556 0.15084876543209877 0.9741753472222222 0.14332561728395063 0.9813368055555556 0.1419753086419753 0.9913194444444444 0.13368055555555555 0.9995659722222222 0.13059413580246915
1 0.5536024305555556 0.16493055555555555 0.5579427083333334 0.16493055555555555 0.5598958333333334 0.16743827160493827 0.5583767361111112 0.17804783950617284 0.5536024305555556 0.18422067901234568 0.5431857638888888 0.18306327160493827 0.5390625 0.1753472222222222 0.5397135416666666 0.16743827160493827 0.546875 0.1714891975308642 0.5536024305555556 0.16512345679012347
1 0.5167100694444444 0.17139274691358025 0.01953125 0.022569444444444444
1 0.4776475694444444 0.1720679012345679 0.4852430555555556 0.17496141975308643 0.4871961805555556 0.17824074074074073 0.4856770833333333 0.18557098765432098 0.4809027777777778 0.1882716049382716 0.4704861111111111 0.18595679012345678 0.4672309027777778 0.17881944444444445 0.4702690972222222 0.1728395061728395 0.4774305555555556 0.1720679012345679
1 0.4928385416666667 0.16261574074074073 0.5049913194444444 0.16319444444444445 0.5112847222222222 0.1684027777777778 0.5082465277777778 0.17573302469135801 0.4954427083333333 0.17746913580246915 0.4887152777777778 0.17650462962962962 0.4861111111111111 0.1720679012345679 0.4865451388888889 0.16473765432098766 0.4926215277777778 0.16261574074074073
1 0.4600694444444444 0.16396604938271606 0.4635416666666667 0.16435185185185186 0.4704861111111111 0.1716820987654321 0.4683159722222222 0.17592592592592593 0.4600694444444444 0.18267746913580246 0.451171875 0.17862654320987653 0.4509548611111111 0.1701388888888889 0.4598524305555556 0.16415895061728394
1 0.4331597222222222 0.1711033950617284 0.4390190972222222 0.1722608024691358 0.4466145833333333 0.17901234567901234 0.4440104166666667 0.18364197530864199 0.4359809027777778 0.1863425925925926 0.4320746527777778 0.19135802469135801 0.4262152777777778 0.18422067901234568 0.4171006944444444 0.17862654320987653 0.4207899305555556 0.1716820987654321 0.4262152777777778 0.1730324074074074 0.4329427083333333 0.1711033950617284
1 0.4118923611111111 0.16454475308641975 0.4186197916666667 0.16705246913580246 0.4197048611111111 0.17650462962962962 0.4151475694444444 0.18248456790123457 0.4045138888888889 0.1863425925925926 0.4008246527777778 0.17515432098765432 0.4077690972222222 0.16493055555555555 0.4116753472222222 0.16454475308641975
1 0.4748263888888889 0.1396604938271605 0.48046875 0.1427469135802469 0.4876302083333333 0.1419753086419753 0.4926215277777778 0.1440972222222222 0.4984809027777778 0.14988425925925927 0.4947916666666667 0.1527777777777778 0.4730902777777778 0.15123456790123457 0.4724392361111111 0.140625 0.474609375 0.1396604938271605
1 0.5785590277777778 0.09780092592592593 0.5809461805555556 0.09876543209876543 0.5798611111111112 0.10416666666666667 0.5731336805555556 0.10648148148148148 0.5666232638888888 0.10590277777777778 0.5670572916666666 0.10223765432098765 0.5783420138888888 0.09780092592592593
1 0.5588107638888888 0.09876543209876543 0.564453125 0.10223765432098765 0.5646701388888888 0.10570987654320987 0.5611979166666666 0.10609567901234568 0.5509982638888888 0.10532407407407407 0.5486111111111112 0.10262345679012345 0.55859375 0.09876543209876543
1 0.6345486111111112 0.05652006172839506 0.6404079861111112 0.05960648148148148 0.6440972222222222 0.056712962962962965 0.6443142361111112 0.06790123456790123 0.6325954861111112 0.06751543209876543 0.6343315972222222 0.05652006172839506
1 0.4565972222222222 0.11226851851851852 0.462890625 0.11458333333333333 0.4659288194444444 0.11959876543209877 0.4639756944444444 0.12982253086419754 0.4494357638888889 0.12808641975308643 0.4435763888888889 0.13040123456790123 0.4403211805555556 0.13001543209876543 0.4466145833333333 0.11574074074074074 0.4563802083333333 0.11226851851851852
1 0.5431857638888888 0.0628858024691358 0.5501302083333334 0.0779320987654321 0.5475260416666666 0.08526234567901235 0.5397135416666666 0.08738425925925926 0.533203125 0.078125 0.5349392361111112 0.07118055555555555 0.5431857638888888 0.0630787037037037
1 0.4717881944444444 0.07098765432098765 0.4806857638888889 0.08159722222222222 0.4772135416666667 0.08892746913580248 0.4733072916666667 0.08834876543209877 0.4685329861111111 0.08101851851851852 0.4680989583333333 0.07407407407407407 0.4715711805555556 0.07098765432098765
1 0.026692708333333332 0.7798996913580247 0.038411458333333336 0.7899305555555556 0.012369791666666666 0.7947530864197531 0.0078125 0.7935956790123457 0.009548611111111112 0.7899305555555556 0.026475694444444444 0.7798996913580247
1 0 0.511766975308642 0.004557291666666667 0.5154320987654321 0.0078125 0.5241126543209876 0.021050347222222224 0.5256558641975309 0.016927083333333332 0.5428240740740741 0.018880208333333332 0.5503472222222222 0.015190972222222222 0.5505401234567902 0.008680555555555556 0.5445601851851852 0 0.5474537037037037 0 0.5119598765432098
1 0.03689236111111111 0.41454475308641975 0.038628472222222224 0.41512345679012347 0.037760416666666664 0.4234182098765432 0.039713541666666664 0.4288194444444444 0.03797743055555555 0.43132716049382713 0.023220486111111112 0.42920524691358025 0.018229166666666668 0.421875 0.018663194444444444 0.4182098765432099 0.029296875 0.4216820987654321 0.036675347222222224 0.41454475308641975
1 0.2877604166666667 0.2777777777777778 0.2899305555555556 0.2789351851851852 0.2901475694444444 0.2945601851851852 0.2970920138888889 0.3003472222222222 0.2907986111111111 0.3020833333333333 0.2834201388888889 0.30767746913580246 0.2710503472222222 0.3020833333333333 0.2688802083333333 0.29301697530864196 0.2760416666666667 0.2804783950617284 0.2875434027777778 0.2777777777777778
1 0.2690972222222222 0.1412037037037037 0.2721354166666667 0.1550925925925926 0.2660590277777778 0.1566358024691358 0.2601996527777778 0.15470679012345678 0.2621527777777778 0.14718364197530864 0.2669270833333333 0.14544753086419754 0.2690972222222222 0.1413966049382716
1 0.5470920138888888 0.046875 0.5553385416666666 0.050347222222222224 0.5577256944444444 0.0628858024691358 0.5549045138888888 0.06462191358024691 0.5436197916666666 0.0623070987654321 0.5434027777777778 0.051118827160493825 0.546875 0.046875
1 0.443359375 0.060570987654320986 0.4505208333333333 0.07465277777777778 0.44921875 0.0785108024691358 0.4429253472222222 0.08063271604938271 0.4364149305555556 0.0779320987654321 0.4344618055555556 0.06712962962962964 0.4381510416666667 0.06076388888888889 0.4431423611111111 0.060570987654320986
1 0.390625 0.05844907407407408 0.3960503472222222 0.060570987654320986 0.4001736111111111 0.07156635802469136 0.3993055555555556 0.078125 0.3930121527777778 0.0775462962962963 0.3904079861111111 0.07195216049382716 0.390625 0.05864197530864197
1 0.24131944444444445 0.1417824074074074 0.2534722222222222 0.14930555555555555 0.2571614583333333 0.1556712962962963 0.24153645833333334 0.1548996913580247 0.24110243055555555 0.1419753086419753
1 0.3459201388888889 0.07175925925925926 0.3504774305555556 0.07465277777777778 0.3515625 0.08082561728395062 0.3487413194444444 0.08468364197530864 0.341796875 0.08719135802469136 0.3309461805555556 0.08468364197530864 0.3389756944444444 0.07426697530864197 0.345703125 0.07175925925925926
1 0.05056423611111111 0.3582175925925926 0.06380208333333333 0.36959876543209874 0.06228298611111111 0.38078703703703703 0.05577256944444445 0.38387345679012347 0.035807291666666664 0.3802083333333333 0.039713541666666664 0.3802083333333333 0.04318576388888889 0.3740354938271605 0.050347222222222224 0.3732638888888889 0.045355902777777776 0.3628472222222222 0.050347222222222224 0.3582175925925926
1 0 0.41628086419753085 0.005642361111111111 0.4195601851851852 0.010850694444444444 0.4270833333333333 0.009982638888888888 0.4288194444444444 0 0.4270833333333333 0 0.41647376543209874
1 0.8159722222222222 0.03375771604938271 0.8307291666666666 0.03973765432098766 0.8294270833333334 0.04764660493827161 0.8250868055555556 0.04996141975308642 0.8053385416666666 0.0466820987654321 0.8070746527777778 0.038580246913580245 0.8157552083333334 0.03375771604938271
1 0.2322048611111111 0.2665895061728395 0.2378472222222222 0.2690972222222222 0.2404513888888889 0.279320987654321 0.2380642361111111 0.2810570987654321 0.2230902777777778 0.279320987654321 0.22743055555555555 0.26697530864197533 0.2319878472222222 0.2665895061728395
1 0.029296875 0.3566743827160494 0.036458333333333336 0.36323302469135804 0.042317708333333336 0.3800154320987654 0.03624131944444445 0.3836805555555556 0.029947916666666668 0.3786651234567901 0.016493055555555556 0.38040123456790126 0.010199652777777778 0.3767361111111111 0.010199652777777778 0.37114197530864196 0.029079861111111112 0.3568672839506173
1 0.015842013888888888 0.33738425925925924 0.019097222222222224 0.33834876543209874 0.030598958333333332 0.3557098765432099 0.030381944444444444 0.3591820987654321 0.026041666666666668 0.36072530864197533 0 0.3586033950617284 0 0.3445216049382716 0.005859375 0.3443287037037037 0.010416666666666666 0.33815586419753085 0.015625 0.33738425925925924
1 0.7771267361111112 0.020833333333333332 0.7801649305555556 0.022183641975308643 0.7825520833333334 0.029899691358024692 0.7805989583333334 0.036458333333333336 0.7762586805555556 0.03973765432098766 0.7569444444444444 0.037037037037037035 0.7530381944444444 0.029320987654320986 0.7543402777777778 0.02488425925925926 0.7584635416666666 0.022376543209876542 0.7769097222222222 0.020833333333333332
1 0.7180989583333334 0.019675925925925927 0.7235243055555556 0.02141203703703704 0.7272135416666666 0.027777777777777776 0.7263454861111112 0.033950617283950615 0.7211371527777778 0.036265432098765434 0.7135416666666666 0.034915123456790126 0.7087673611111112 0.025848765432098766 0.7098524305555556 0.02044753086419753 0.7178819444444444 0.019675925925925927
1 0.4887152777777778 0.03279320987654321 0.4939236111111111 0.036265432098765434 0.49609375 0.04301697530864197 0.4952256944444444 0.05015432098765432 0.4915364583333333 0.05227623456790124 0.4878472222222222 0.051890432098765434 0.4858940972222222 0.047453703703703706 0.486328125 0.03587962962962963 0.4884982638888889 0.03279320987654321
1 0.4739583333333333 0.03202160493827161 0.48046875 0.03433641975308642 0.4822048611111111 0.037037037037037035 0.4819878472222222 0.04456018518518518 0.4780815972222222 0.04841820987654321 0.4598524305555556 0.04359567901234568 0.4461805555555556 0.03298611111111111 0.4496527777777778 0.03202160493827161 0.4602864583333333 0.036265432098765434 0.4672309027777778 0.03260030864197531 0.4737413194444444 0.03202160493827161
1 0.1579861111111111 0.029899691358024692 0.16796875 0.03298611111111111 0.16861979166666666 0.03973765432098766 0.16536458333333334 0.04822530864197531 0.1616753472222222 0.050540123456790126 0.15147569444444445 0.04976851851851852 0.14366319444444445 0.04398148148148148 0.1382378472222222 0.036458333333333336 0.1404079861111111 0.031635802469135804 0.1577690972222222 0.03009259259259259
1 0.9411892361111112 0.3325617283950617 0.9407552083333334 0.33989197530864196 0.9411892361111112 0.3422067901234568 0.9427083333333334 0.3439429012345679 0.9520399305555556 0.3414351851851852 0.9565972222222222 0.341820987654321 0.9609375 0.3385416666666667 0.9594184027777778 0.33487654320987653 0.9609375 0.328125 0.9598524305555556 0.326195987654321 0.9529079861111112 0.3254243827160494 0.9496527777777778 0.3271604938271605 0.9427083333333334 0.3263888888888889