1 0.81640625 0.9778163580246914 0.8216145833333334 0.9803240740740741 0.8211805555555556 0.9855324074074074 0.8177083333333334 0.9876543209876543 0.8068576388888888 0.9872685185185185 0.8046875 0.984375 0.8068576388888888 0.9791666666666666 0.8161892361111112 0.9778163580246914
1 0.6345486111111112 0.9054783950617284 0.6436631944444444 0.9091435185185185 0.6501736111111112 0.9149305555555556 0.6536458333333334 0.921875 0.6460503472222222 0.9255401234567902 0.6404079861111112 0.9230324074074074 0.6297743055555556 0.9241898148148148 0.6182725694444444 0.9216820987654321 0.6174045138888888 0.9149305555555556 0.623046875 0.9068287037037037 0.6343315972222222 0.9054783950617284
1 0.560546875 0.9604552469135802 0.5627170138888888 0.9702932098765432 0.5603298611111112 0.9737654320987654 0.5505642361111112 0.9766589506172839 0.5442708333333334 0.9737654320987654 0.5425347222222222 0.9633487654320988 0.5464409722222222 0.9612268518518519 0.5603298611111112 0.9604552469135802
1 0.6219618055555556 0.7901234567901234 0.6280381944444444 0.793016975308642 0.6273871527777778 0.8001543209876543 0.6232638888888888 0.8024691358024691 0.6178385416666666 0.7934027777777778 0.6195746527777778 0.7899305555555556 0.6217447916666666 0.7901234567901234
1 0.4529079861111111 0.9618055555555556 0.4585503472222222 0.9637345679012346 0.4609375 0.9693287037037037 0.4563802083333333 0.982445987654321 0.4520399305555556 0.9836033950617284 0.4500868055555556 0.9702932098765432 0.4529079861111111 0.9619984567901234
1 0.4442274305555556 0.9577546296296297 0.4529079861111111 0.9600694444444444 0.4548611111111111 0.9635416666666666 0.44921875 0.9714506172839507 0.4437934027777778 0.972608024691358 0.4333767361111111 0.9701003086419753 0.4403211805555556 0.9662422839506173 0.4390190972222222 0.9587191358024691 0.4440104166666667 0.9577546296296297
1 0.8107638888888888 0.6120756172839507 0.8279079861111112 0.6136188271604939 0.8348524305555556 0.6284722222222222 0.8279079861111112 0.6286651234567902 0.8216145833333334 0.6242283950617284 0.8107638888888888 0.6244212962962963 0.8068576388888888 0.6165123456790124 0.8077256944444444 0.6128472222222222 0.810546875 0.6122685185185185
1 0.5243055555555556 0.7864583333333334 0.5217013888888888 0.7829861111111112 0.5230034722222222 0.7721836419753086 0.5325520833333334 0.7615740740740741 0.5390625 0.7608024691358025 0.5440538194444444 0.7690972222222222 0.5405815972222222 0.7874228395061729 0.5360243055555556 0.7891589506172839 0.5245225694444444 0.7864583333333334
1 0.3359375 0.9608410493827161 0.3411458333333333 0.966820987654321 0.3411458333333333 0.9704861111111112 0.3322482638888889 0.9729938271604939 0.3209635416666667 0.9710648148148148 0.322265625 0.9633487654320988 0.3357204861111111 0.9608410493827161
1 0.2619357638888889 0.9523533950617284 0.2654079861111111 0.9592978395061729 0.2723524305555556 0.9552469135802469 0.2749565972222222 0.956983024691358 0.2799479166666667 0.9704861111111112 0.2725694444444444 0.9755015432098766 0.2682291666666667 0.9677854938271605 0.2599826388888889 0.964891975308642 0.2595486111111111 0.9554398148148148 0.26171875 0.9525462962962963
1 0.3142361111111111 0.8285108024691358 0.3174913194444444 0.8296682098765432 0.3244357638888889 0.8408564814814815 0.3218315972222222 0.8487654320987654 0.3177083333333333 0.8514660493827161 0.3068576388888889 0.8514660493827161 0.3014322916666667 0.8487654320987654 0.3038194444444444 0.8420138888888888 0.3142361111111111 0.8287037037037037
1 0.19270833333333334 0.8892746913580247 0.220703125 0.8942901234567902 0.22178819444444445 0.8979552469135802 0.21940104166666666 0.9041280864197531 0.20963541666666666 0.9079861111111112 0.2016059027777778 0.9077932098765432 0.1957465277777778 0.9045138888888888 0.1955295138888889 0.8973765432098766 0.19053819444444445 0.890625 0.19249131944444445 0.8892746913580247
1 0.10243055555555555 0.9758873456790124 0.1072048611111111 0.9801311728395061 0.10655381944444445 0.9949845679012346 0.10221354166666667 0.9924768518518519 0.09874131944444445 0.9866898148148148 0.09874131944444445 0.9791666666666666 0.10221354166666667 0.9760802469135802
1 0.9461805555555556 0.5979938271604939 0.9537760416666666 0.6032021604938271 0.9633246527777778 0.6145833333333334 0.962890625 0.6176697530864198 0.9563802083333334 0.6184413580246914 0.953125 0.6217206790123457 0.939453125 0.6134259259259259 0.9359809027777778 0.6087962962962963 0.9353298611111112 0.605516975308642 0.9390190972222222 0.5993441358024691 0.9459635416666666 0.5979938271604939
1 0.6927083333333334 0.5806327160493827 0.7048611111111112 0.5881558641975309 0.7003038194444444 0.5931712962962963 0.6994357638888888 0.5989583333333334 0.6859809027777778 0.5974151234567902 0.6775173611111112 0.5914351851851852 0.6788194444444444 0.5831404320987654 0.6924913194444444 0.5806327160493827
1 0.5785590277777778 0.6018518518518519 0.5900607638888888 0.6032021604938271 0.5946180555555556 0.6111111111111112 0.591796875 0.6122685185185185 0.5844184027777778 0.6101466049382716 0.578125 0.6215277777777778 0.5748697916666666 0.6136188271604939 0.5674913194444444 0.6095679012345679 0.5657552083333334 0.6024305555555556 0.5783420138888888 0.6018518518518519
1 0.4127604166666667 0.6826774691358025 0.03125 0.019290123456790122
1 0.3352864583333333 0.7025462962962963 0.3563368055555556 0.703125 0.3615451388888889 0.7064043209876543 0.3617621527777778 0.7098765432098766 0.359375 0.7112268518518519 0.3528645833333333 0.7085262345679012 0.3485243055555556 0.7100694444444444 0.3502604166666667 0.7164351851851852 0.3487413194444444 0.7185570987654321 0.3383246527777778 0.7189429012345679 0.3250868055555556 0.7170138888888888 0.3292100694444444 0.7102623456790124 0.3294270833333333 0.7040895061728395 0.3350694444444444 0.7025462962962963
1 0.3211805555555556 0.7019675925925926 0.3302951388888889 0.7029320987654321 0.3289930555555556 0.7062114197530864 0.3109809027777778 0.7137345679012346 0.3103298611111111 0.7100694444444444 0.3142361111111111 0.7037037037037037 0.3209635416666667 0.7019675925925926
1 0.3489583333333333 0.6564429012345679 0.3506944444444444 0.6577932098765432 0.349609375 0.6651234567901234 0.3556857638888889 0.6749614197530864 0.3537326388888889 0.6803626543209876 0.3285590277777778 0.6822916666666666 0.3203125 0.671875 0.3211805555555556 0.6676311728395061 0.33984375 0.6674382716049383 0.3487413194444444 0.6566358024691358
1 0.2936197916666667 0.6579861111111112 0.3009982638888889 0.6612654320987654 0.3020833333333333 0.6666666666666666 0.310546875 0.6722608024691358 0.3127170138888889 0.6792052469135802 0.3107638888888889 0.6819058641975309 0.2981770833333333 0.6815200617283951 0.2934027777777778 0.6838348765432098 0.2897135416666667 0.6822916666666666 0.2814670138888889 0.671875 0.2827690972222222 0.6676311728395061 0.291015625 0.6682098765432098 0.2907986111111111 0.6593364197530864 0.2934027777777778 0.6579861111111112
1 0.20638020833333334 0.6780478395061729 0.21006944444444445 0.6803626543209876 0.21028645833333334 0.6857638888888888 0.203125 0.6961805555555556 0.1996527777777778 0.6969521604938271 0.1931423611111111 0.685570987654321 0.2007378472222222 0.6788194444444444 0.20616319444444445 0.6780478395061729
1 0.1404079861111111 0.6626157407407407 0.13997395833333334 0.6684027777777778 0.14713541666666666 0.6711033950617284 0.14756944444444445 0.6822916666666666 0.13411458333333334 0.6867283950617284 0.123046875 0.6865354938271605 0.11197916666666667 0.671875 0.11263020833333333 0.6687885802469136 0.11957465277777778 0.6716820987654321 0.12413194444444445 0.6711033950617284 0.1265190972222222 0.6637731481481481 0.13389756944444445 0.6660879629629629 0.1401909722222222 0.6628086419753086
1 0.9427083333333334 0.35397376543209874 0.9611545138888888 0.3589891975308642 0.9650607638888888 0.3630401234567901 0.9654947916666666 0.36940586419753085 0.9429253472222222 0.3611111111111111 0.9424913194444444 0.3541666666666667
1 0.9331597222222222 0.35358796296296297 0.9364149305555556 0.3549382716049383 0.9366319444444444 0.359375 0.92578125 0.37210648148148145 0.921875 0.3705632716049383 0.9201388888888888 0.36574074074074076 0.927734375 0.3559027777777778 0.9329427083333334 0.35358796296296297
1 0.9453125 0.32330246913580246 0.9496527777777778 0.326195987654321 0.9598524305555556 0.32600308641975306 0.9607204861111112 0.328125 0.9565972222222222 0.33198302469135804 0.9513888888888888 0.33101851851851855 0.9427083333333334 0.3447145061728395 0.9398871527777778 0.3395061728395062 0.9401041666666666 0.3283179012345679 0.9416232638888888 0.3236882716049383 0.9450954861111112 0.32330246913580246
1 0.5479600694444444 0.357445987654321 0.5533854166666666 0.3697916666666667 0.5442708333333334 0.38040123456790126 0.5399305555555556 0.38155864197530864 0.5358072916666666 0.373070987654321 0.5438368055555556 0.3591820987654321 0.5477430555555556 0.357445987654321
1 0.4116753472222222 0.3697916666666667 0.4290364583333333 0.37789351851851855 0.4322916666666667 0.38175154320987653 0.4301215277777778 0.3869598765432099 0.4184027777777778 0.3900462962962963 0.40234375 0.3836805555555556 0.4088541666666667 0.3786651234567901 0.4084201388888889 0.3715277777777778 0.4114583333333333 0.3697916666666667
1 0.5362413194444444 0.20158179012345678 0.54296875 0.21334876543209877 0.5314670138888888 0.21334876543209877 0.5338541666666666 0.203125 0.5360243055555556 0.2017746913580247
1 0.4507378472222222 0.22299382716049382 0.4568142361111111 0.22665895061728394 0.4585503472222222 0.2309027777777778 0.4463975694444444 0.24614197530864199 0.4424913194444444 0.24093364197530864 0.4392361111111111 0.24382716049382716 0.4379340277777778 0.24209104938271606 0.4353298611111111 0.22743055555555555 0.4505208333333333 0.22299382716049382
1 0.4841579861111111 0.19193672839506173 0.4919704861111111 0.2027391975308642 0.4930555555555556 0.21315586419753085 0.46875 0.21354166666666666 0.4689670138888889 0.20833333333333334 0.4754774305555556 0.2042824074074074 0.48046875 0.19367283950617284 0.4839409722222222 0.19212962962962962
1 0.443359375 0.2025462962962963 0.4485677083333333 0.20987654320987653 0.4461805555555556 0.21431327160493827 0.4357638888888889 0.21334876543209877 0.4431423611111111 0.2025462962962963
1 0.9997829861111112 0.13097993827160495 0.9997829861111112 0.15914351851851852 0.9952256944444444 0.16030092592592593 0.9815538194444444 0.1548996913580247 0.9704861111111112 0.1550925925925926 0.9696180555555556 0.15027006172839505 0.9739583333333334 0.1431327160493827 0.9809027777777778 0.1417824074074074 0.9911024305555556 0.13348765432098766 0.9995659722222222 0.13097993827160495
1 0.5588107638888888 0.16493055555555555 0.5581597222222222 0.17843364197530864 0.55078125 0.18460648148148148 0.54296875 0.18287037037037038 0.5399305555555556 0.17920524691358025 0.5390625 0.16820987654320987 0.5427517361111112 0.16782407407407407 0.5470920138888888 0.1714891975308642 0.5538194444444444 0.16493055555555555 0.55859375 0.16493055555555555
1 0.5223524305555556 0.15991512345679013 0.5260416666666666 0.1722608024691358 0.5256076388888888 0.17978395061728394 0.5219184027777778 0.18209876543209877 0.5151909722222222 0.18229166666666666 0.5071614583333334 0.1753472222222222 0.5086805555555556 0.16956018518518517 0.5162760416666666 0.16743827160493827 0.5221354166666666 0.16010802469135801
1 0.4780815972222222 0.1720679012345679 0.4861111111111111 0.17476851851851852 0.4878472222222222 0.17862654320987653 0.4848090277777778 0.18595679012345678 0.4811197916666667 0.1878858024691358 0.4709201388888889 0.18595679012345678 0.4672309027777778 0.17901234567901234 0.4698350694444444 0.1732253086419753 0.4778645833333333 0.1720679012345679
1 0.4919704861111111 0.16280864197530864 0.5049913194444444 0.16377314814814814 0.51171875 0.16820987654320987 0.5084635416666666 0.17611882716049382 0.4919704861111111 0.17824074074074073 0.4878472222222222 0.17611882716049382 0.4861111111111111 0.1722608024691358 0.4871961805555556 0.16454475308641975 0.4917534722222222 0.16280864197530864
1 0.462890625 0.16396604938271606 0.4709201388888889 0.171875 0.4600694444444444 0.18267746913580246 0.4513888888888889 0.17862654320987653 0.4500868055555556 0.1714891975308642 0.4565972222222222 0.16550925925925927 0.4626736111111111 0.16396604938271606
1 0.4357638888888889 0.1714891975308642 0.4431423611111111 0.17515432098765432 0.4457465277777778 0.18209876543209877 0.4361979166666667 0.1865354938271605 0.4322916666666667 0.19174382716049382 0.4270833333333333 0.18518518518518517 0.4173177083333333 0.17843364197530864 0.4214409722222222 0.171875 0.435546875 0.1714891975308642
1 0.5796440972222222 0.09799382716049383 0.5796440972222222 0.10416666666666667 0.5720486111111112 0.10648148148148148 0.5659722222222222 0.10570987654320987 0.5653211805555556 0.10243055555555555 0.5794270833333334 0.09799382716049383
1 0.4118923611111111 0.16396604938271606 0.4184027777777778 0.16608796296296297 0.4203559027777778 0.17496141975308643 0.4153645833333333 0.18229166666666666 0.4045138888888889 0.1861496913580247 0.4006076388888889 0.17515432098765432 0.4079861111111111 0.16473765432098766 0.4116753472222222 0.16396604938271606
1 0.5575086805555556 0.09895833333333333 0.5640190972222222 0.10223765432098765 0.5622829861111112 0.10590277777777778 0.5536024305555556 0.10551697530864197 0.5501302083333334 0.10243055555555555 0.5572916666666666 0.09895833333333333
1 0.6440972222222222 0.05652006172839506 0.6458333333333334 0.06346450617283951 0.6440972222222222 0.06809413580246913 0.6328125 0.06751543209876543 0.6336805555555556 0.05709876543209876 0.6380208333333334 0.057291666666666664 0.6404079861111112 0.06018518518518518 0.6438802083333334 0.05652006172839506
1 0.4581163194444444 0.11284722222222222 0.4631076388888889 0.11496913580246913 0.4661458333333333 0.11959876543209877 0.4637586805555556 0.12982253086419754 0.4494357638888889 0.12808641975308643 0.443359375 0.13040123456790123 0.4392361111111111 0.13001543209876543 0.4437934027777778 0.1255787037037037 0.4463975694444444 0.11535493827160494 0.4578993055555556 0.11284722222222222
1 0.546875 0.06385030864197531 0.5470920138888888 0.07098765432098765 0.5509982638888888 0.078125 0.5503472222222222 0.08391203703703703 0.5470920138888888 0.08641975308641975 0.5399305555555556 0.08564814814814815 0.5327690972222222 0.0783179012345679 0.5347222222222222 0.07118055555555555 0.5466579861111112 0.06385030864197531
1 0.026258680555555556 0.7798996913580247 0.038628472222222224 0.7899305555555556 0.009982638888888888 0.7945601851851852 0.008246527777777778 0.7937885802469136 0.009548611111111112 0.7895447530864198 0.026041666666666668 0.7798996913580247
1 0.2931857638888889 0.4581404320987654 0.2934027777777778 0.47415123456790126 0.2897135416666667 0.47878086419753085 0.2782118055555556 0.48148148148148145 0.2760416666666667 0.48996913580246915 0.2725694444444444 0.4880401234567901 0.2697482638888889 0.47415123456790126 0.2708333333333333 0.4670138888888889 0.2764756944444444 0.46026234567901236 0.29296875 0.4581404320987654
1 0.2309027777777778 0.42804783950617287 0.24153645833333334 0.4425154320987654 0.24110243055555555 0.44560185185185186 0.22960069444444445 0.44463734567901236 0.2309027777777778 0.42824074074074076
1 0.14735243055555555 0.4583333333333333 0.1460503472222222 0.4675925925925926 0.1484375 0.47511574074074076 0.1404079861111111 0.4737654320987654 0.1369357638888889 0.47685185185185186 0.13020833333333334 0.47357253086419754 0.1267361111111111 0.4670138888888889 0.11610243055555555 0.4697145061728395 0.1193576388888889 0.46585648148148145 0.12565104166666666 0.4662422839506173 0.134765625 0.45987654320987653 0.14713541666666666 0.4583333333333333
1 0.18641493055555555 0.37210648148148145 0.19249131944444445 0.3765432098765432 0.2085503472222222 0.3802083333333333 0.2094184027777778 0.3836805555555556 0.20703125 0.38676697530864196 0.19639756944444445 0.3939043209876543 0.193359375 0.3879243827160494 0.1755642361111111 0.37982253086419754 0.1753472222222222 0.37635030864197533 0.18229166666666666 0.3755787037037037 0.18619791666666666 0.37210648148148145
1 0.12000868055555555 0.44155092592592593 0.13780381944444445 0.45852623456790126 0.1482204861111111 0.45949074074074076 0.14583333333333334 0.466820987654321 0.14778645833333334 0.47588734567901236 0.1404079861111111 0.47357253086419754 0.1371527777777778 0.47646604938271603 0.13346354166666666 0.47608024691358025 0.1267361111111111 0.4675925925925926 0.11610243055555555 0.4712577160493827 0.11870659722222222 0.45968364197530864 0.11371527777777778 0.44598765432098764 0.11979166666666667 0.44155092592592593
1 0.1213107638888889 0.44155092592592593 0.13389756944444445 0.4567901234567901 0.1273871527777778 0.46392746913580246 0.12000868055555555 0.4675925925925926 0.11328125 0.44598765432098764 0.12109375 0.44155092592592593
1 0.14756944444444445 0.36593364197530864 0.15494791666666666 0.37287808641975306 0.158203125 0.3800154320987654 0.15516493055555555 0.38406635802469136 0.14930555555555555 0.38599537037037035 0.1427951388888889 0.3846450617283951 0.1388888888888889 0.37712191358024694 0.14192708333333334 0.3663194444444444 0.14735243055555555 0.36593364197530864
1 0.08897569444444445 0.36612654320987653 0.1056857638888889 0.3742283950617284 0.10633680555555555 0.38175154320987653 0.10264756944444445 0.3846450617283951 0.09288194444444445 0.38348765432098764 0.08832465277777778 0.3800154320987654 0.08875868055555555 0.36612654320987653
1 0.07486979166666667 0.36593364197530864 0.0857204861111111 0.36824845679012347 0.08745659722222222 0.3802083333333333 0.0837673611111111 0.38329475308641975 0.07530381944444445 0.3802083333333333 0.07465277777777778 0.36593364197530864
1 0 0.511766975308642 0.004774305555555556 0.5138888888888888 0.007595486111111111 0.5239197530864198 0.019314236111111112 0.5243055555555556 0.021701388888888888 0.5260416666666666 0.016710069444444444 0.543016975308642 0.018880208333333332 0.5503472222222222 0.008897569444444444 0.5443672839506173 0 0.5478395061728395 0 0.5119598765432098
1 0.038628472222222224 0.41512345679012347 0.03927951388888889 0.4288194444444444 0.03689236111111111 0.43132716049382713 0.022786458333333332 0.42901234567901236 0.018012152777777776 0.4184027777777778 0.022786458333333332 0.41801697530864196 0.029730902777777776 0.4214891975308642 0.038411458333333336 0.41512345679012347
1 0.4704861111111111 0.07098765432098765 0.4739583333333333 0.07233796296296297 0.4806857638888889 0.08140432098765432 0.4780815972222222 0.08834876543209877 0.4737413194444444 0.08854166666666667 0.4698350694444444 0.08352623456790123 0.4678819444444444 0.07426697530864197 0.4702690972222222 0.07118055555555555
1 0.2914496527777778 0.27912808641975306 0.2901475694444444 0.29301697530864196 0.296875 0.3003472222222222 0.2829861111111111 0.30574845679012347 0.2723524305555556 0.3038194444444444 0.2690972222222222 0.2991898148148148 0.2686631944444444 0.29282407407407407 0.2762586805555556 0.2800925925925926 0.2884114583333333 0.2777777777777778 0.2912326388888889 0.27912808641975306
1 0.2400173611111111 0.26350308641975306 0.2406684027777778 0.2795138888888889 0.2380642361111111 0.2808641975308642 0.22395833333333334 0.2797067901234568 0.22374131944444445 0.27584876543209874 0.22743055555555555 0.2663966049382716 0.2398003472222222 0.26350308641975306
1 0.2668185763888889 0.15104166666666666 0.012369791666666666 0.011959876543209876
1 0.5438368055555556 0.0466820987654321 0.5553385416666666 0.04938271604938271 0.5579427083333334 0.06385030864197531 0.5529513888888888 0.06500771604938271 0.5444878472222222 0.0630787037037037 0.5438368055555556 0.046875
1 0.4424913194444444 0.05999228395061729 0.4498697916666667 0.07118055555555555 0.4494357638888889 0.0783179012345679 0.4403211805555556 0.08043981481481481 0.435546875 0.07619598765432099 0.4348958333333333 0.0642361111111111 0.4422743055555556 0.06018518518518518
1 0.24110243055555555 0.14216820987654322 0.2578125 0.15432098765432098 0.2552083333333333 0.1568287037037037 0.24088541666666666 0.15470679012345678 0.24110243055555555 0.1423611111111111
1 0.390625 0.058256172839506175 0.3960503472222222 0.06076388888888889 0.400390625 0.07330246913580248 0.3988715277777778 0.0785108024691358 0.3930121527777778 0.0779320987654321 0.3901909722222222 0.07060185185185185 0.390625 0.05844907407407408
1 0.3461371527777778 0.07175925925925926 0.3519965277777778 0.0777391975308642 0.3517795138888889 0.08140432098765432 0.3485243055555556 0.08487654320987655 0.3413628472222222 0.08719135802469136 0.3313802083333333 0.08545524691358025 0.3315972222222222 0.08159722222222222 0.3387586805555556 0.07445987654320987 0.3459201388888889 0.07175925925925926
1 0 0.41550925925925924 0.009982638888888888 0.4251543209876543 0.009982638888888888 0.42862654320987653 0 0.42746913580246915 0 0.41570216049382713
1 0.7209201388888888 0.020640432098765434 0.7263454861111112 0.029513888888888888 0.7239583333333334 0.03665123456790124 0.7135416666666666 0.03452932098765432 0.7081163194444444 0.025270061728395063 0.7098524305555556 0.020640432098765434 0.720703125 0.020640432098765434
1 0.4911024305555556 0.03298611111111111 0.4945746527777778 0.04128086419753087 0.4932725694444444 0.05169753086419753 0.4876302083333333 0.052083333333333336 0.4854600694444444 0.046875 0.4876302083333333 0.03375771604938271 0.4908854166666667 0.033179012345679014
1 0.4685329861111111 0.030671296296296297 0.4774305555555556 0.032214506172839504 0.4828559027777778 0.036265432098765434 0.4822048611111111 0.04456018518518518 0.4778645833333333 0.04861111111111111 0.4704861111111111 0.046875 0.4622395833333333 0.041666666666666664 0.4626736111111111 0.033179012345679014 0.4683159722222222 0.030671296296296297
1 0.052300347222222224 0.3589891975308642 0.06163194444444445 0.36766975308641975 0.0625 0.3765432098765432 0.05859375 0.3836805555555556 0.04405381944444445 0.3871527777777778 0.03993055555555555 0.38676697530864196 0.03146701388888889 0.3794367283950617 0.030164930555555556 0.3748070987654321 0.03233506944444445 0.3628472222222222 0.052083333333333336 0.3589891975308642
1 0.1618923611111111 0.029513888888888888 0.16883680555555555 0.03607253086419753 0.1684027777777778 0.04359567901234568 0.16145833333333334 0.05015432098765432 0.15494791666666666 0.052083333333333336 0.14973958333333334 0.05073302469135803 0.13997395833333334 0.03973765432098766 0.138671875 0.03298611111111111 0.1527777777777778 0.029128086419753087 0.1616753472222222 0.029513888888888888
1 0.7779947916666666 0.8657407407407407 0.7840711805555556 0.8732638888888888 0.7840711805555556 0.8765432098765432 0.7795138888888888 0.8761574074074074 0.7758246527777778 0.8794367283950617 0.7736545138888888 0.8728780864197531 0.7677951388888888 0.8663194444444444 0.7777777777777778 0.8657407407407407
1 0.4735243055555556 0.1396604938271605 0.47265625 0.1404320987654321 0.47265625 0.14467592592592593 0.4741753472222222 0.14853395061728394 0.48828125 0.14911265432098766 0.4924045138888889 0.14969135802469136 0.4945746527777778 0.15104166666666666 0.498046875 0.15104166666666666 0.4997829861111111 0.14949845679012347 0.5015190972222222 0.14891975308641975 0.5049913194444444 0.14930555555555555 0.5054253472222222 0.14834104938271606 0.5049913194444444 0.14467592592592593 0.5015190972222222 0.14544753086419754
1 0.007161458333333333 0.37094907407407407 0.007161458333333333 0.38059413580246915 0.008463541666666666 0.38252314814814814 0.011284722222222222 0.38155864197530864 0.018663194444444444 0.38136574074074076 0.023003472222222224 0.3800154320987654 0.023871527777777776 0.36959876543209874 0.022352430555555556 0.36574074074074076 0.018880208333333332 0.36400462962962965 0.008897569444444444 0.36651234567901236
1 0.11176215277777778 0.9494598765432098 0.1115451388888889 0.9565972222222222 0.1150173611111111 0.9621913580246914 0.1208767361111111 0.9675925925925926 0.12391493055555555 0.9681712962962963 0.12608506944444445 0.9673996913580247 0.1271701388888889 0.9652777777777778 0.12760416666666666 0.9587191358024691 0.12760416666666666 0.9542824074074074 0.1267361111111111 0.9517746913580247 0.123046875 0.9496527777777778 0.11284722222222222 0.9481095679012346
1 0.1677517361111111 0.9207175925925926 0.16731770833333334 0.9253472222222222 0.16796875 0.9270833333333334 0.1716579861111111 0.9270833333333334 0.1755642361111111 0.921875 0.17513020833333334 0.9209104938271605 0.1723090277777778 0.919945987654321
1 0.1401909722222222 0.9697145061728395 0.1388888888888889 0.9704861111111112 0.1427951388888889 0.9756944444444444 0.14453125 0.9764660493827161 0.14735243055555555 0.9739583333333334 0.1460503472222222 0.970679012345679 0.1440972222222222 0.9697145061728395