1 0.8190104166666666 0.9782021604938271 0.8211805555555556 0.9797453703703703 0.8211805555555556 0.9855324074074074 0.8177083333333334 0.9874614197530864 0.8140190972222222 0.9855324074074074 0.8044704861111112 0.9868827160493827 0.8020833333333334 0.9810956790123457 0.8187934027777778 0.9782021604938271
1 0.7790798611111112 0.8655478395061729 0.7836371527777778 0.873070987654321 0.7814670138888888 0.8757716049382716 0.7769097222222222 0.8744212962962963 0.7684461805555556 0.8665123456790124 0.7788628472222222 0.8655478395061729
1 0.8040364583333334 0.7908950617283951 0.80859375 0.7934027777777778 0.8072916666666666 0.8015046296296297 0.8038194444444444 0.798804012345679 0.8023003472222222 0.7934027777777778 0.8038194444444444 0.7908950617283951
1 0.6373697916666666 0.9054783950617284 0.6475694444444444 0.9120370370370371 0.6536458333333334 0.9216820987654321 0.6458333333333334 0.9255401234567902 0.6195746527777778 0.9232253086419753 0.6176215277777778 0.9212962962962963 0.6176215277777778 0.9149305555555556 0.6228298611111112 0.9077932098765432 0.6371527777777778 0.9054783950617284
1 0.5590277777777778 0.9608410493827161 0.5629340277777778 0.9641203703703703 0.5618489583333334 0.9718364197530864 0.5579427083333334 0.9747299382716049 0.5503472222222222 0.9760802469135802 0.5444878472222222 0.9737654320987654 0.5431857638888888 0.9625771604938271 0.5588107638888888 0.9608410493827161
1 0.6215277777777778 0.7910879629629629 0.6239149305555556 0.793016975308642 0.6232638888888888 0.8045910493827161 0.6169704861111112 0.8034336419753086 0.6156684027777778 0.8005401234567902 0.6154513888888888 0.7918595679012346 0.6213107638888888 0.7910879629629629
1 0.453125 0.9619984567901234 0.4605034722222222 0.9670138888888888 0.4555121527777778 0.982445987654321 0.4524739583333333 0.9839891975308642 0.4500868055555556 0.9810956790123457 0.4496527777777778 0.9702932098765432 0.4529079861111111 0.9621913580246914
1 0.4459635416666667 0.9583333333333334 0.4602864583333333 0.9664351851851852 0.4600694444444444 0.9731867283950617 0.4563802083333333 0.9810956790123457 0.4520399305555556 0.9832175925925926 0.4483506944444444 0.9737654320987654 0.4344618055555556 0.9702932098765432 0.4407552083333333 0.966820987654321 0.4411892361111111 0.9596836419753086 0.4457465277777778 0.9585262345679012
1 0.5642361111111112 0.7910879629629629 0.5709635416666666 0.7957175925925926 0.5713975694444444 0.8003472222222222 0.5640190972222222 0.8001543209876543 0.5583767361111112 0.7941743827160493 0.5596788194444444 0.7914737654320988 0.5640190972222222 0.7910879629629629
1 0.4466145833333333 0.9581404320987654 0.4539930555555556 0.9635416666666666 0.4496527777777778 0.9704861111111112 0.4450954861111111 0.972608024691358 0.43359375 0.9701003086419753 0.4401041666666667 0.9672067901234568 0.4403211805555556 0.9598765432098766 0.4463975694444444 0.9581404320987654
1 0.5640190972222222 0.7910879629629629 0.5711805555555556 0.7959104938271605 0.5713975694444444 0.8003472222222222 0.5640190972222222 0.8001543209876543 0.5577256944444444 0.7943672839506173 0.5590277777777778 0.7916666666666666 0.5638020833333334 0.7910879629629629
1 0.8138020833333334 0.6124614197530864 0.8296440972222222 0.6151620370370371 0.833984375 0.6267361111111112 0.83203125 0.6300154320987654 0.8276909722222222 0.6300154320987654 0.8211805555555556 0.6232638888888888 0.8114149305555556 0.6251929012345679 0.8081597222222222 0.6240354938271605 0.8072916666666666 0.6128472222222222 0.8135850694444444 0.6124614197530864
1 0.5360243055555556 0.7609953703703703 0.5397135416666666 0.7635030864197531 0.5442708333333334 0.7723765432098766 0.5405815972222222 0.7866512345679012 0.5364583333333334 0.7899305555555556 0.5260416666666666 0.7878086419753086 0.5219184027777778 0.7824074074074074 0.5225694444444444 0.7717978395061729 0.5321180555555556 0.7613811728395061 0.5358072916666666 0.7609953703703703
1 0.5099826388888888 0.7899305555555556 0.5264756944444444 0.7934027777777778 0.5234375 0.8003472222222222 0.5091145833333334 0.8022762345679012 0.4973958333333333 0.8003472222222222 0.5047743055555556 0.7903163580246914 0.509765625 0.7899305555555556
1 0.3361545138888889 0.9612268518518519 0.3396267361111111 0.9635416666666666 0.3413628472222222 0.9699074074074074 0.33203125 0.9743441358024691 0.3213975694444444 0.9708719135802469 0.3226996527777778 0.9639274691358025 0.3244357638888889 0.9621913580246914 0.3359375 0.9612268518518519
1 0.2619357638888889 0.9529320987654321 0.265625 0.9581404320987654 0.2723524305555556 0.9556327160493827 0.2760416666666667 0.9577546296296297 0.2805989583333333 0.9718364197530864 0.2725694444444444 0.9753086419753086 0.2686631944444444 0.9675925925925926 0.2606336805555556 0.9662422839506173 0.2591145833333333 0.9564043209876543 0.26171875 0.953125
1 0.3142361111111111 0.8292824074074074 0.3174913194444444 0.828125 0.3200954861111111 0.8358410493827161 0.3250868055555556 0.8414351851851852 0.3220486111111111 0.8487654320987654 0.3174913194444444 0.8510802469135802 0.3012152777777778 0.8489583333333334 0.3038194444444444 0.8414351851851852 0.3142361111111111 0.8294753086419753
1 0.20638020833333334 0.8912037037037037 0.2202690972222222 0.894483024691358 0.22157118055555555 0.8987268518518519 0.21940104166666666 0.904320987654321 0.2109375 0.9077932098765432 0.203125 0.9077932098765432 0.1976996527777778 0.9052854938271605 0.19618055555555555 0.9000771604938271 0.19032118055555555 0.8973765432098766 0.1890190972222222 0.8939043209876543 0.20616319444444445 0.8913966049382716
1 0.11371527777777778 0.9483024691358025 0.1267361111111111 0.951195987654321 0.126953125 0.9602623456790124 0.1232638888888889 0.9635416666666666 0.11089409722222222 0.9575617283950617 0.1111111111111111 0.9496527777777778 0.1134982638888889 0.9483024691358025
1 0.1032986111111111 0.9755015432098766 0.10785590277777778 0.9803240740740741 0.1056857638888889 0.9934413580246914 0.10221354166666667 0.9932484567901234 0.09830729166666667 0.9839891975308642 0.09874131944444445 0.9780092592592593 0.10308159722222222 0.9755015432098766
1 0.9457465277777778 0.5979938271604939 0.953125 0.6026234567901234 0.9622395833333334 0.6128472222222222 0.9631076388888888 0.6163194444444444 0.953125 0.621141975308642 0.9357638888888888 0.6091820987654321 0.9351128472222222 0.6057098765432098 0.9390190972222222 0.5995370370370371 0.9455295138888888 0.5979938271604939
1 0.9474826388888888 0.35378086419753085 0.9639756944444444 0.3618827160493827 0.9633246527777778 0.3690200617283951 0.9416232638888888 0.3599537037037037 0.9409722222222222 0.35358796296296297 0.947265625 0.35378086419753085
1 0.9357638888888888 0.35262345679012347 0.9368489583333334 0.359375 0.9253472222222222 0.3726851851851852 0.9203559027777778 0.3697916666666667 0.9216579861111112 0.36226851851851855 0.927734375 0.35551697530864196 0.935546875 0.35262345679012347
1 0.6927083333333334 0.5806327160493827 0.7055121527777778 0.5883487654320988 0.7007378472222222 0.5922067901234568 0.6996527777777778 0.5989583333333334 0.6861979166666666 0.5981867283950617 0.6781684027777778 0.5916280864197531 0.6790364583333334 0.5827546296296297 0.6924913194444444 0.5806327160493827
1 0.580078125 0.6020447530864198 0.5907118055555556 0.6037808641975309 0.5933159722222222 0.6101466049382716 0.5922309027777778 0.6122685185185185 0.5885416666666666 0.6122685185185185 0.5818142361111112 0.6078317901234568 0.5779079861111112 0.6084104938271605 0.5779079861111112 0.6165123456790124 0.5746527777777778 0.6161265432098766 0.5698784722222222 0.609375 0.5681423611111112 0.6024305555555556 0.5798611111111112 0.6020447530864198
1 0.4233940972222222 0.6749614197530864 0.4296875 0.6786265432098766 0.4266493055555556 0.6859567901234568 0.4103732638888889 0.6857638888888888 0.4010416666666667 0.689429012345679 0.3977864583333333 0.6890432098765432 0.3977864583333333 0.685570987654321 0.3917100694444444 0.6820987654320988 0.3932291666666667 0.6786265432098766 0.4231770833333333 0.6749614197530864
1 0.3355034722222222 0.7025462962962963 0.3552517361111111 0.7029320987654321 0.3606770833333333 0.7062114197530864 0.359375 0.7114197530864198 0.3524305555555556 0.7081404320987654 0.3478732638888889 0.7094907407407407 0.3487413194444444 0.7183641975308642 0.3357204861111111 0.7189429012345679 0.3248697916666667 0.7185570987654321 0.3237847222222222 0.7170138888888888 0.3296440972222222 0.7100694444444444 0.3307291666666667 0.7044753086419753 0.3352864583333333 0.7025462962962963
1 0.3211805555555556 0.7019675925925926 0.3292100694444444 0.7025462962962963 0.3283420138888889 0.7062114197530864 0.3114149305555556 0.7137345679012346 0.310546875 0.7098765432098766 0.3142361111111111 0.7035108024691358 0.3209635416666667 0.7019675925925926
1 0.3289930555555556 0.6658950617283951 0.3452690972222222 0.6678240740740741 0.3543836805555556 0.6716820987654321 0.3700086805555556 0.6817129629629629 0.3741319444444444 0.685570987654321 0.3732638888888889 0.6878858024691358 0.3602430555555556 0.6851851851851852 0.3556857638888889 0.6873070987654321 0.3413628472222222 0.6875 0.3279079861111111 0.6840277777777778 0.3196614583333333 0.668016975308642 0.3287760416666667 0.6658950617283951
1 0.2936197916666667 0.6587577160493827 0.3005642361111111 0.6612654320987654 0.3020833333333333 0.6668595679012346 0.3103298611111111 0.6720679012345679 0.3125 0.6778549382716049 0.3107638888888889 0.6820987654320988 0.2936197916666667 0.6838348765432098 0.2897135416666667 0.6826774691358025 0.2819010416666667 0.671875 0.2827690972222222 0.668016975308642 0.2894965277777778 0.6693672839506173 0.2916666666666667 0.668016975308642 0.2927517361111111 0.6647376543209876 0.2905815972222222 0.6604938271604939 0.2934027777777778 0.6587577160493827
1 0.20703125 0.6780478395061729 0.21028645833333334 0.6803626543209876 0.21006944444444445 0.6873070987654321 0.19639756944444445 0.6973379629629629 0.19249131944444445 0.6884645061728395 0.1996527777777778 0.6801697530864198 0.2068142361111111 0.6780478395061729
1 0.1130642361111111 0.9488811728395061 0.1265190972222222 0.9517746913580247 0.1267361111111111 0.9598765432098766 0.12456597222222222 0.9635416666666666 0.13151041666666666 0.9708719135802469 0.12586805555555555 0.9782021604938271 0.10850694444444445 0.9776234567901234 0.1056857638888889 0.9839891975308642 0.10243055555555555 0.9801311728395061 0.09895833333333333 0.9818672839506173 0.0993923611111111 0.9702932098765432 0.11089409722222222 0.956983024691358 0.11284722222222222 0.9488811728395061
1 0.1404079861111111 0.6628086419753086 0.13975694444444445 0.6684027777777778 0.1469184027777778 0.6714891975308642 0.1469184027777778 0.6820987654320988 0.1371527777777778 0.6875 0.126953125 0.6859567901234568 0.119140625 0.6819058641975309 0.11219618055555555 0.671875 0.11284722222222222 0.6695601851851852 0.12391493055555555 0.6711033950617284 0.1265190972222222 0.6633873456790124 0.13368055555555555 0.6664737654320988 0.1401909722222222 0.6630015432098766
1 0.5477430555555556 0.35725308641975306 0.552734375 0.3697916666666667 0.5447048611111112 0.3800154320987654 0.5407986111111112 0.38155864197530864 0.5379774305555556 0.3800154320987654 0.5358072916666666 0.37287808641975306 0.5438368055555556 0.3591820987654321 0.5475260416666666 0.35725308641975306
1 0.4140625 0.3705632716049383 0.4301215277777778 0.3786651234567901 0.4327256944444444 0.38310185185185186 0.4301215277777778 0.3869598765432099 0.4184027777777778 0.390625 0.4105902777777778 0.3854166666666667 0.4027777777777778 0.38348765432098764 0.4090711805555556 0.3782793209876543 0.4079861111111111 0.3705632716049383 0.4138454861111111 0.3705632716049383
1 0.2903645833333333 0.45852623456790126 0.2938368055555556 0.45987654320987653 0.2934027777777778 0.4739583333333333 0.2897135416666667 0.47878086419753085 0.2782118055555556 0.4816743827160494 0.2760416666666667 0.48996913580246915 0.2723524305555556 0.48746141975308643 0.2693142361111111 0.4739583333333333 0.2708333333333333 0.4672067901234568 0.2760416666666667 0.46103395061728397 0.2829861111111111 0.46199845679012347 0.2901475694444444 0.45852623456790126
1 0.2309027777777778 0.42824074074074076 0.2341579861111111 0.42997685185185186 0.24131944444444445 0.44232253086419754 0.2406684027777778 0.44560185185185186 0.23046875 0.44521604938271603 0.2309027777777778 0.42843364197530864
1 0.1857638888888889 0.3717206790123457 0.19270833333333334 0.3765432098765432 0.20638020833333334 0.3782793209876543 0.208984375 0.38271604938271603 0.20703125 0.38676697530864196 0.19596354166666666 0.3940972222222222 0.19444444444444445 0.3888888888888889 0.19075520833333334 0.38580246913580246 0.17578125 0.37982253086419754 0.1755642361111111 0.3765432098765432 0.18250868055555555 0.3759645061728395 0.185546875 0.37191358024691357
1 0.11979166666666667 0.4411651234567901 0.1382378472222222 0.4583333333333333 0.14756944444444445 0.45891203703703703 0.14583333333333334 0.4675925925925926 0.1486545138888889 0.47530864197530864 0.1404079861111111 0.4739583333333333 0.1371527777777778 0.47627314814814814 0.13346354166666666 0.47588734567901236 0.1265190972222222 0.46739969135802467 0.11631944444444445 0.47164351851851855 0.11827256944444445 0.45987654320987653 0.11414930555555555 0.44598765432098764 0.11957465277777778 0.44135802469135804
1 0.2881944444444444 0.2789351851851852 0.2905815972222222 0.2806712962962963 0.2899305555555556 0.2932098765432099 0.2975260416666667 0.3003472222222222 0.2836371527777778 0.30574845679012347 0.2723524305555556 0.3028549382716049 0.2690972222222222 0.2991898148148148 0.2686631944444444 0.2934027777777778 0.2762586805555556 0.2806712962962963 0.2879774305555556 0.2789351851851852
1 0.14453125 0.36554783950617287 0.14778645833333334 0.36593364197530864 0.15538194444444445 0.3732638888888889 0.15755208333333334 0.38040123456790126 0.1547309027777778 0.38445216049382713 0.1440972222222222 0.38773148148148145 0.1371527777777778 0.3800154320987654 0.1345486111111111 0.37287808641975306 0.1443142361111111 0.36554783950617287
1 0.09049479166666667 0.36593364197530864 0.1056857638888889 0.375 0.10611979166666667 0.38252314814814814 0.10264756944444445 0.38503086419753085 0.09331597222222222 0.38348765432098764 0.0881076388888889 0.3802083333333333 0.08723958333333333 0.36921296296296297 0.087890625 0.3663194444444444 0.09027777777777778 0.36593364197530864
1 0.5362413194444444 0.2019675925925926 0.5431857638888888 0.21354166666666666 0.53125 0.21334876543209877 0.5360243055555556 0.2021604938271605
1 0.9685329861111112 0.15104166666666666 0.9739583333333334 0.14216820987654322 0.9835069444444444 0.1396604938271605 0.9945746527777778 0.13117283950617284 0.9997829861111112 0.13078703703703703 0.9997829861111112 0.1597222222222222 0.9911024305555556 0.15933641975308643 0.9811197916666666 0.15432098765432098 0.9702690972222222 0.1548996913580247 0.96875 0.15123456790123457
1 0.4496527777777778 0.22280092592592593 0.4565972222222222 0.22646604938271606 0.4587673611111111 0.2309027777777778 0.4444444444444444 0.24575617283950618 0.4388020833333333 0.24440586419753085 0.435546875 0.23765432098765432 0.4348958333333333 0.22723765432098766 0.4494357638888889 0.22280092592592593
1 0.4911024305555556 0.20042438271604937 0.4934895833333333 0.2029320987654321 0.4934895833333333 0.21334876543209877 0.4832899305555556 0.21354166666666666 0.4911024305555556 0.2006172839506173
1 0.4772135416666667 0.2017746913580247 0.4828559027777778 0.20929783950617284 0.4828559027777778 0.21315586419753085 0.4789496527777778 0.21412037037037038 0.4737413194444444 0.21392746913580246 0.4661458333333333 0.203125 0.4670138888888889 0.20158179012345678 0.4769965277777778 0.2017746913580247
1 0.5572916666666666 0.16435185185185186 0.5598958333333334 0.16628086419753085 0.5588107638888888 0.17669753086419754 0.5514322916666666 0.18460648148148148 0.5434027777777778 0.18306327160493827 0.5399305555555556 0.17901234567901234 0.5392795138888888 0.16820987654320987 0.5431857638888888 0.16782407407407407 0.5475260416666666 0.1709104938271605 0.5540364583333334 0.16473765432098766 0.5570746527777778 0.16435185185185186
1 0.5223524305555556 0.16010802469135801 0.5260416666666666 0.17881944444444445 0.5201822916666666 0.18248456790123457 0.5119357638888888 0.18094135802469136 0.5069444444444444 0.17476851851851852 0.509765625 0.16743827160493827 0.5158420138888888 0.16685956790123457 0.5190972222222222 0.16107253086419754 0.5221354166666666 0.16010802469135801
1 0.4811197916666667 0.1726466049382716 0.4871961805555556 0.17496141975308643 0.4884982638888889 0.17920524691358025 0.4856770833333333 0.18557098765432098 0.4809027777777778 0.1882716049382716 0.4704861111111111 0.1857638888888889 0.466796875 0.17881944444444445 0.4704861111111111 0.1726466049382716 0.4809027777777778 0.1726466049382716
1 0.4943576388888889 0.16280864197530864 0.5049913194444444 0.16319444444444445 0.5112847222222222 0.16820987654320987 0.5082465277777778 0.17631172839506173 0.4954427083333333 0.17727623456790123 0.48828125 0.17573302469135801 0.4861111111111111 0.1720679012345679 0.4867621527777778 0.16435185185185186 0.494140625 0.16280864197530864
1 0.4635416666666667 0.16358024691358025 0.4711371527777778 0.171875 0.4670138888888889 0.17727623456790123 0.4600694444444444 0.18132716049382716 0.4513888888888889 0.17862654320987653 0.4496527777777778 0.1716820987654321 0.4568142361111111 0.16473765432098766 0.4633246527777778 0.16358024691358025
1 0.4325086805555556 0.1709104938271605 0.4427083333333333 0.17457561728395063 0.4468315972222222 0.17920524691358025 0.4450954861111111 0.18287037037037038 0.4366319444444444 0.1865354938271605 0.4322916666666667 0.19135802469135801 0.4173177083333333 0.17881944444444445 0.4212239583333333 0.1714891975308642 0.4322916666666667 0.1709104938271605
1 0.4114583333333333 0.16338734567901234 0.4192708333333333 0.16782407407407407 0.4201388888888889 0.17554012345679013 0.4144965277777778 0.18267746913580246 0.4045138888888889 0.1869212962962963 0.3997395833333333 0.17496141975308643 0.4112413194444444 0.16338734567901234
1 0.5794270833333334 0.09818672839506173 0.5796440972222222 0.10435956790123457 0.5720486111111112 0.10648148148148148 0.5653211805555556 0.10570987654320987 0.5657552083333334 0.10243055555555555 0.5792100694444444 0.09818672839506173
1 0.560546875 0.09895833333333333 0.564453125 0.10243055555555555 0.564453125 0.10570987654320987 0.5611979166666666 0.10609567901234568 0.5529513888888888 0.10570987654320987 0.548828125 0.10262345679012345 0.5559895833333334 0.09818672839506173 0.5603298611111112 0.09895833333333333
1 0.6438802083333334 0.056712962962962965 0.6447482638888888 0.06790123456790123 0.6332465277777778 0.06674382716049383 0.6334635416666666 0.05690586419753087 0.6436631944444444 0.056712962962962965
1 0.4609375 0.11342592592592593 0.4659288194444444 0.11959876543209877 0.4641927083333333 0.12905092592592593 0.44921875 0.12808641975308643 0.443359375 0.13040123456790123 0.4398871527777778 0.13001543209876543 0.4442274305555556 0.1248070987654321 0.4474826388888889 0.11419753086419752 0.453125 0.11226851851851852 0.4607204861111111 0.11342592592592593
1 0.5421006944444444 0.07581018518518519 0.018229166666666668 0.024305555555555556
1 0.4704861111111111 0.07060185185185185 0.4739583333333333 0.07195216049382716 0.4806857638888889 0.08140432098765432 0.4782986111111111 0.08834876543209877 0.4735243055555556 0.08854166666666667 0.4702690972222222 0.08410493827160494 0.4683159722222222 0.07600308641975309 0.4702690972222222 0.07079475308641975
1 0.07508680555555555 0.36612654320987653 0.08506944444444445 0.36709104938271603 0.0861545138888889 0.36882716049382713 0.0876736111111111 0.38040123456790126 0.08441840277777778 0.3836805555555556 0.0783420138888889 0.38271604938271603 0.07530381944444445 0.37982253086419754 0.07486979166666667 0.36612654320987653
1 0.23828125 0.2638888888888889 0.24131944444444445 0.265625 0.24110243055555555 0.2795138888888889 0.2384982638888889 0.2810570987654321 0.22330729166666666 0.279320987654321 0.22743055555555555 0.2681327160493827 0.2380642361111111 0.2638888888888889
1 0.2690972222222222 0.1431327160493827 0.2725694444444444 0.1558641975308642 0.2667100694444444 0.1568287037037037 0.2606336805555556 0.1545138888888889 0.2619357638888889 0.14737654320987653 0.2688802083333333 0.14332561728395063
1 0 0.5113811728395061 0.004991319444444444 0.5144675925925926 0.007595486111111111 0.5239197530864198 0.021267361111111112 0.5258487654320988 0.016710069444444444 0.5428240740740741 0.018446180555555556 0.5501543209876543 0.014973958333333334 0.5501543209876543 0.008680555555555556 0.5445601851851852 0 0.5480324074074074 0 0.5115740740740741
1 0.0390625 0.4149305555555556 0.038411458333333336 0.4315200617283951 0.024088541666666668 0.42939814814814814 0.018446180555555556 0.4212962962962963 0.022569444444444444 0.41782407407407407 0.029296875 0.4214891975308642 0.036458333333333336 0.41454475308641975 0.03884548611111111 0.4149305555555556
1 0.4427083333333333 0.06018518518518518 0.4505208333333333 0.07388117283950617 0.4494357638888889 0.0783179012345679 0.4429253472222222 0.08082561728395062 0.4366319444444444 0.0783179012345679 0.4348958333333333 0.06886574074074074 0.435546875 0.06365740740740741 0.4424913194444444 0.06018518518518518
1 0.8172743055555556 0.03433641975308642 0.8313802083333334 0.03993055555555555 0.830078125 0.047260802469135804 0.8244357638888888 0.05015432098765432 0.8057725694444444 0.0466820987654321 0.8070746527777778 0.03761574074074074 0.8109809027777778 0.034722222222222224 0.8170572916666666 0.03433641975308642
1 0.3940972222222222 0.058834876543209874 0.4001736111111111 0.07098765432098765 0.3975694444444444 0.07947530864197531 0.3932291666666667 0.0779320987654321 0.3904079861111111 0.07156635802469136 0.3904079861111111 0.05960648148148148 0.3938802083333333 0.058834876543209874
1 0.24110243055555555 0.1415895061728395 0.2575954861111111 0.15432098765432098 0.2552083333333333 0.1570216049382716 0.24088541666666666 0.1548996913580247 0.24110243055555555 0.1417824074074074
1 0.3454861111111111 0.07195216049382716 0.3493923611111111 0.07445987654320987 0.3513454861111111 0.08159722222222222 0.3489583333333333 0.08468364197530864 0.3387586805555556 0.08738425925925926 0.3311631944444444 0.08545524691358025 0.3315972222222222 0.08256172839506173 0.3394097222222222 0.07368827160493827 0.3452690972222222 0.07195216049382716
1 0.05056423611111111 0.3584104938271605 0.06315104166666667 0.36940586419753085 0.06488715277777778 0.3794367283950617 0.043402777777777776 0.3910108024691358 0.039713541666666664 0.3898533950617284 0.034505208333333336 0.3800154320987654 0.049262152777777776 0.3732638888888889 0.04991319444444445 0.36959876543209874 0.045355902777777776 0.3626543209876543 0.050347222222222224 0.3584104938271605
1 0 0.41512345679012347 0.010633680555555556 0.4251543209876543 0.009331597222222222 0.42862654320987653 0 0.42766203703703703 0 0.41531635802469136
1 0.7784288194444444 0.01986882716049383 0.7866753472222222 0.029513888888888888 0.7790798611111112 0.03780864197530864 0.7740885416666666 0.03993055555555555 0.7513020833333334 0.036458333333333336 0.7482638888888888 0.02700617283950617 0.7654079861111112 0.02025462962962963 0.7782118055555556 0.01986882716049383
1 0.5451388888888888 0.04436728395061729 0.5557725694444444 0.049575617283950615 0.5577256944444444 0.06076388888888889 0.5575086805555556 0.06404320987654322 0.5549045138888888 0.06481481481481481 0.5440538194444444 0.0630787037037037 0.54296875 0.05324074074074074 0.5451388888888888 0.04456018518518518
1 0.4904513888888889 0.033371913580246916 0.4934895833333333 0.036265432098765434 0.4943576388888889 0.04282407407407408 0.494140625 0.05015432098765432 0.4917534722222222 0.052083333333333336 0.4858940972222222 0.05073302469135803 0.4841579861111111 0.04456018518518518 0.4867621527777778 0.03452932098765432 0.490234375 0.033371913580246916
1 0.4741753472222222 0.031635802469135804 0.4830729166666667 0.03973765432098766 0.482421875 0.04456018518518518 0.4776475694444444 0.04822530864197531 0.4641927083333333 0.043402777777777776 0.4568142361111111 0.036458333333333336 0.4596354166666667 0.03298611111111111 0.4739583333333333 0.031635802469135804
1 0.029296875 0.357445987654321 0.032769097222222224 0.3595679012345679 0.03993055555555555 0.373070987654321 0.040581597222222224 0.3767361111111111 0.036458333333333336 0.38175154320987653 0.029079861111111112 0.37962962962962965 0.018880208333333332 0.38136574074074076 0.003689236111111111 0.36959876543209874 0.005208333333333333 0.36574074074074076 0.012369791666666666 0.36516203703703703 0.01953125 0.359375 0.026041666666666668 0.3595679012345679 0.029079861111111112 0.357445987654321
1 0.016276041666666668 0.33796296296296297 0.019097222222222224 0.33892746913580246 0.03515625 0.3628472222222222 0.04014756944444445 0.37635030864197533 0.03624131944444445 0.38136574074074076 0.027560763888888888 0.37885802469135804 0.018880208333333332 0.38117283950617287 0.012586805555555556 0.3742283950617284 0.004557291666666667 0.36959876543209874 0.004774305555555556 0.36554783950617287 0.012152777777777778 0.3653549382716049 0.015190972222222222 0.3626543209876543 0 0.3576388888888889 0 0.34857253086419754 0.006510416666666667 0.34587191358024694 0.011067708333333334 0.33834876543209874 0.016059027777777776 0.33796296296296297
1 0.015407986111111112 0.33738425925925924 0.019097222222222224 0.33834876543209874 0.029947916666666668 0.3559027777777778 0.029296875 0.3603395061728395 0.022786458333333332 0.3605324074074074 0 0.3584104938271605 0 0.34510030864197533 0.005642361111111111 0.34510030864197533 0.010633680555555556 0.33815586419753085 0.015190972222222222 0.33738425925925924
1 0.1605902777777778 0.029513888888888888 0.16731770833333334 0.03279320987654321 0.16861979166666666 0.04224537037037037 0.16493055555555555 0.049575617283950615 0.158203125 0.05246913580246913 0.15104166666666666 0.050540123456790126 0.1423611111111111 0.043209876543209874 0.1391059027777778 0.03973765432098766 0.13780381944444445 0.03298611111111111 0.14366319444444445 0.030478395061728395 0.1603732638888889 0.029513888888888888
1 0.16731770833333334 0.9211033950617284 0.1681857638888889 0.9261188271604939 0.1716579861111111 0.9270833333333334 0.17578125 0.921875 0.17469618055555555 0.919945987654321 0.17252604166666666 0.9191743827160493 0.1684027777777778 0.9195601851851852
1 0.4375 0.21006944444444445 0.4361979166666667 0.21334876543209877 0.4368489583333333 0.21373456790123457 0.4459635416666667 0.21412037037037038 0.4498697916666667 0.21354166666666666 0.4539930555555556 0.21006944444444445 0.4535590277777778 0.20640432098765432 0.4529079861111111 0.2052469135802469 0.4427083333333333 0.203125
1 0.9405381944444444 0.3306327160493827 0.9398871527777778 0.3420138888888889 0.9422743055555556 0.3447145061728395 0.9520399305555556 0.3414351851851852 0.9565972222222222 0.34239969135802467 0.9576822916666666 0.34066358024691357 0.9607204861111112 0.3385416666666667 0.958984375 0.33526234567901236 0.958984375 0.3322241512345679 0.9611545138888888 0.3279320987654321 0.9598524305555556 0.3263888888888889 0.9555121527777778 0.326195987654321 0.9529079861111112 0.3248456790123457 0.9494357638888888 0.32503858024691357 0.9466145833333334 0.3238811728395062 0.9427083333333334 0.32426697530864196 0.9411892361111112 0.32677469135802467