1 0.8181423611111112 0.9776234567901234 0.8211805555555556 0.9787808641975309 0.8209635416666666 0.986304012345679 0.8075086805555556 0.9880401234567902 0.8038194444444444 0.9876543209876543 0.8029513888888888 0.9809027777777778 0.8179253472222222 0.9776234567901234
1 0.7738715277777778 0.8653549382716049 0.779296875 0.8663194444444444 0.7825520833333334 0.8732638888888888 0.7829861111111112 0.8780864197530864 0.779296875 0.8794367283950617 0.7730034722222222 0.8778935185185185 0.7721354166666666 0.8722993827160493 0.7660590277777778 0.8665123456790124 0.7736545138888888 0.8653549382716049
1 0.6349826388888888 0.9054783950617284 0.6436631944444444 0.9091435185185185 0.6508246527777778 0.9157021604938271 0.6536458333333334 0.9226466049382716 0.6469184027777778 0.925733024691358 0.6187065972222222 0.9216820987654321 0.6171875 0.9170524691358025 0.6197916666666666 0.9108796296296297 0.6265190972222222 0.9064429012345679 0.634765625 0.9054783950617284
1 0.5457899305555556 0.9739583333333334 0.5431857638888888 0.9701003086419753 0.5431857638888888 0.9629629629629629 0.5570746527777778 0.9606481481481481 0.560546875 0.9608410493827161 0.5625 0.9633487654320988 0.5609809027777778 0.9735725308641975 0.5509982638888888 0.9760802469135802 0.5460069444444444 0.9739583333333334
1 0.6271701388888888 0.7907021604938271 0.630859375 0.793016975308642 0.6336805555555556 0.8003472222222222 0.6263020833333334 0.8009259259259259 0.623046875 0.8032407407407407 0.6226128472222222 0.7920524691358025 0.626953125 0.7907021604938271
1 0.453125 0.9623842592592593 0.4598524305555556 0.9656635802469136 0.4611545138888889 0.9699074074074074 0.4607204861111111 0.9760802469135802 0.4563802083333333 0.982445987654321 0.453125 0.984375 0.451171875 0.9812885802469136 0.4498697916666667 0.9704861111111112 0.4529079861111111 0.9625771604938271
1 0.4476996527777778 0.9589120370370371 0.4526909722222222 0.9602623456790124 0.4605034722222222 0.966820987654321 0.4605034722222222 0.9762731481481481 0.4533420138888889 0.9837962962962963 0.4494357638888889 0.9749228395061729 0.4329427083333333 0.9702932098765432 0.4338107638888889 0.9673996913580247 0.4403211805555556 0.9660493827160493 0.4424913194444444 0.9585262345679012 0.4474826388888889 0.9589120370370371
1 0.4461805555555556 0.9579475308641975 0.4526909722222222 0.9600694444444444 0.455078125 0.9633487654320988 0.4496527777777778 0.9718364197530864 0.4468315972222222 0.9728009259259259 0.4320746527777778 0.9702932098765432 0.4331597222222222 0.9677854938271605 0.4396701388888889 0.9662422839506173 0.4405381944444444 0.9594907407407407 0.4459635416666667 0.9579475308641975
1 0.5629340277777778 0.7908950617283951 0.5703125 0.7937885802469136 0.5709635416666666 0.8003472222222222 0.5681423611111112 0.8013117283950617 0.5642361111111112 0.8009259259259259 0.560546875 0.7964891975308642 0.5520833333333334 0.7934027777777778 0.5549045138888888 0.7907021604938271 0.5627170138888888 0.7908950617283951
1 0.5093315972222222 0.7897376543209876 0.5212673611111112 0.7934027777777778 0.5121527777777778 0.7951388888888888 0.5123697916666666 0.8001543209876543 0.5088975694444444 0.8022762345679012 0.5017361111111112 0.8028549382716049 0.498046875 0.8003472222222222 0.5010850694444444 0.7986111111111112 0.5047743055555556 0.7901234567901234 0.5091145833333334 0.7897376543209876
1 0.8207465277777778 0.613233024691358 0.830078125 0.6147762345679012 0.8315972222222222 0.6234567901234568 0.8350694444444444 0.6271219135802469 0.828125 0.6298225308641975 0.8246527777777778 0.6251929012345679 0.80859375 0.6226851851851852 0.8081597222222222 0.6128472222222222 0.8205295138888888 0.613233024691358
1 0.5251736111111112 0.7689043209876543 0.5327690972222222 0.7615740740740741 0.5397135416666666 0.7602237654320988 0.5447048611111112 0.7690972222222222 0.5425347222222222 0.7829861111111112 0.5364583333333334 0.7897376543209876 0.5258246527777778 0.7876157407407407 0.5217013888888888 0.7829861111111112 0.5225694444444444 0.7729552469135802 0.5251736111111112 0.7690972222222222
1 0.3350694444444444 0.9604552469135802 0.33984375 0.9639274691358025 0.3404947916666667 0.9718364197530864 0.3302951388888889 0.9741512345679012 0.3200954861111111 0.9704861111111112 0.3231336805555556 0.9625771604938271 0.3348524305555556 0.9606481481481481
1 0.2619357638888889 0.9521604938271605 0.2654079861111111 0.9585262345679012 0.2723524305555556 0.9552469135802469 0.2760416666666667 0.9573688271604939 0.2799479166666667 0.9704861111111112 0.2725694444444444 0.9751157407407407 0.2686631944444444 0.9673996913580247 0.2604166666666667 0.9654706790123457 0.2595486111111111 0.956983024691358 0.26171875 0.9523533950617284
1 0.3146701388888889 0.8294753086419753 0.3174913194444444 0.8308256172839507 0.3244357638888889 0.8427854938271605 0.3213975694444444 0.8491512345679012 0.3090277777777778 0.8522376543209876 0.3012152777777778 0.8489583333333334 0.3016493055555556 0.8454861111111112 0.314453125 0.8294753086419753
1 0.19270833333333334 0.8902391975308642 0.216796875 0.8912037037037037 0.2202690972222222 0.8931327160493827 0.2202690972222222 0.9029706790123457 0.2146267361111111 0.9077932098765432 0.1968315972222222 0.9052854938271605 0.1957465277777778 0.8973765432098766 0.19032118055555555 0.8908179012345679 0.19249131944444445 0.8902391975308642
1 0.1716579861111111 0.9191743827160493 0.17513020833333334 0.9214891975308642 0.171875 0.9272762345679012 0.1681857638888889 0.9286265432098766 0.16710069444444445 0.9230324074074074 0.1681857638888889 0.9197530864197531 0.1714409722222222 0.9193672839506173
1 0.11284722222222222 0.9481095679012346 0.1232638888888889 0.949266975308642 0.1265190972222222 0.9517746913580247 0.1265190972222222 0.9625771604938271 0.123046875 0.9645061728395061 0.11176215277777778 0.9575617283950617 0.11263020833333333 0.9483024691358025
1 0.10438368055555555 0.9766589506172839 0.1076388888888889 0.9803240740740741 0.10633680555555555 0.9947916666666666 0.10199652777777778 0.9936342592592593 0.09830729166666667 0.9841820987654321 0.09895833333333333 0.9785879629629629 0.10416666666666667 0.9766589506172839
1 0.9435763888888888 0.597608024691358 0.9524739583333334 0.6020447530864198 0.9631076388888888 0.6140046296296297 0.962890625 0.6180555555555556 0.9563802083333334 0.6184413580246914 0.953125 0.6215277777777778 0.9361979166666666 0.609375 0.9366319444444444 0.6024305555555556 0.943359375 0.597608024691358
1 0.6931423611111112 0.5808256172839507 0.705078125 0.5883487654320988 0.7003038194444444 0.5925925925925926 0.6996527777777778 0.5989583333333334 0.6857638888888888 0.5983796296296297 0.6779513888888888 0.5916280864197531 0.6788194444444444 0.5825617283950617 0.6929253472222222 0.5808256172839507
1 0.943359375 0.35474537037037035 0.9602864583333334 0.3586033950617284 0.966796875 0.36574074074074076 0.966796875 0.36959876543209874 0.9424913194444444 0.36072530864197533 0.9431423611111112 0.35474537037037035
1 0.9322916666666666 0.35358796296296297 0.9364149305555556 0.3549382716049383 0.9368489583333334 0.3591820987654321 0.9288194444444444 0.3705632716049383 0.9242621527777778 0.37210648148148145 0.9203559027777778 0.36574074074074076 0.9320746527777778 0.35378086419753085
1 0.5828993055555556 0.6020447530864198 0.5896267361111112 0.6028163580246914 0.595703125 0.6130401234567902 0.591796875 0.6134259259259259 0.5846354166666666 0.6099537037037037 0.5779079861111112 0.6242283950617284 0.5737847222222222 0.6232638888888888 0.5737847222222222 0.6161265432098766 0.5674913194444444 0.6130401234567902 0.5642361111111112 0.6026234567901234 0.5826822916666666 0.6020447530864198
1 0.421875 0.6730324074074074 0.4251302083333333 0.673804012345679 0.4286024305555556 0.6786265432098766 0.4259982638888889 0.6840277777777778 0.421875 0.6865354938271605 0.4142795138888889 0.6871141975308642 0.4045138888888889 0.6925154320987654 0.4055989583333333 0.685570987654321 0.3962673611111111 0.6822916666666666 0.4047309027777778 0.6770833333333334 0.4216579861111111 0.6732253086419753
1 0.3355034722222222 0.7025462962962963 0.3556857638888889 0.703125 0.3591579861111111 0.7046682098765432 0.3598090277777778 0.7087191358024691 0.3582899305555556 0.7108410493827161 0.3491753472222222 0.7087191358024691 0.3483072916666667 0.7177854938271605 0.3413628472222222 0.7172067901234568 0.3350694444444444 0.7193287037037037 0.3270399305555556 0.7189429012345679 0.3246527777777778 0.7170138888888888 0.3296440972222222 0.7106481481481481 0.3309461805555556 0.7033179012345679 0.3352864583333333 0.7025462962962963
1 0.9427083333333334 0.3236882716049383 0.9494357638888888 0.3271604938271605 0.9526909722222222 0.3248456790123457 0.9600694444444444 0.32600308641975306 0.9600694444444444 0.3298611111111111 0.9565972222222222 0.3314043209876543 0.9522569444444444 0.3298611111111111 0.9424913194444444 0.34510030864197533 0.9396701388888888 0.3387345679012346 0.9424913194444444 0.3238811728395062
1 0.5473090277777778 0.3570601851851852 0.5531684027777778 0.3697916666666667 0.546875 0.37808641975308643 0.5401475694444444 0.38155864197530864 0.5358072916666666 0.3726851851851852 0.5470920138888888 0.3570601851851852
1 0.4116753472222222 0.3697916666666667 0.4292534722222222 0.37789351851851855 0.4322916666666667 0.38155864197530864 0.4307725694444444 0.3869598765432099 0.4184027777777778 0.3898533950617284 0.40234375 0.3836805555555556 0.4084201388888889 0.3786651234567901 0.408203125 0.3705632716049383 0.4114583333333333 0.3697916666666667
1 0.5340711805555556 0.2029320987654321 0.5368923611111112 0.2025462962962963 0.5431857638888888 0.21315586419753085 0.5310329861111112 0.21334876543209877 0.5340711805555556 0.203125
1 0.4924045138888889 0.20023148148148148 0.4943576388888889 0.2025462962962963 0.4939236111111111 0.21354166666666666 0.4893663194444444 0.21431327160493827 0.4832899305555556 0.21277006172839505 0.4921875 0.20023148148148148
1 0.466796875 0.2017746913580247 0.4774305555555556 0.2023533950617284 0.4822048611111111 0.20910493827160495 0.4819878472222222 0.21354166666666666 0.4739583333333333 0.21431327160493827 0.466796875 0.2019675925925926
1 0.3348524305555556 0.7025462962962963 0.3556857638888889 0.7033179012345679 0.3591579861111111 0.7056327160493827 0.359375 0.7098765432098766 0.3559027777777778 0.7104552469135802 0.3524305555555556 0.7073688271604939 0.3493923611111111 0.7087191358024691 0.3489583333333333 0.7173996913580247 0.3465711805555556 0.7185570987654321 0.3276909722222222 0.7189429012345679 0.3248697916666667 0.7170138888888888 0.3298611111111111 0.7102623456790124 0.3315972222222222 0.703125 0.3346354166666667 0.7027391975308642
1 0.443359375 0.2027391975308642 0.4481336805555556 0.20987654320987653 0.4485677083333333 0.21334876543209877 0.4466145833333333 0.21431327160493827 0.4357638888888889 0.21334876543209877 0.4431423611111111 0.2027391975308642
1 0.9997829861111112 0.13040123456790123 0.9997829861111112 0.15914351851851852 0.9947916666666666 0.16030092592592593 0.984375 0.1564429012345679 0.9702690972222222 0.1554783950617284 0.9694010416666666 0.15046296296296297 0.9737413194444444 0.1431327160493827 0.9809027777777778 0.1415895061728395 0.9945746527777778 0.13117283950617284 0.9995659722222222 0.13040123456790123
1 0.5583767361111112 0.16473765432098766 0.5601128472222222 0.16917438271604937 0.5581597222222222 0.17843364197530864 0.5503472222222222 0.18479938271604937 0.5431857638888888 0.18325617283950618 0.5399305555555556 0.17939814814814814 0.5392795138888888 0.16801697530864199 0.5431857638888888 0.16782407407407407 0.5470920138888888 0.1712962962962963 0.5540364583333334 0.16493055555555555 0.5581597222222222 0.16473765432098766
1 0.5223524305555556 0.15991512345679013 0.5260416666666666 0.1722608024691358 0.5256076388888888 0.17978395061728394 0.5225694444444444 0.18190586419753085 0.5151909722222222 0.18229166666666666 0.5069444444444444 0.1753472222222222 0.5086805555555556 0.1684027777777778 0.5164930555555556 0.16724537037037038 0.5221354166666666 0.16010802469135801
1 0.4774305555555556 0.1726466049382716 0.4876302083333333 0.17824074074074073 0.4861111111111111 0.18557098765432098 0.4809027777777778 0.1884645061728395 0.470703125 0.18595679012345678 0.4674479166666667 0.17881944444444445 0.4700520833333333 0.1730324074074074 0.4772135416666667 0.1726466049382716
1 0.4937065972222222 0.16242283950617284 0.5049913194444444 0.16396604938271606 0.5112847222222222 0.16859567901234568 0.5084635416666666 0.17592592592592593 0.4924045138888889 0.17727623456790123 0.4878472222222222 0.17592592592592593 0.4858940972222222 0.16705246913580246 0.4876302083333333 0.16338734567901234 0.4934895833333333 0.16242283950617284
1 0.4607204861111111 0.16415895061728394 0.4637586805555556 0.16493055555555555 0.4694010416666667 0.1722608024691358 0.4674479166666667 0.17669753086419754 0.4600694444444444 0.18248456790123457 0.451171875 0.17862654320987653 0.4498697916666667 0.171875 0.4526909722222222 0.16763117283950618 0.4605034722222222 0.16415895061728394
1 0.4346788194444444 0.1709104938271605 0.4424913194444444 0.17457561728395063 0.4459635416666667 0.17939814814814814 0.4427083333333333 0.18479938271604937 0.4357638888888889 0.1867283950617284 0.4320746527777778 0.19155092592592593 0.42578125 0.1840277777777778 0.4168836805555556 0.17862654320987653 0.4214409722222222 0.1716820987654321 0.4253472222222222 0.1728395061728395 0.4344618055555556 0.1709104938271605
1 0.5787760416666666 0.09799382716049383 0.5805121527777778 0.10281635802469136 0.5753038194444444 0.10628858024691358 0.5661892361111112 0.10590277777777778 0.56640625 0.10243055555555555 0.5785590277777778 0.09799382716049383
1 0.5577256944444444 0.09857253086419752 0.5648871527777778 0.10243055555555555 0.5640190972222222 0.10609567901234568 0.5536024305555556 0.10570987654320987 0.5486111111111112 0.10281635802469136 0.5575086805555556 0.09857253086419752
1 0.6336805555555556 0.05652006172839506 0.6404079861111112 0.058834876543209874 0.6438802083333334 0.056712962962962965 0.6456163194444444 0.06346450617283951 0.6453993055555556 0.06770833333333333 0.6328125 0.06751543209876543 0.6336805555555556 0.056712962962962965
1 0.3522135416666667 0.6576003086419753 0.3511284722222222 0.6651234567901234 0.3541666666666667 0.6807484567901234 0.3279079861111111 0.6819058641975309 0.3226996527777778 0.6684027777777778 0.3244357638888889 0.6637731481481481 0.3309461805555556 0.6674382716049383 0.3404947916666667 0.6678240740740741 0.3489583333333333 0.6585648148148148 0.3519965277777778 0.6577932098765432
1 0.2938368055555556 0.6593364197530864 0.3001302083333333 0.6614583333333334 0.3020833333333333 0.6672453703703703 0.3107638888888889 0.6724537037037037 0.3127170138888889 0.6792052469135802 0.310546875 0.6820987654320988 0.2999131944444444 0.6820987654320988 0.2907986111111111 0.6857638888888888 0.2821180555555556 0.6689814814814815 0.291015625 0.6689814814814815 0.2927517361111111 0.6647376543209876 0.2905815972222222 0.6599151234567902 0.2936197916666667 0.6593364197530864
1 0.4114583333333333 0.16396604938271606 0.4184027777777778 0.16628086419753085 0.4205729166666667 0.1726466049382716 0.4151475694444444 0.18229166666666666 0.4045138888888889 0.1857638888888889 0.4008246527777778 0.17496141975308643 0.4079861111111111 0.16415895061728394 0.4112413194444444 0.16396604938271606
1 0.4574652777777778 0.11265432098765432 0.462890625 0.11477623456790123 0.4659288194444444 0.11959876543209877 0.4641927083333333 0.12982253086419754 0.4494357638888889 0.12789351851851852 0.443359375 0.13040123456790123 0.4396701388888889 0.13001543209876543 0.4440104166666667 0.1251929012345679 0.4466145833333333 0.11574074074074074 0.4494357638888889 0.11342592592592593 0.4572482638888889 0.11265432098765432
1 0.5434027777777778 0.0630787037037037 0.5457899305555556 0.07195216049382716 0.5503472222222222 0.0777391975308642 0.5475260416666666 0.08487654320987655 0.5397135416666666 0.08699845679012345 0.5329861111111112 0.0783179012345679 0.53515625 0.07098765432098765 0.5431857638888888 0.06327160493827161
1 0.470703125 0.07098765432098765 0.4737413194444444 0.07195216049382716 0.48046875 0.08140432098765432 0.4774305555555556 0.08873456790123457 0.4735243055555556 0.08834876543209877 0.4689670138888889 0.08159722222222222 0.4676649305555556 0.07465277777777778 0.4704861111111111 0.07098765432098765
1 0.3209635416666667 0.7017746913580247 0.330078125 0.7029320987654321 0.3289930555555556 0.7065972222222222 0.310546875 0.7143132716049383 0.3140190972222222 0.7042824074074074 0.3207465277777778 0.7019675925925926
1 0.2035590277777778 0.6751543209876543 0.2092013888888889 0.6784336419753086 0.21006944444444445 0.6846064814814815 0.20833333333333334 0.6890432098765432 0.1996527777777778 0.6969521604938271 0.1957465277777778 0.6957947530864198 0.1955295138888889 0.685570987654321 0.19791666666666666 0.6786265432098766 0.2033420138888889 0.6751543209876543
1 0.126953125 0.6641589506172839 0.13346354166666666 0.6662808641975309 0.140625 0.6626157407407407 0.14149305555555555 0.6657021604938271 0.13932291666666666 0.6684027777777778 0.1447482638888889 0.6689814814814815 0.1469184027777778 0.6712962962962963 0.14713541666666666 0.6822916666666666 0.13411458333333334 0.6865354938271605 0.123046875 0.6849922839506173 0.11219618055555555 0.6720679012345679 0.11284722222222222 0.6693672839506173 0.12413194444444445 0.6711033950617284 0.1267361111111111 0.6641589506172839
1 0.2905815972222222 0.4575617283950617 0.2947048611111111 0.45987654320987653 0.2936197916666667 0.4737654320987654 0.2897135416666667 0.47878086419753085 0.2782118055555556 0.48148148148148145 0.2760416666666667 0.49016203703703703 0.2723524305555556 0.4880401234567901 0.26953125 0.4739583333333333 0.2710503472222222 0.4672067901234568 0.2758246527777778 0.46103395061728397 0.2829861111111111 0.46141975308641975 0.2903645833333333 0.4575617283950617
1 0.2309027777777778 0.42804783950617287 0.2341579861111111 0.42978395061728397 0.24131944444444445 0.44232253086419754 0.24110243055555555 0.44579475308641975 0.22981770833333334 0.44483024691358025 0.2309027777777778 0.42824074074074076
1 0.1267361111111111 0.4635416666666667 0.134765625 0.45949074074074076 0.14735243055555555 0.4573688271604938 0.1486545138888889 0.4600694444444444 0.14583333333333334 0.4670138888888889 0.14952256944444445 0.47357253086419754 0.1480034722222222 0.47627314814814814 0.14171006944444445 0.47415123456790126 0.13411458333333334 0.47646604938271603 0.1265190972222222 0.4670138888888889 0.1189236111111111 0.4702932098765432 0.1189236111111111 0.46566358024691357 0.12456597222222222 0.46566358024691357 0.1267361111111111 0.4637345679012346
1 0.026692708333333332 0.7800925925925926 0.039496527777777776 0.7903163580246914 0.014105902777777778 0.7945601851851852 0.008463541666666666 0.7943672839506173 0.009548611111111112 0.7897376543209876 0.026475694444444444 0.7800925925925926
1 0.18619791666666666 0.37210648148148145 0.19249131944444445 0.37635030864197533 0.203125 0.3761574074074074 0.2087673611111111 0.3802083333333333 0.2094184027777778 0.3836805555555556 0.20703125 0.38657407407407407 0.19639756944444445 0.3939043209876543 0.19466145833333334 0.3890817901234568 0.19032118055555555 0.3856095679012346 0.1759982638888889 0.3800154320987654 0.17513020833333334 0.3765432098765432 0.1820746527777778 0.3759645061728395 0.1859809027777778 0.37210648148148145
1 0.12196180555555555 0.4419367283950617 0.1382378472222222 0.4583333333333333 0.1480034722222222 0.45871913580246915 0.14539930555555555 0.4670138888888889 0.1486545138888889 0.47492283950617287 0.1404079861111111 0.4739583333333333 0.1371527777777778 0.47627314814814814 0.13368055555555555 0.47588734567901236 0.1267361111111111 0.4675925925925926 0.11979166666666667 0.470679012345679 0.11675347222222222 0.4697145061728395 0.11827256944444445 0.45987654320987653 0.11371527777777778 0.44598765432098764 0.11653645833333333 0.4427083333333333 0.12174479166666667 0.4419367283950617
1 0.1208767361111111 0.4411651234567901 0.1345486111111111 0.4575617283950617 0.12890625 0.4643132716049383 0.11979166666666667 0.4685570987654321 0.1134982638888889 0.44598765432098764 0.12065972222222222 0.4411651234567901
1 0.1447482638888889 0.36516203703703703 0.14778645833333334 0.36593364197530864 0.1577690972222222 0.3767361111111111 0.15625 0.38329475308641975 0.1508246527777778 0.38599537037037035 0.1440972222222222 0.38483796296296297 0.13997395833333334 0.3802083333333333 0.140625 0.36940586419753085 0.14453125 0.36516203703703703
1 0.09288194444444445 0.36670524691358025 0.10611979166666667 0.3751929012345679 0.10611979166666667 0.38252314814814814 0.10264756944444445 0.38483796296296297 0.09288194444444445 0.38329475308641975 0.08702256944444445 0.37017746913580246 0.08832465277777778 0.36612654320987653 0.09266493055555555 0.36670524691358025
1 0 0.5113811728395061 0.0032552083333333335 0.5129243827160493 0.008029513888888888 0.5235339506172839 0.021267361111111112 0.5256558641975309 0.016927083333333332 0.5428240740740741 0.019097222222222224 0.5503472222222222 0.015190972222222222 0.5503472222222222 0.008897569444444444 0.5443672839506173 0 0.5472608024691358 0 0.5115740740740741
1 0.07486979166666667 0.36574074074074076 0.08506944444444445 0.36747685185185186 0.0881076388888889 0.3794367283950617 0.08550347222222222 0.3836805555555556 0.07855902777777778 0.38271604938271603 0.07530381944444445 0.3800154320987654 0.07465277777777778 0.36574074074074076
1 0.022786458333333332 0.4182098765432099 0.029513888888888888 0.421875 0.03819444444444445 0.4149305555555556 0.037760416666666664 0.43132716049382713 0.0234375 0.4288194444444444 0.018663194444444444 0.421875 0.018663194444444444 0.4184027777777778 0.022569444444444444 0.4182098765432099
1 0.2884114583333333 0.2775848765432099 0.2886284722222222 0.29012345679012347 0.2927517361111111 0.3001543209876543 0.283203125 0.30574845679012347 0.271484375 0.30246913580246915 0.2686631944444444 0.2932098765432099 0.2764756944444444 0.2797067901234568 0.2881944444444444 0.2775848765432099
1 0.050347222222222224 0.3584104938271605 0.0625 0.36863425925925924 0.06315104166666667 0.3792438271604938 0.059895833333333336 0.38348765432098764 0.043402777777777776 0.388695987654321 0.04210069444444445 0.3836805555555556 0.050130208333333336 0.373070987654321 0.050130208333333336 0.3697916666666667 0.04470486111111111 0.3626543209876543 0.050130208333333336 0.3584104938271605
1 0 0.41531635802469136 0.010416666666666666 0.4251543209876543 0.010199652777777778 0.42862654320987653 0 0.42746913580246915 0 0.41550925925925924
1 0.24110243055555555 0.2644675925925926 0.23914930555555555 0.27121913580246915 0.24088541666666666 0.2795138888888889 0.23828125 0.2808641975308642 0.22352430555555555 0.2795138888888889 0.22330729166666666 0.27584876543209874 0.22743055555555555 0.2665895061728395 0.24088541666666666 0.2644675925925926
1 0.2723524305555556 0.13695987654320987 0.2701822916666667 0.14525462962962962 0.2719184027777778 0.1556712962962963 0.2662760416666667 0.1566358024691358 0.2604166666666667 0.1545138888888889 0.2621527777777778 0.14737654320987653 0.2677951388888889 0.14467592592592593 0.2723524305555556 0.1371527777777778
1 0.5477430555555556 0.046875 0.5557725694444444 0.05015432098765432 0.5575086805555556 0.06404320987654322 0.5542534722222222 0.06500771604938271 0.54296875 0.06404320987654322 0.5434027777777778 0.05131172839506173 0.5475260416666666 0.046875
1 0.4431423611111111 0.060570987654320986 0.4505208333333333 0.07426697530864197 0.44921875 0.0785108024691358 0.4431423611111111 0.08043981481481481 0.4364149305555556 0.078125 0.4346788194444444 0.06847993827160494 0.4351128472222222 0.0642361111111111 0.4429253472222222 0.060570987654320986
1 0.24131944444444445 0.14255401234567902 0.2521701388888889 0.14853395061728394 0.2575954861111111 0.1554783950617284 0.25390625 0.1566358024691358 0.24131944444444445 0.15432098765432098 0.24110243055555555 0.1427469135802469
1 0.390625 0.05844907407407408 0.3960503472222222 0.060570987654320986 0.400390625 0.07233796296296297 0.3988715277777778 0.0783179012345679 0.3930121527777778 0.0779320987654321 0.3901909722222222 0.07118055555555555 0.390625 0.05864197530864197
1 0.3459201388888889 0.07175925925925926 0.3502604166666667 0.07465277777777778 0.3515625 0.08140432098765432 0.3485243055555556 0.08487654320987655 0.341796875 0.08699845679012345 0.3309461805555556 0.08468364197530864 0.3355034722222222 0.0775462962962963 0.345703125 0.07175925925925926
1 0.8161892361111112 0.034722222222222224 0.8305121527777778 0.03973765432098766 0.8294270833333334 0.047839506172839504 0.8253038194444444 0.04996141975308642 0.8057725694444444 0.0466820987654321 0.8070746527777778 0.038580246913580245 0.8159722222222222 0.034722222222222224
1 0.4895833333333333 0.03298611111111111 0.4939236111111111 0.03742283950617284 0.4952256944444444 0.05073302469135803 0.4919704861111111 0.05246913580246913 0.4861111111111111 0.05015432098765432 0.4865451388888889 0.03607253086419753 0.4893663194444444 0.03298611111111111
1 0.4670138888888889 0.029320987654320986 0.4750434027777778 0.03452932098765432 0.4828559027777778 0.036265432098765434 0.4839409722222222 0.03973765432098766 0.4809027777777778 0.045910493827160496 0.4772135416666667 0.04822530864197531 0.4631076388888889 0.043209876543209874 0.4622395833333333 0.03607253086419753 0.466796875 0.029513888888888888
1 0.029513888888888888 0.35802469135802467 0.03298611111111111 0.3597608024691358 0.040364583333333336 0.3734567901234568 0.041449652777777776 0.3802083333333333 0.039713541666666664 0.3836805555555556 0.029513888888888888 0.3792438271604938 0.015625 0.3802083333333333 0.0078125 0.37287808641975306 0.008897569444444444 0.36844135802469136 0.020833333333333332 0.3605324074074074 0.029296875 0.35802469135802467
1 0.47265625 0.1402391975308642 0.4728732638888889 0.14544753086419754 0.4739583333333333 0.14756944444444445 0.4904513888888889 0.14872685185185186 0.4937065972222222 0.14872685185185186 0.4973958333333333 0.14756944444444445 0.4945746527777778 0.14679783950617284 0.4921875 0.1440972222222222 0.48828125 0.14255401234567902 0.4826388888888889 0.1431327160493827 0.4793836805555556 0.14255401234567902 0.4739583333333333 0.13908179012345678
1 0.435546875 0.22858796296296297 0.4357638888888889 0.23726851851851852 0.4381510416666667 0.24247685185185186 0.4392361111111111 0.24344135802469136 0.4409722222222222 0.24151234567901234 0.4442274305555556 0.24344135802469136 0.4444444444444444 0.24498456790123457 0.4461805555555556 0.24672067901234568 0.4563802083333333 0.2326388888888889 0.4572482638888889 0.2309027777777778 0.4563802083333333 0.22897376543209877 0.453125 0.22550154320987653 0.4496527777777778 0.22337962962962962 0.4368489583333333 0.22743055555555555