1 0.6588541666666666 0.9826388888888888 0.6657986111111112 0.9878472222222222 0.671875 0.9998070987654321 0.6499565972222222 0.9998070987654321 0.6473524305555556 0.9888117283950617 0.6512586805555556 0.984375 0.6586371527777778 0.9826388888888888
1 0.6653645833333334 0.9581404320987654 0.6671006944444444 0.9602623456790124 0.6640625 0.9704861111111112 0.6614583333333334 0.9758873456790124 0.658203125 0.9764660493827161 0.65234375 0.9598765432098766 0.6651475694444444 0.9581404320987654
1 0.6334635416666666 0.9766589506172839 0.6495225694444444 0.984375 0.6404079861111112 0.9918981481481481 0.6334635416666666 0.9895833333333334 0.6299913194444444 0.9920910493827161 0.6178385416666666 0.9876543209876543 0.6180555555555556 0.9841820987654321 0.6267361111111112 0.9774305555555556 0.6332465277777778 0.9766589506172839
1 0.6095920138888888 0.9911265432098766 0.6165364583333334 0.9944058641975309 0.6234809027777778 0.9944058641975309 0.623046875 0.9998070987654321 0.5941840277777778 0.9998070987654321 0.5980902777777778 0.9934413580246914 0.609375 0.9911265432098766
1 0.7454427083333334 0.8057484567901234 0.7532552083333334 0.8140432098765432 0.751953125 0.8348765432098766 0.7430555555555556 0.8341049382716049 0.7376302083333334 0.8179012345679012 0.7389322916666666 0.810570987654321 0.7452256944444444 0.8057484567901234
1 0.5835503472222222 0.9795524691358025 0.5907118055555556 0.9832175925925926 0.5924479166666666 0.9876543209876543 0.5922309027777778 0.9947916666666666 0.5857204861111112 0.9998070987654321 0.5785590277777778 0.9967206790123457 0.5740017361111112 0.9998070987654321 0.5709635416666666 0.9953703703703703 0.5716145833333334 0.984375 0.57421875 0.9809027777777778 0.5779079861111112 0.9782021604938271 0.5833333333333334 0.9795524691358025
1 0.5922309027777778 0.9579475308641975 0.5993923611111112 0.9598765432098766 0.5983072916666666 0.9672067901234568 0.5954861111111112 0.9702932098765432 0.5911458333333334 0.9621913580246914 0.5831163194444444 0.9600694444444444 0.5920138888888888 0.9579475308641975
1 0.5611979166666666 0.9834104938271605 0.5703125 0.9895833333333334 0.5698784722222222 0.9998070987654321 0.5562065972222222 0.9998070987654321 0.5533854166666666 0.9944058641975309 0.5538194444444444 0.9878472222222222 0.5572916666666666 0.9830246913580247 0.5609809027777778 0.9834104938271605
1 0.5746527777777778 0.9349922839506173 0.5811631944444444 0.9427083333333334 0.5792100694444444 0.9552469135802469 0.5822482638888888 0.9618055555555556 0.5813802083333334 0.9672067901234568 0.5779079861111112 0.966820987654321 0.576171875 0.9618055555555556 0.5668402777777778 0.9600694444444444 0.5598958333333334 0.9461805555555556 0.5635850694444444 0.9369212962962963 0.5744357638888888 0.9349922839506173
1 0.5462239583333334 0.9575617283950617 0.5583767361111112 0.9598765432098766 0.5536024305555556 0.964891975308642 0.5470920138888888 0.9621913580246914 0.5434027777777778 0.9635416666666666 0.5362413194444444 0.9614197530864198 0.5364583333333334 0.9577546296296297 0.5460069444444444 0.9575617283950617
1 0.5340711805555556 0.9758873456790124 0.5381944444444444 0.9774305555555556 0.5401475694444444 0.9820601851851852 0.5375434027777778 0.9998070987654321 0.5260416666666666 0.9998070987654321 0.525390625 0.9918981481481481 0.5210503472222222 0.9845679012345679 0.5258246527777778 0.9760802469135802 0.5338541666666666 0.9758873456790124
1 0.4956597222222222 0.9770447530864198 0.4978298611111111 0.9783950617283951 0.5049913194444444 0.9770447530864198 0.5078125 0.9809027777777778 0.5067274305555556 0.9876543209876543 0.4986979166666667 0.9998070987654321 0.4900173611111111 0.9998070987654321 0.4861111111111111 0.984375 0.4908854166666667 0.9772376543209876 0.4954427083333333 0.9770447530864198
1 0.5373263888888888 0.8958333333333334 0.5470920138888888 0.8966049382716049 0.5466579861111112 0.9091435185185185 0.5399305555555556 0.9048996913580247 0.5243055555555556 0.9079861111111112 0.5301649305555556 0.8975694444444444 0.537109375 0.8958333333333334
1 0.4049479166666667 0.9533179012345679 0.4103732638888889 0.9565972222222222 0.4045138888888889 0.9695216049382716 0.4008246527777778 0.9552469135802469 0.4047309027777778 0.9533179012345679
1 0.3993055555555556 0.8649691358024691 0.4084201388888889 0.8665123456790124 0.4103732638888889 0.8697916666666666 0.4040798611111111 0.8767361111111112 0.3940972222222222 0.8800154320987654 0.3856336805555556 0.8751929012345679 0.3838975694444444 0.8692129629629629 0.3878038194444444 0.8653549382716049 0.3990885416666667 0.8649691358024691
1 0.3734809027777778 0.8586033950617284 0.3806423611111111 0.8655478395061729 0.3819444444444444 0.8736496913580247 0.373046875 0.8888888888888888 0.3680555555555556 0.8883101851851852 0.3669704861111111 0.8819444444444444 0.3626302083333333 0.8804012345679012 0.3637152777777778 0.8676697530864198 0.3611111111111111 0.8626543209876543 0.3732638888888889 0.8586033950617284
1 0.7391493055555556 0.6006944444444444 0.7567274305555556 0.6059027777777778 0.7615017361111112 0.6167052469135802 0.7621527777777778 0.6267361111111112 0.7515190972222222 0.6221064814814815 0.7482638888888888 0.6305941358024691 0.7447916666666666 0.6248070987654321 0.7309027777777778 0.6267361111111112 0.7254774305555556 0.6157407407407407 0.7243923611111112 0.6091820987654321 0.7267795138888888 0.6039737654320988 0.7311197916666666 0.6008873456790124 0.7389322916666666 0.6006944444444444
1 0.6822916666666666 0.5923996913580247 0.6838107638888888 0.5952932098765432 0.6801215277777778 0.5993441358024691 0.6822916666666666 0.6051311728395061 0.6885850694444444 0.6091820987654321 0.6755642361111112 0.6178626543209876 0.6716579861111112 0.6174768518518519 0.6694878472222222 0.6111111111111112 0.6649305555555556 0.6078317901234568 0.654296875 0.611304012345679 0.6436631944444444 0.6035879629629629 0.6434461805555556 0.5972222222222222 0.6519097222222222 0.5943287037037037 0.6727430555555556 0.5952932098765432 0.6820746527777778 0.5925925925925926
1 0.2456597222222222 0.9176311728395061 0.2510850694444444 0.9214891975308642 0.2521701388888889 0.9270833333333334 0.248046875 0.9421296296296297 0.24479166666666666 0.9430941358024691 0.2400173611111111 0.9245756172839507 0.24131944444444445 0.9201388888888888 0.24544270833333334 0.9176311728395061
1 0.3563368055555556 0.6944444444444444 0.3626302083333333 0.699266975308642 0.3656684027777778 0.7058256172839507 0.3591579861111111 0.7233796296296297 0.3537326388888889 0.7212577160493827 0.3493923611111111 0.7092978395061729 0.3513454861111111 0.6971450617283951 0.3561197916666667 0.6944444444444444
1 0.3064236111111111 0.7716049382716049 0.3116319444444444 0.7743055555555556 0.3209635416666667 0.7735339506172839 0.3248697916666667 0.7795138888888888 0.3187934027777778 0.7935956790123457 0.3072916666666667 0.8028549382716049 0.2981770833333333 0.7934027777777778 0.3044704861111111 0.7862654320987654 0.3064236111111111 0.7802854938271605 0.3036024305555556 0.7754629629629629 0.3003472222222222 0.7820216049382716 0.2999131944444444 0.7725694444444444 0.3062065972222222 0.7716049382716049
1 0.3049045138888889 0.7692901234567902 0.3122829861111111 0.7725694444444444 0.3129340277777778 0.7760416666666666 0.3072916666666667 0.7839506172839507 0.3036024305555556 0.7856867283950617 0.298828125 0.783179012345679 0.296875 0.7758487654320988 0.3003472222222222 0.7700617283950617 0.3046875 0.7692901234567902
1 0.3483072916666667 0.6942515432098766 0.3509114583333333 0.6961805555555556 0.3511284722222222 0.7008101851851852 0.34765625 0.7201003086419753 0.3452690972222222 0.7222222222222222 0.3400607638888889 0.720679012345679 0.3370225694444444 0.7037037037037037 0.3420138888888889 0.6956018518518519 0.3480902777777778 0.6942515432098766
1 0.720703125 0.5150462962962963 0.7300347222222222 0.5165895061728395 0.7319878472222222 0.5192901234567902 0.7306857638888888 0.5360725308641975 0.7274305555555556 0.5407021604938271 0.7172309027777778 0.5196759259259259 0.716796875 0.515625 0.7204861111111112 0.5150462962962963
1 0.6875 0.47627314814814814 0.6957465277777778 0.47704475308641975 0.6979166666666666 0.4810956790123457 0.6985677083333334 0.49864969135802467 0.6963975694444444 0.501929012345679 0.6927083333333334 0.5027006172839507 0.6818576388888888 0.5015432098765432 0.6799045138888888 0.49864969135802467 0.6825086805555556 0.4913194444444444 0.6820746527777778 0.47781635802469136 0.6872829861111112 0.47627314814814814
1 0.6256510416666666 0.4699074074074074 0.6334635416666666 0.4739583333333333 0.6354166666666666 0.47723765432098764 0.6343315972222222 0.49074074074074076 0.630859375 0.49266975308641975 0.6267361111111112 0.4861111111111111 0.623046875 0.48996913580246915 0.6213107638888888 0.48842592592592593 0.6180555555555556 0.4809027777777778 0.6197916666666666 0.47164351851851855 0.6254340277777778 0.4699074074074074
1 0.5928819444444444 0.47762345679012347 0.5998263888888888 0.4809027777777778 0.6006944444444444 0.48823302469135804 0.5989583333333334 0.49112654320987653 0.5933159722222222 0.49189814814814814 0.5887586805555556 0.49614197530864196 0.5831163194444444 0.4839891975308642 0.5876736111111112 0.4783950617283951 0.5926649305555556 0.47762345679012347
1 0.6095920138888888 0.4417438271604938 0.6128472222222222 0.4434799382716049 0.6180555555555556 0.45987654320987653 0.6128472222222222 0.45852623456790126 0.609375 0.46334876543209874 0.6059027777777778 0.46296296296296297 0.6041666666666666 0.4600694444444444 0.603515625 0.45023148148148145 0.6041666666666666 0.4427083333333333 0.609375 0.4417438271604938
1 0.7135416666666666 0.3883101851851852 0.7298177083333334 0.4077932098765432 0.7196180555555556 0.4087577160493827 0.716796875 0.41396604938271603 0.7135416666666666 0.41396604938271603 0.7018229166666666 0.404320987654321 0.6987847222222222 0.3975694444444444 0.6998697916666666 0.390625 0.7133246527777778 0.3883101851851852
1 0.6030815972222222 0.4409722222222222 0.6126302083333334 0.44328703703703703 0.6176215277777778 0.45949074074074076 0.6126302083333334 0.4581404320987654 0.6089409722222222 0.4627700617283951 0.6022135416666666 0.45871913580246915 0.5954861111111112 0.46875 0.59375 0.4670138888888889 0.5950520833333334 0.44598765432098764 0.5989583333333334 0.44155092592592593 0.6028645833333334 0.4409722222222222
1 0.6026475694444444 0.4409722222222222 0.60546875 0.4425154320987654 0.6046006944444444 0.453125 0.5954861111111112 0.4693287037037037 0.5933159722222222 0.46045524691358025 0.5948350694444444 0.44637345679012347 0.5987413194444444 0.44155092592592593 0.6024305555555556 0.4409722222222222
1 0.5362413194444444 0.47878086419753085 0.5397135416666666 0.4861111111111111 0.5375434027777778 0.4982638888888889 0.5353732638888888 0.4998070987654321 0.5308159722222222 0.498070987654321 0.5286458333333334 0.4841820987654321 0.5329861111111112 0.47858796296296297 0.5360243055555556 0.47878086419753085
1 0.6599392361111112 0.39641203703703703 0.6746961805555556 0.4029706790123457 0.6753472222222222 0.41184413580246915 0.6723090277777778 0.41415895061728397 0.6653645833333334 0.4104938271604938 0.6467013888888888 0.4060570987654321 0.6460503472222222 0.40084876543209874 0.6484375 0.39872685185185186 0.6597222222222222 0.39641203703703703
1 0.6859809027777778 0.38175154320987653 0.7007378472222222 0.3904320987654321 0.6927083333333334 0.39911265432098764 0.6857638888888888 0.3950617283950617 0.6786024305555556 0.39776234567901236 0.6703559027777778 0.3912037037037037 0.6788194444444444 0.38213734567901236 0.6857638888888888 0.38175154320987653
1 0.7159288194444444 0.3611111111111111 0.7180989583333334 0.3626543209876543 0.716796875 0.37114197530864196 0.7133246527777778 0.38078703703703703 0.7100694444444444 0.38271604938271603 0.7026909722222222 0.3626543209876543 0.7157118055555556 0.3611111111111111
1 0.6336805555555556 0.38329475308641975 0.6438802083333334 0.3910108024691358 0.6443142361111112 0.39891975308641975 0.640625 0.4047067901234568 0.6369357638888888 0.4045138888888889 0.6336805555555556 0.39969135802469136 0.6302083333333334 0.4025848765432099 0.6243489583333334 0.40046296296296297 0.623046875 0.390625 0.6299913194444444 0.38310185185185186 0.6334635416666666 0.38329475308641975
1 0.61328125 0.388695987654321 0.6243489583333334 0.3975694444444444 0.6232638888888888 0.41570216049382713 0.6161024305555556 0.41165123456790126 0.6091579861111112 0.41300154320987653 0.6076388888888888 0.4114583333333333 0.6082899305555556 0.404320987654321 0.60546875 0.39467592592592593 0.6095920138888888 0.3890817901234568 0.6130642361111112 0.388695987654321
1 0.4772135416666667 0.47434413580246915 0.4791666666666667 0.4793595679012346 0.4772135416666667 0.49440586419753085 0.4724392361111111 0.49440586419753085 0.4694010416666667 0.48128858024691357 0.4702690972222222 0.47704475308641975 0.4769965277777778 0.47453703703703703
1 0.4782986111111111 0.4845679012345679 0.016927083333333332 0.021219135802469136
1 0.5785590277777778 0.38175154320987653 0.5883246527777778 0.38155864197530864 0.5922309027777778 0.390625 0.5885416666666666 0.404320987654321 0.578125 0.4066358024691358 0.5779079861111112 0.3993055555555556 0.5735677083333334 0.38850308641975306 0.5783420138888888 0.38175154320987653
1 0.546875 0.38271604938271603 0.5570746527777778 0.38425925925925924 0.5601128472222222 0.390625 0.5536024305555556 0.4027777777777778 0.5434027777777778 0.4087577160493827 0.5377604166666666 0.3898533950617284 0.5425347222222222 0.38348765432098764 0.5466579861111112 0.38271604938271603
1 0.3739149305555556 0.48726851851851855 0.3802083333333333 0.4880401234567901 0.3836805555555556 0.49074074074074076 0.3834635416666667 0.498070987654321 0.3776041666666667 0.5 0.3732638888888889 0.5 0.3697916666666667 0.4947916666666667 0.3702256944444444 0.48996913580246915 0.3736979166666667 0.48726851851851855
1 0.2367621527777778 0.7791280864197531 0.2421875 0.7820216049382716 0.244140625 0.7860725308641975 0.24110243055555555 0.8049768518518519 0.234375 0.8026620370370371 0.22938368055555555 0.8036265432098766 0.2322048611111111 0.7970679012345679 0.2309027777777778 0.7829861111111112 0.2339409722222222 0.7791280864197531 0.2365451388888889 0.7791280864197531
1 0.22374131944444445 0.7613811728395061 0.2287326388888889 0.7683256172839507 0.2478298611111111 0.7731481481481481 0.2495659722222222 0.7754629629629629 0.2482638888888889 0.7795138888888888 0.2269965277777778 0.7797067901234568 0.22547743055555555 0.7739197530864198 0.21549479166666666 0.7690972222222222 0.2211371527777778 0.7669753086419753 0.22352430555555555 0.7615740740740741
1 0.1896701388888889 0.8063271604938271 0.19791666666666666 0.8072916666666666 0.1990017361111111 0.8096064814814815 0.19596354166666666 0.824266975308642 0.193359375 0.8258101851851852 0.1857638888888889 0.810570987654321 0.185546875 0.8070987654320988 0.189453125 0.8063271604938271
1 0.2378472222222222 0.6923225308641975 0.24110243055555555 0.6954089506172839 0.24327256944444445 0.7033179012345679 0.23111979166666666 0.7197145061728395 0.22178819444444445 0.7185570987654321 0.21744791666666666 0.7146990740740741 0.20703125 0.716820987654321 0.22395833333333334 0.6936728395061729 0.23763020833333334 0.6923225308641975
1 0.16861979166666666 0.7665895061728395 0.1753472222222222 0.7669753086419753 0.1812065972222222 0.7723765432098766 0.18055555555555555 0.7795138888888888 0.17469618055555555 0.7864583333333334 0.17296006944444445 0.7922453703703703 0.1616753472222222 0.7899305555555556 0.16145833333333334 0.7727623456790124 0.1644965277777778 0.7677469135802469 0.1684027777777778 0.7665895061728395
1 0.1284722222222222 0.763695987654321 0.1325954861111111 0.7716049382716049 0.1384548611111111 0.7764274691358025 0.13975694444444445 0.7826003086419753 0.13346354166666666 0.7908950617283951 0.11979166666666667 0.798804012345679 0.11805555555555555 0.7966820987654321 0.12044270833333333 0.7897376543209876 0.11480034722222222 0.7862654320987654 0.11414930555555555 0.7827932098765432 0.123046875 0.7662037037037037 0.12825520833333334 0.763695987654321
1 0.06770833333333333 0.845679012345679 0.07660590277777778 0.8524305555555556 0.07747395833333333 0.8599537037037037 0.07465277777777778 0.8614969135802469 0.07074652777777778 0.857445987654321 0.06749131944444445 0.8524305555555556 0.06749131944444445 0.8458719135802469
1 0.09678819444444445 0.7650462962962963 0.1056857638888889 0.7662037037037037 0.10980902777777778 0.7743055555555556 0.109375 0.7797067901234568 0.103515625 0.7849151234567902 0.09874131944444445 0.7943672839506173 0.09114583333333333 0.7897376543209876 0.0896267361111111 0.7758487654320988 0.09288194444444445 0.7692901234567902 0.09027777777777778 0.7654320987654321 0.09657118055555555 0.7650462962962963
1 0.09027777777777778 0.7181712962962963 0.10590277777777778 0.7189429012345679 0.109375 0.7330246913580247 0.10221354166666667 0.7316743827160493 0.09895833333333333 0.7336033950617284 0.08832465277777778 0.7253086419753086 0.0857204861111111 0.7201003086419753 0.0900607638888889 0.7181712962962963
1 0.07877604166666667 0.7881944444444444 0.0920138888888889 0.7887731481481481 0.0993923611111111 0.7928240740740741 0.0954861111111111 0.8045910493827161 0.0857204861111111 0.814429012345679 0.08246527777777778 0.8150077160493827 0.07747395833333333 0.814429012345679 0.07139756944444445 0.8063271604938271 0.05859375 0.8040123456790124 0.056640625 0.8005401234567902 0.0642361111111111 0.7893518518518519 0.07855902777777778 0.7881944444444444
1 0.07183159722222222 0.7175925925925926 0.08159722222222222 0.7185570987654321 0.08441840277777778 0.7237654320987654 0.08311631944444445 0.7280092592592593 0.07465277777777778 0.7310956790123457 0.07118055555555555 0.7278163580246914 0.06901041666666667 0.7204861111111112 0.07161458333333333 0.7175925925925926
1 0.08289930555555555 0.7606095679012346 0.09830729166666667 0.765625 0.09483506944444445 0.7727623456790124 0.09071180555555555 0.7770061728395061 0.08116319444444445 0.7762345679012346 0.06901041666666667 0.7806712962962963 0.05685763888888889 0.7723765432098766 0.05881076388888889 0.7689043209876543 0.056206597222222224 0.765625 0.08268229166666667 0.7606095679012346
1 0.08246527777777778 0.7608024691358025 0.095703125 0.765625 0.08875868055555555 0.7758487654320988 0.08159722222222222 0.7756558641975309 0.06770833333333333 0.78125 0.060546875 0.7762345679012346 0.043402777777777776 0.7775848765432098 0.03993055555555555 0.7723765432098766 0.04210069444444445 0.7654320987654321 0.046875 0.7633101851851852 0.05881076388888889 0.7646604938271605 0.0822482638888889 0.7608024691358025
1 0.6265190972222222 0.33796296296296297 0.6321614583333334 0.34510030864197533 0.6302083333333334 0.36959876543209874 0.6278211805555556 0.3628472222222222 0.623046875 0.36593364197530864 0.6195746527777778 0.3643904320987654 0.6115451388888888 0.34915123456790126 0.6150173611111112 0.3393132716049383 0.6263020833333334 0.33796296296296297
1 0.4027777777777778 0.4114583333333333 0.3975694444444444 0.4251543209876543 0.3904079861111111 0.4251543209876543 0.3897569444444444 0.421875 0.3927951388888889 0.41898148148148145 0.39453125 0.41184413580246915 0.4025607638888889 0.4114583333333333
1 0.4010416666666667 0.4106867283950617 0.4147135416666667 0.41261574074074076 0.419921875 0.41801697530864196 0.4192708333333333 0.4207175925925926 0.4147135416666667 0.4220679012345679 0.4114583333333333 0.4191743827160494 0.41015625 0.4251543209876543 0.4077690972222222 0.42650462962962965 0.404296875 0.4176311728395062 0.4010416666666667 0.41647376543209874 0.3975694444444444 0.42496141975308643 0.3901909722222222 0.42496141975308643 0.3893229166666667 0.421875 0.3927951388888889 0.41898148148148145 0.3938802083333333 0.41203703703703703 0.4008246527777778 0.41087962962962965
1 0.051215277777777776 0.7623456790123457 0.057074652777777776 0.7642746913580247 0.07096354166666667 0.7631172839506173 0.0759548611111111 0.7652391975308642 0.07682291666666667 0.7758487654320988 0.07335069444444445 0.7797067901234568 0.06792534722222222 0.7814429012345679 0.06076388888888889 0.7768132716049383 0.047309027777777776 0.7804783950617284 0.041449652777777776 0.7783564814814815 0.039713541666666664 0.7681327160493827 0.04296875 0.7640817901234568 0.05099826388888889 0.7623456790123457
1 0.0818142361111111 0.7609953703703703 0.0959201388888889 0.765625 0.0881076388888889 0.7719907407407407 0.0685763888888889 0.7814429012345679 0.059895833333333336 0.7766203703703703 0.05078125 0.7798996913580247 0.04383680555555555 0.7795138888888888 0.039713541666666664 0.7756558641975309 0.0390625 0.7685185185185185 0.04665798611111111 0.7627314814814815 0.05881076388888889 0.7642746913580247 0.08159722222222222 0.7609953703703703
1 0.4598524305555556 0.3597608024691358 0.4598524305555556 0.3663194444444444 0.453125 0.3784722222222222 0.4494357638888889 0.3616898148148148 0.4596354166666667 0.3597608024691358
1 0.5924479166666666 0.2966820987654321 0.5978732638888888 0.2995756172839506 0.5987413194444444 0.310570987654321 0.595703125 0.3109567901234568 0.5920138888888888 0.30439814814814814 0.5883246527777778 0.30459104938271603 0.5848524305555556 0.3088348765432099 0.5779079861111112 0.3099922839506173 0.576171875 0.3082561728395062 0.5815972222222222 0.296875 0.5922309027777778 0.2966820987654321
1 0.7938368055555556 0.20158179012345678 0.8018663194444444 0.20987654320987653 0.8001302083333334 0.2204861111111111 0.8018663194444444 0.2309027777777778 0.7936197916666666 0.23206018518518517 0.7860243055555556 0.21122685185185186 0.7873263888888888 0.20640432098765432 0.7936197916666666 0.20158179012345678
1 0.4461805555555556 0.2673611111111111 0.4596354166666667 0.27218364197530864 0.4529079861111111 0.2795138888888889 0.4463975694444444 0.2822145061728395 0.4357638888888889 0.2795138888888889 0.4325086805555556 0.2725694444444444 0.4342447916666667 0.2689043209876543 0.4459635416666667 0.2673611111111111
1 0.4216579861111111 0.26176697530864196 0.4290364583333333 0.2690972222222222 0.4312065972222222 0.2752700617283951 0.421875 0.29205246913580246 0.4168836805555556 0.29205246913580246 0.4162326388888889 0.28607253086419754 0.4103732638888889 0.2829861111111111 0.4127604166666667 0.2725694444444444 0.4086371527777778 0.265625 0.4214409722222222 0.2619598765432099
1 0.6195746527777778 0.18460648148148148 0.6256510416666666 0.19290123456790123 0.6252170138888888 0.19926697530864199 0.6148003472222222 0.2035108024691358 0.6091579861111112 0.203125 0.6059027777777778 0.19984567901234568 0.607421875 0.19290123456790123 0.6193576388888888 0.18479938271604937
1 0.2936197916666667 0.3279320987654321 0.2990451388888889 0.3317901234567901 0.3009982638888889 0.33719135802469136 0.296875 0.3533950617283951 0.2940538194444444 0.3541666666666667 0.2879774305555556 0.3387345679012346 0.2897135416666667 0.33101851851851855 0.2934027777777778 0.3279320987654321
1 0.623046875 0.17689043209876543 0.6256510416666666 0.17881944444444445 0.6208767361111112 0.1857638888888889 0.625 0.19232253086419754 0.6243489583333334 0.19521604938271606 0.623046875 0.19637345679012347 0.6124131944444444 0.19251543209876543 0.6089409722222222 0.19463734567901234 0.6067708333333334 0.20003858024691357 0.6024305555555556 0.20158179012345678 0.5939670138888888 0.18557098765432098 0.5872395833333334 0.18209876543209877 0.5885416666666666 0.18016975308641975 0.5930989583333334 0.18036265432098766 0.6134982638888888 0.18441358024691357 0.623046875 0.17708333333333334
1 0.3663194444444444 0.17689043209876543 0.3708767361111111 0.18190586419753085 0.3697916666666667 0.18904320987654322 0.3526475694444444 0.20601851851851852 0.3452690972222222 0.19868827160493827 0.3448350694444444 0.19386574074074073 0.3567708333333333 0.17843364197530864 0.3661024305555556 0.17689043209876543
1 0.3493923611111111 0.1728395061728395 0.3589409722222222 0.17554012345679013 0.3608940972222222 0.17881944444444445 0.3487413194444444 0.1888503086419753 0.3430989583333333 0.1857638888888889 0.3415798611111111 0.17862654320987653 0.3433159722222222 0.17515432098765432 0.3491753472222222 0.1728395061728395
1 0.2417534722222222 0.2152777777777778 0.244140625 0.2170138888888889 0.2439236111111111 0.2204861111111111 0.24110243055555555 0.23206018518518517 0.2378472222222222 0.2336033950617284 0.2302517361111111 0.2166280864197531 0.23328993055555555 0.21469907407407407 0.24153645833333334 0.2152777777777778
1 0.11284722222222222 0.263695987654321 0.11957465277777778 0.2690972222222222 0.11979166666666667 0.27912808641975306 0.11566840277777778 0.2770061728395062 0.11024305555555555 0.26851851851851855 0.109375 0.2650462962962963 0.11263020833333333 0.263695987654321
1 0.7664930555555556 0 0.7994791666666666 0 0.8042534722222222 0.015432098765432098 0.8036024305555556 0.018518518518518517 0.7931857638888888 0.012345679012345678 0.7901475694444444 0.020640432098765434 0.7855902777777778 0.015625 0.7740885416666666 0.017939814814814815 0.767578125 0.008294753086419753 0.7664930555555556 0.00019290123456790122
1 0.7118055555555556 0 0.7291666666666666 0 0.7170138888888888 0.010030864197530864 0.712890625 0.008294753086419753 0.7118055555555556 0.00019290123456790122
1 0.2819010416666667 0.1849922839506173 0.2875434027777778 0.1880787037037037 0.2888454861111111 0.19155092592592593 0.2862413194444444 0.21064814814814814 0.2795138888888889 0.20814043209876543 0.275390625 0.20929783950617284 0.2747395833333333 0.1909722222222222 0.2786458333333333 0.1853780864197531 0.2816840277777778 0.1849922839506173
1 0.265625 0.16917438271604937 0.2688802083333333 0.16859567901234568 0.2764756944444444 0.17669753086419754 0.2925347222222222 0.17862654320987653 0.2947048611111111 0.18152006172839505 0.2934027777777778 0.18518518518518517 0.2899305555555556 0.1867283950617284 0.279296875 0.18518518518518517 0.2723524305555556 0.1873070987654321 0.267578125 0.17959104938271606 0.2619357638888889 0.17862654320987653 0.2586805555555556 0.1753472222222222 0.2645399305555556 0.17476851851851852 0.265625 0.1693672839506173
1 0.21940104166666666 0.17650462962962962 0.22374131944444445 0.17939814814814814 0.22591145833333334 0.1857638888888889 0.2189670138888889 0.19405864197530864 0.216796875 0.20158179012345678 0.2052951388888889 0.1996527777777778 0.20377604166666666 0.18557098765432098 0.2087673611111111 0.17746913580246915 0.2191840277777778 0.17650462962962962
1 0.4010416666666667 0.09375 0.4092881944444444 0.10474537037037036 0.4045138888888889 0.12114197530864197 0.4014756944444444 0.12229938271604938 0.3973524305555556 0.11902006172839506 0.3930121527777778 0.10648148148148148 0.3951822916666667 0.0954861111111111 0.4008246527777778 0.09375
1 0.390625 0.0933641975308642 0.3938802083333333 0.09606481481481481 0.3940972222222222 0.10358796296296297 0.3914930555555556 0.11979166666666667 0.388671875 0.12152777777777778 0.3838975694444444 0.11979166666666667 0.3806423611111111 0.10435956790123457 0.3849826388888889 0.0954861111111111 0.3904079861111111 0.0933641975308642
1 0.2727864583333333 0.09645061728395062 0.2819010416666667 0.09799382716049383 0.2864583333333333 0.10532407407407407 0.2760416666666667 0.12229938271604938 0.2732204861111111 0.1232638888888889 0.2651909722222222 0.12307098765432099 0.2608506944444444 0.11921296296296297 0.251953125 0.12152777777777778 0.2504340277777778 0.11998456790123457 0.2649739583333333 0.09895833333333333 0.2725694444444444 0.09645061728395062
1 0.1697048611111111 0.17496141975308643 0.1820746527777778 0.1873070987654321 0.18294270833333334 0.19367283950617284 0.1753472222222222 0.2033179012345679 0.16145833333333334 0.21084104938271606 0.16276041666666666 0.2029320987654321 0.15755208333333334 0.19907407407407407 0.15711805555555555 0.19251543209876543 0.1694878472222222 0.17496141975308643
1 0.1304253472222222 0.17573302469135801 0.14171006944444445 0.17862654320987653 0.1430121527777778 0.18190586419753085 0.13368055555555555 0.19251543209876543 0.12608506944444445 0.19077932098765432 0.1171875 0.19174382716049382 0.111328125 0.17881944444444445 0.12239583333333333 0.1753472222222222 0.13020833333333334 0.17573302469135801
1 0.1265190972222222 0.17515432098765432 0.13758680555555555 0.17881944444444445 0.13411458333333334 0.18904320987654322 0.11675347222222222 0.19270833333333334 0.1130642361111111 0.1853780864197531 0.10828993055555555 0.18209876543209877 0.10828993055555555 0.17881944444444445 0.12630208333333334 0.17515432098765432
1 0.11002604166666667 0.17862654320987653 0.1134982638888889 0.18016975308641975 0.1174045138888889 0.1888503086419753 0.1169704861111111 0.19270833333333334 0.11328125 0.19637345679012347 0.10894097222222222 0.19714506172839505 0.1017795138888889 0.19309413580246915 0.08832465277777778 0.19772376543209877 0.08138020833333333 0.19521604938271606 0.08138020833333333 0.18287037037037038 0.087890625 0.17978395061728394 0.0998263888888889 0.18055555555555555 0.10980902777777778 0.17862654320987653
1 0.1271701388888889 0.17554012345679013 0.1404079861111111 0.17881944444444445 0.1345486111111111 0.19174382716049382 0.13346354166666666 0.19309413580246915 0.1232638888888889 0.19077932098765432 0.11002604166666667 0.19714506172839505 0.0993923611111111 0.1892361111111111 0.0954861111111111 0.18344907407407407 0.08723958333333333 0.18441358024691357 0.08159722222222222 0.18904320987654322 0.08159722222222222 0.1853780864197531 0.08506944444444445 0.18171296296296297 0.10221354166666667 0.18152006172839505 0.10872395833333333 0.17824074074074073 0.126953125 0.17554012345679013
1 0.1462673611111111 0.13001543209876543 0.15104166666666666 0.14525462962962962 0.1440972222222222 0.14429012345679013 0.1404079861111111 0.14718364197530864 0.1371527777777778 0.14660493827160495 0.1349826388888889 0.1419753086419753 0.126953125 0.13695987654320987 0.12565104166666666 0.13252314814814814 0.1267361111111111 0.13059413580246915 0.1460503472222222 0.13001543209876543
1 0.13216145833333334 0.13001543209876543 0.1369357638888889 0.13059413580246915 0.138671875 0.13310185185185186 0.1369357638888889 0.1404320987654321 0.1343315972222222 0.1419753086419753 0.12608506944444445 0.13734567901234568 0.12434895833333333 0.13387345679012347 0.12608506944444445 0.13020833333333334 0.13194444444444445 0.13001543209876543
1 0.1306423611111111 0.13001543209876543 0.13736979166666666 0.13290895061728394 0.13389756944444445 0.1415895061728395 0.1267361111111111 0.1381172839506173 0.123046875 0.1412037037037037 0.11827256944444445 0.1404320987654321 0.11805555555555555 0.13252314814814814 0.1304253472222222 0.13001543209876543
1 0.1208767361111111 0.13078703703703703 0.12348090277777778 0.13310185185185186 0.12434895833333333 0.1404320987654321 0.11653645833333333 0.14293981481481483 0.11263020833333333 0.1410108024691358 0.107421875 0.13348765432098766 0.12065972222222222 0.13078703703703703
1 0.08854166666666667 0.13271604938271606 0.08875868055555555 0.1440972222222222 0.09092881944444445 0.14756944444444445 0.08940972222222222 0.15027006172839505 0.07703993055555555 0.1371527777777778 0.07747395833333333 0.13368055555555555 0.08832465277777778 0.13271604938271606
1 0.08832465277777778 0.13329475308641975 0.08984375 0.14756944444444445 0.08832465277777778 0.14911265432098766 0.08550347222222222 0.14486882716049382 0.0837673611111111 0.14621913580246915 0.078125 0.1726466049382716 0.0740017361111111 0.1720679012345679 0.06987847222222222 0.16473765432098766 0.06705729166666667 0.13734567901234568 0.07118055555555555 0.13387345679012347 0.0881076388888889 0.13329475308641975
1 0.6707899305555556 0.5250771604938271 0.6707899305555556 0.5260416666666666 0.6736111111111112 0.5271990740740741 0.6788194444444444 0.5314429012345679 0.6846788194444444 0.5322145061728395 0.6888020833333334 0.5345293209876543 0.6920572916666666 0.533179012345679 0.6961805555555556 0.5329861111111112 0.6996527777777778 0.5310570987654321 0.7007378472222222 0.5295138888888888 0.7005208333333334 0.5266203703703703 0.6994357638888888 0.5254629629629629 0.6879340277777778 0.5248842592592593 0.6783854166666666 0.5254629629629629 0.6720920138888888 0.5239197530864198
1 0.5453559027777778 0.5223765432098766 0.544921875 0.5260416666666666 0.5464409722222222 0.5264274691358025 0.5529513888888888 0.5208333333333334 0.5568576388888888 0.5223765432098766 0.5598958333333334 0.5223765432098766 0.5588107638888888 0.5212191358024691 0.5579427083333334 0.5140817901234568 0.5588107638888888 0.5106095679012346 0.5611979166666666 0.5084876543209876 0.5618489583333334 0.5046296296296297 0.5603298611111112 0.5040509259259259 0.5562065972222222 0.5050154320987654 0.5503472222222222 0.5028935185185185 0.5486111111111112 0.503858024691358 0.5479600694444444 0.5052083333333334 0.5503472222222222 0.5086805555555556 0.55078125 0.5144675925925926 0.5475260416666666 0.5202546296296297
1 0.3541666666666667 0.4810956790123457 0.349609375 0.49459876543209874 0.3500434027777778 0.4963348765432099 0.3517795138888889 0.4974922839506173 0.359375 0.4955632716049383 0.3621961805555556 0.49112654320987653 0.3634982638888889 0.4820601851851852 0.3628472222222222 0.47627314814814814 0.3600260416666667 0.47530864197530864 0.3578559027777778 0.47588734567901236 0.3559027777777778 0.4774305555555556
1 0.5792100694444444 0.5063657407407407 0.5789930555555556 0.5086805555555556 0.5807291666666666 0.5108024691358025 0.5850694444444444 0.5202546296296297 0.5863715277777778 0.5167824074074074 0.5861545138888888 0.5084876543209876 0.5813802083333334 0.5055941358024691
1 0.6119791666666666 0.5073302469135802 0.6115451388888888 0.5086805555555556 0.61328125 0.5119598765432098 0.6167534722222222 0.5144675925925926 0.623046875 0.5160108024691358 0.6299913194444444 0.5115740740740741 0.6302083333333334 0.5084876543209876 0.6295572916666666 0.5082947530864198 0.6232638888888888 0.5081018518518519 0.619140625 0.5090663580246914 0.6178385416666666 0.5079089506172839 0.6128472222222222 0.5063657407407407
1 0.6226128472222222 0.4228395061728395 0.6221788194444444 0.42804783950617287 0.6232638888888888 0.43113425925925924 0.6267361111111112 0.4288194444444444 0.6297743055555556 0.4251543209876543 0.6306423611111112 0.4224537037037037 0.6297743055555556 0.4191743827160494 0.6282552083333334 0.41801697530864196 0.6263020833333334 0.41782407407407407
1 0.6332465277777778 0.42959104938271603 0.6334635416666666 0.43287037037037035 0.6380208333333334 0.4322916666666667 0.6417100694444444 0.42862654320987653 0.6412760416666666 0.42496141975308643 0.6397569444444444 0.423804012345679 0.6365017361111112 0.42322530864197533 0.6336805555555556 0.42746913580246915
1 0.7065972222222222 0.46257716049382713 0.70703125 0.46662808641975306 0.7135416666666666 0.4670138888888889 0.7150607638888888 0.46064814814814814 0.7137586805555556 0.4567901234567901 0.7087673611111112 0.45871913580246915 0.7074652777777778 0.45987654320987653
1 0.6297743055555556 0.3630401234567901 0.6295572916666666 0.3715277777777778 0.6302083333333334 0.37364969135802467 0.6336805555555556 0.3707561728395062 0.6358506944444444 0.3628472222222222 0.6336805555555556 0.3618827160493827 0.6302083333333334 0.3618827160493827
1 0.5483940972222222 0.38676697530864196 0.5483940972222222 0.40335648148148145 0.548828125 0.4045138888888889 0.55078125 0.4050925925925926 0.5536024305555556 0.40412808641975306 0.5562065972222222 0.3975694444444444 0.5590277777777778 0.3940972222222222 0.5601128472222222 0.390625 0.5598958333333334 0.3879243827160494 0.5577256944444444 0.38425925925925924 0.5551215277777778 0.38348765432098764 0.5531684027777778 0.38348765432098764 0.5499131944444444 0.38483796296296297
1 0.5850694444444444 0.38329475308641975 0.5850694444444444 0.40219907407407407 0.5861545138888888 0.4045138888888889 0.5885416666666666 0.4050925925925926 0.58984375 0.404320987654321 0.5909288194444444 0.40142746913580246 0.5907118055555556 0.39737654320987653 0.5922309027777778 0.3939043209876543 0.5924479166666666 0.38676697530864196 0.5887586805555556 0.3819444444444444
1 0.6393229166666666 0.36226851851851855 0.6388888888888888 0.3628472222222222 0.64453125 0.36516203703703703 0.6469184027777778 0.37210648148148145 0.6480034722222222 0.373070987654321 0.6499565972222222 0.3699845679012346 0.6495225694444444 0.3626543209876543 0.6473524305555556 0.3609182098765432 0.640625 0.361304012345679
1 0.3151041666666667 0.8904320987654321 0.3192274305555556 0.8915895061728395 0.3209635416666667 0.8946759259259259 0.3244357638888889 0.8956404320987654 0.3279079861111111 0.8940972222222222 0.3322482638888889 0.890625 0.3311631944444444 0.8890817901234568 0.328125 0.8879243827160493
1 0.5394965277777778 0.7827932098765432 0.5394965277777778 0.7862654320987654 0.54296875 0.7876157407407407 0.5460069444444444 0.7899305555555556 0.5466579861111112 0.793016975308642 0.5492621527777778 0.7961033950617284 0.5514322916666666 0.8032407407407407 0.5536024305555556 0.8055555555555556 0.5583767361111112 0.8059413580246914 0.5596788194444444 0.8045910493827161 0.5618489583333334 0.8040123456790124 0.5627170138888888 0.8053626543209876 0.5679253472222222 0.8067129629629629 0.5744357638888888 0.8059413580246914 0.5770399305555556 0.8038194444444444 0.5772569444444444 0.796875 0.5759548611111112 0.7932098765432098 0.5726996527777778 0.7905092592592593 0.5724826388888888 0.7883873456790124 0.5731336805555556 0.7862654320987654 0.5776909722222222 0.7827932098765432 0.578125 0.779320987654321 0.5763888888888888 0.7804783950617284 0.5746527777777778 0.7804783950617284 0.5685763888888888 0.7854938271604939 0.5640190972222222 0.7868441358024691 0.5447048611111112 0.7827932098765432