1 0.6584201388888888 0.9826388888888888 0.6657986111111112 0.9878472222222222 0.671875 0.9998070987654321 0.6497395833333334 0.9998070987654321 0.6471354166666666 0.9897762345679012 0.6508246527777778 0.984375 0.658203125 0.9826388888888888
1 0.6651475694444444 0.9579475308641975 0.6668836805555556 0.9604552469135802 0.6647135416666666 0.9702932098765432 0.6614583333333334 0.9772376543209876 0.658203125 0.9783950617283951 0.6527777777777778 0.9598765432098766 0.6649305555555556 0.9579475308641975
1 0.6358506944444444 0.9772376543209876 0.6486545138888888 0.9841820987654321 0.6473524305555556 0.9878472222222222 0.640625 0.9918981481481481 0.634765625 0.9891975308641975 0.6297743055555556 0.9918981481481481 0.6247829861111112 0.9884259259259259 0.6171875 0.9876543209876543 0.6171875 0.984375 0.6263020833333334 0.9772376543209876 0.6356336805555556 0.9772376543209876
1 0.609375 0.9913194444444444 0.6204427083333334 0.9945987654320988 0.6215277777777778 0.9998070987654321 0.5963541666666666 0.9998070987654321 0.5970052083333334 0.9930555555555556 0.6091579861111112 0.9913194444444444
1 0.7454427083333334 0.8057484567901234 0.7530381944444444 0.8138503086419753 0.7515190972222222 0.8348765432098766 0.7426215277777778 0.8339120370370371 0.7374131944444444 0.8177083333333334 0.7389322916666666 0.810570987654321 0.7452256944444444 0.8057484567901234
1 0.5815972222222222 0.9780092592592593 0.5885416666666666 0.9782021604938271 0.5911458333333334 0.9807098765432098 0.5924479166666666 0.9913194444444444 0.5889756944444444 0.9998070987654321 0.5826822916666666 0.9998070987654321 0.5785590277777778 0.9922839506172839 0.5744357638888888 0.9963348765432098 0.5707465277777778 0.9953703703703703 0.572265625 0.9837962962962963 0.5776909722222222 0.9783950617283951 0.5813802083333334 0.9780092592592593
1 0.5959201388888888 0.9583333333333334 0.5983072916666666 0.9616126543209876 0.595703125 0.9699074074074074 0.5911458333333334 0.9618055555555556 0.5826822916666666 0.9600694444444444 0.595703125 0.9583333333333334
1 0.5611979166666666 0.9826388888888888 0.5705295138888888 0.9893904320987654 0.5724826388888888 0.9944058641975309 0.5713975694444444 0.9998070987654321 0.5559895833333334 0.9998070987654321 0.5536024305555556 0.9949845679012346 0.5540364583333334 0.9884259259259259 0.5575086805555556 0.9826388888888888 0.5609809027777778 0.9826388888888888
1 0.5746527777777778 0.9349922839506173 0.5809461805555556 0.9425154320987654 0.5789930555555556 0.953125 0.58203125 0.9608410493827161 0.5813802083333334 0.9673996913580247 0.5789930555555556 0.966820987654321 0.5763888888888888 0.9614197530864198 0.5672743055555556 0.9604552469135802 0.5598958333333334 0.9463734567901234 0.5631510416666666 0.9371141975308642 0.5744357638888888 0.9349922839506173
1 0.5260416666666666 0.9758873456790124 0.5364583333333334 0.9762731481481481 0.5397135416666666 0.9807098765432098 0.5366753472222222 0.9998070987654321 0.5275607638888888 0.9998070987654321 0.5260416666666666 0.9969135802469136 0.5212673611111112 0.9845679012345679 0.5258246527777778 0.9760802469135802
1 0.5052083333333334 0.9733796296296297 0.5080295138888888 0.984375 0.498046875 0.9998070987654321 0.4893663194444444 0.9998070987654321 0.4869791666666667 0.9812885802469136 0.4913194444444444 0.9770447530864198 0.5008680555555556 0.9774305555555556 0.5049913194444444 0.9735725308641975
1 0.5373263888888888 0.8966049382716049 0.5477430555555556 0.8969907407407407 0.5466579861111112 0.9087577160493827 0.5397135416666666 0.9037422839506173 0.5225694444444444 0.9077932098765432 0.5295138888888888 0.8969907407407407 0.537109375 0.8966049382716049
1 0.5763888888888888 0.78125 0.5770399305555556 0.7827932098765432 0.5726996527777778 0.7860725308641975 0.5757378472222222 0.7976466049382716 0.5609809027777778 0.7957175925925926 0.5572916666666666 0.8042052469135802 0.5531684027777778 0.8038194444444444 0.5457899305555556 0.7893518518518519 0.5397135416666666 0.7862654320987654 0.5392795138888888 0.7829861111111112 0.564453125 0.7872299382716049 0.576171875 0.78125
1 0.4084201388888889 0.9540895061728395 0.41015625 0.956983024691358 0.4045138888888889 0.9697145061728395 0.4010416666666667 0.9548611111111112 0.408203125 0.9540895061728395
1 0.3982204861111111 0.8649691358024691 0.4088541666666667 0.8670910493827161 0.4103732638888889 0.8695987654320988 0.404296875 0.8765432098765432 0.3940972222222222 0.8792438271604939 0.3856336805555556 0.8751929012345679 0.3838975694444444 0.8692129629629629 0.38671875 0.8657407407407407 0.3980034722222222 0.8649691358024691
1 0.3732638888888889 0.8584104938271605 0.3802083333333333 0.8645833333333334 0.3821614583333333 0.8719135802469136 0.3715277777777778 0.8890817901234568 0.3669704861111111 0.8881172839506173 0.3671875 0.8832947530864198 0.3626302083333333 0.8802083333333334 0.3634982638888889 0.8684413580246914 0.3606770833333333 0.8626543209876543 0.373046875 0.8584104938271605
1 0.7378472222222222 0.6003086419753086 0.7513020833333334 0.6035879629629629 0.7595486111111112 0.6099537037037037 0.7621527777777778 0.6263503086419753 0.7515190972222222 0.6222993827160493 0.7484809027777778 0.6302083333333334 0.7447916666666666 0.6246141975308642 0.7309027777777778 0.6263503086419753 0.7256944444444444 0.6163194444444444 0.7259114583333334 0.6049382716049383 0.7306857638888888 0.6008873456790124 0.7376302083333334 0.6003086419753086
1 0.6822916666666666 0.5925925925925926 0.6840277777777778 0.5952932098765432 0.6799045138888888 0.5989583333333334 0.6825086805555556 0.605516975308642 0.6885850694444444 0.609375 0.6753472222222222 0.6180555555555556 0.6714409722222222 0.6170910493827161 0.6697048611111112 0.611304012345679 0.6649305555555556 0.6078317901234568 0.654296875 0.6111111111111112 0.6436631944444444 0.6035879629629629 0.6432291666666666 0.5974151234567902 0.6506076388888888 0.5945216049382716 0.6731770833333334 0.5952932098765432 0.6820746527777778 0.5927854938271605
1 0.7868923611111112 0.4876543209876543 0.7868923611111112 0.4982638888888889 0.7827690972222222 0.498070987654321 0.7819010416666666 0.4955632716049383 0.7825520833333334 0.4895833333333333 0.7866753472222222 0.4876543209876543
1 0.7239583333333334 0.5152391975308642 0.73046875 0.5165895061728395 0.7319878472222222 0.519483024691358 0.7306857638888888 0.5368441358024691 0.7274305555555556 0.5407021604938271 0.716796875 0.5190972222222222 0.716796875 0.5154320987654321 0.7237413194444444 0.5152391975308642
1 0.6940104166666666 0.47685185185185186 0.6976996527777778 0.4807098765432099 0.7013888888888888 0.498070987654321 0.693359375 0.5023148148148148 0.6890190972222222 0.5003858024691358 0.6790364583333334 0.5009645061728395 0.677734375 0.498070987654321 0.6812065972222222 0.49093364197530864 0.6822916666666666 0.47800925925925924 0.6937934027777778 0.47685185185185186
1 0.6278211805555556 0.4724151234567901 0.6334635416666666 0.4739583333333333 0.6351996527777778 0.47800925925925924 0.6341145833333334 0.49112654320987653 0.630859375 0.49266975308641975 0.6197916666666666 0.4836033950617284 0.6161024305555556 0.484375 0.6143663194444444 0.4809027777777778 0.6184895833333334 0.4737654320987654 0.6276041666666666 0.4724151234567901
1 0.5924479166666666 0.47762345679012347 0.5998263888888888 0.4810956790123457 0.6006944444444444 0.4878472222222222 0.5989583333333334 0.49112654320987653 0.5928819444444444 0.49228395061728397 0.5885416666666666 0.4963348765432099 0.5831163194444444 0.4839891975308642 0.5881076388888888 0.47820216049382713 0.5922309027777778 0.47762345679012347
1 0.55078125 0.5032793209876543 0.5620659722222222 0.5050154320987654 0.5581597222222222 0.5144675925925926 0.5607638888888888 0.5225694444444444 0.5533854166666666 0.5216049382716049 0.5466579861111112 0.5252700617283951 0.5453559027777778 0.5221836419753086 0.5496961805555556 0.5154320987654321 0.5483940972222222 0.5048225308641975 0.5505642361111112 0.5032793209876543
1 0.7107204861111112 0.3879243827160494 0.7159288194444444 0.3904320987654321 0.7213541666666666 0.39988425925925924 0.7293836805555556 0.4077932098765432 0.7196180555555556 0.4085648148148148 0.716796875 0.41377314814814814 0.7133246527777778 0.41377314814814814 0.7063802083333334 0.4085648148148148 0.69921875 0.39872685185185186 0.69921875 0.390625 0.7105034722222222 0.3879243827160494
1 0.6100260416666666 0.4409722222222222 0.6143663194444444 0.44579475308641975 0.6163194444444444 0.4627700617283951 0.6067708333333334 0.46257716049382713 0.6024305555555556 0.45794753086419754 0.5952690972222222 0.46875 0.5950520833333334 0.44579475308641975 0.5987413194444444 0.4417438271604938 0.6098090277777778 0.4409722222222222
1 0.533203125 0.47820216049382713 0.5362413194444444 0.47897376543209874 0.5397135416666666 0.4839891975308642 0.5375434027777778 0.49787808641975306 0.53515625 0.4996141975308642 0.5310329861111112 0.4982638888888889 0.5288628472222222 0.4845679012345679 0.5329861111111112 0.47820216049382713
1 0.662109375 0.39679783950617287 0.6731770833333334 0.4025848765432099 0.6753472222222222 0.4122299382716049 0.6723090277777778 0.41396604938271603 0.6473524305555556 0.4045138888888889 0.6484375 0.3975694444444444 0.6618923611111112 0.39679783950617287
1 0.6846788194444444 0.38155864197530864 0.6998697916666666 0.3904320987654321 0.6927083333333334 0.39911265432098764 0.6859809027777778 0.39544753086419754 0.6783854166666666 0.39776234567901236 0.6701388888888888 0.3908179012345679 0.6786024305555556 0.38213734567901236 0.6844618055555556 0.38155864197530864
1 0.7172309027777778 0.36149691358024694 0.716796875 0.3707561728395062 0.7133246527777778 0.3809799382716049 0.7100694444444444 0.38290895061728397 0.7026909722222222 0.3626543209876543 0.7170138888888888 0.36149691358024694
1 0.640625 0.38348765432098764 0.6438802083333334 0.3888888888888889 0.6447482638888888 0.39737654320987653 0.638671875 0.4056712962962963 0.6351996527777778 0.4047067901234568 0.6334635416666666 0.39911265432098764 0.6252170138888888 0.4010416666666667 0.6228298611111112 0.3933256172839506 0.6254340277777778 0.38676697530864196 0.6297743055555556 0.38348765432098764 0.6404079861111112 0.38348765432098764
1 0.2458767361111111 0.9176311728395061 0.2510850694444444 0.9216820987654321 0.2521701388888889 0.9272762345679012 0.248046875 0.9421296296296297 0.2456597222222222 0.9427083333333334 0.2398003472222222 0.9274691358024691 0.24131944444444445 0.9203317901234568 0.2456597222222222 0.9176311728395061
1 0.3578559027777778 0.6950231481481481 0.3654513888888889 0.7056327160493827 0.3591579861111111 0.7235725308641975 0.3559027777777778 0.7233796296296297 0.353515625 0.7202932098765432 0.3498263888888889 0.7083333333333334 0.3522135416666667 0.6967592592592593 0.3576388888888889 0.6950231481481481
1 0.4809027777777778 0.47357253086419754 0.4845920138888889 0.47434413580246915 0.4867621527777778 0.4791666666666667 0.4811197916666667 0.4940200617283951 0.4782986111111111 0.49344135802469136 0.4774305555555556 0.4895833333333333 0.4780815972222222 0.47704475308641975 0.4806857638888889 0.4737654320987654
1 0.6126302083333334 0.3879243827160494 0.6247829861111112 0.39776234567901236 0.6223958333333334 0.4074074074074074 0.6239149305555556 0.41473765432098764 0.6161024305555556 0.41165123456790126 0.6091579861111112 0.41358024691358025 0.6065538194444444 0.4122299382716049 0.6080729166666666 0.4039351851851852 0.6056857638888888 0.3948688271604938 0.6124131944444444 0.3881172839506173
1 0.4772135416666667 0.47434413580246915 0.4787326388888889 0.4853395061728395 0.4765625 0.49440586419753085 0.4720052083333333 0.49459876543209874 0.4694010416666667 0.48051697530864196 0.4704861111111111 0.47685185185185186 0.4769965277777778 0.47453703703703703
1 0.4813368055555556 0.4737654320987654 0.4861111111111111 0.47704475308641975 0.4858940972222222 0.4841820987654321 0.4811197916666667 0.49382716049382713 0.4743923611111111 0.4949845679012346 0.4715711805555556 0.49093364197530864 0.4702690972222222 0.47800925925925924 0.4811197916666667 0.4737654320987654
1 0.5883246527777778 0.38155864197530864 0.5922309027777778 0.3898533950617284 0.5887586805555556 0.4039351851851852 0.578125 0.4066358024691358 0.5785590277777778 0.40084876543209874 0.5733506944444444 0.3908179012345679 0.57421875 0.38580246913580246 0.578125 0.38175154320987653 0.5881076388888888 0.38175154320987653
1 0.5477430555555556 0.38329475308641975 0.5570746527777778 0.38387345679012347 0.5594618055555556 0.3908179012345679 0.5536024305555556 0.4020061728395062 0.5434027777777778 0.4077932098765432 0.541015625 0.4060570987654321 0.5375434027777778 0.3904320987654321 0.5431857638888888 0.38329475308641975 0.5475260416666666 0.38329475308641975
1 0.3459201388888889 0.6934799382716049 0.3513454861111111 0.6961805555555556 0.3515625 0.7000385802469136 0.34765625 0.7201003086419753 0.3441840277777778 0.7222222222222222 0.33984375 0.7202932098765432 0.3368055555555556 0.7056327160493827 0.3383246527777778 0.6994598765432098 0.345703125 0.6934799382716049
1 0.6267361111111112 0.33834876543209874 0.6321614583333334 0.3452932098765432 0.6306423611111112 0.36554783950617287 0.6267361111111112 0.3618827160493827 0.623046875 0.36554783950617287 0.6200086805555556 0.36516203703703703 0.6115451388888888 0.34953703703703703 0.6139322916666666 0.3402777777777778 0.6265190972222222 0.33834876543209874
1 0.4029947916666667 0.41107253086419754 0.4142795138888889 0.41338734567901236 0.4197048611111111 0.4182098765432099 0.4177517361111111 0.4214891975308642 0.4114583333333333 0.41724537037037035 0.4092881944444444 0.41801697530864196 0.4079861111111111 0.42573302469135804 0.4045138888888889 0.41358024691358025 0.3999565972222222 0.41724537037037035 0.3980034722222222 0.4251543209876543 0.3891059027777778 0.42496141975308643 0.3938802083333333 0.41261574074074076 0.4027777777777778 0.41107253086419754
1 0.5954861111111112 0.2966820987654321 0.5978732638888888 0.30690586419753085 0.5965711805555556 0.30941358024691357 0.5920138888888888 0.30439814814814814 0.5865885416666666 0.30420524691358025 0.5746527777777778 0.310570987654321 0.5735677083333334 0.30709876543209874 0.5811631944444444 0.2978395061728395 0.5952690972222222 0.2966820987654321
1 0.7934027777777778 0.20158179012345678 0.8016493055555556 0.20987654320987653 0.7996961805555556 0.22376543209876543 0.8018663194444444 0.23070987654320987 0.7936197916666666 0.23206018518518517 0.7916666666666666 0.23070987654320987 0.7907986111111112 0.22145061728395063 0.7862413194444444 0.21296296296296297 0.7873263888888888 0.20640432098765432 0.7931857638888888 0.2017746913580247
1 0.4437934027777778 0.2673611111111111 0.4596354166666667 0.27218364197530864 0.4529079861111111 0.2795138888888889 0.4463975694444444 0.2822145061728395 0.4357638888888889 0.2797067901234568 0.4327256944444444 0.2752700617283951 0.4340277777777778 0.2692901234567901 0.4435763888888889 0.2673611111111111
1 0.3216145833333333 0.7744984567901234 0.32421875 0.7798996913580247 0.3213975694444444 0.7885802469135802 0.3077256944444444 0.8036265432098766 0.2981770833333333 0.7932098765432098 0.3053385416666667 0.7874228395061729 0.3135850694444444 0.7756558641975309 0.3213975694444444 0.7744984567901234
1 0.296875 0.7569444444444444 0.3020833333333333 0.7586805555555556 0.3101128472222222 0.7690972222222222 0.3111979166666667 0.7764274691358025 0.3075086805555556 0.7783564814814815 0.2986111111111111 0.7766203703703703 0.2966579861111111 0.7571373456790124
1 0.4079861111111111 0.265625 0.421875 0.2619598765432099 0.4305555555555556 0.2725694444444444 0.4305555555555556 0.27719907407407407 0.421875 0.29224537037037035 0.4162326388888889 0.2918595679012346 0.4162326388888889 0.2856867283950617 0.41015625 0.2829861111111111 0.4127604166666667 0.27237654320987653 0.408203125 0.2658179012345679
1 0.6195746527777778 0.18422067901234568 0.6260850694444444 0.19444444444444445 0.6254340277777778 0.19945987654320987 0.6148003472222222 0.2033179012345679 0.609375 0.2029320987654321 0.6059027777777778 0.1996527777777778 0.6069878472222222 0.19270833333333334 0.6195746527777778 0.18441358024691357
1 0.6241319444444444 0.17689043209876543 0.6254340277777778 0.17881944444444445 0.6208767361111112 0.18557098765432098 0.6241319444444444 0.19425154320987653 0.6119791666666666 0.19232253086419754 0.6069878472222222 0.1996527777777778 0.6026475694444444 0.2013888888888889 0.5944010416666666 0.1857638888888889 0.5874565972222222 0.18229166666666666 0.5881076388888888 0.18036265432098766 0.6134982638888888 0.18460648148148148 0.6239149305555556 0.17689043209876543
1 0.22374131944444445 0.7613811728395061 0.2289496527777778 0.7685185185185185 0.2465277777777778 0.7725694444444444 0.2495659722222222 0.7754629629629629 0.248046875 0.7797067901234568 0.23111979166666666 0.7800925925925926 0.22721354166666666 0.7791280864197531 0.2243923611111111 0.7727623456790124 0.21549479166666666 0.7690972222222222 0.22157118055555555 0.7665895061728395 0.22157118055555555 0.7621527777777778 0.22352430555555555 0.7613811728395061
1 0.19270833333333334 0.826195987654321 0.1853298611111111 0.8072916666666666 0.1892361111111111 0.8061342592592593 0.1990017361111111 0.808641975308642 0.1953125 0.8240740740740741 0.1929253472222222 0.8260030864197531
1 0.2378472222222222 0.6925154320987654 0.24110243055555555 0.6956018518518519 0.24327256944444445 0.7035108024691358 0.23697916666666666 0.7092978395061729 0.2341579861111111 0.7173996913580247 0.2309027777777778 0.7197145061728395 0.22157118055555555 0.7185570987654321 0.2172309027777778 0.714891975308642 0.20703125 0.716820987654321 0.22395833333333334 0.6934799382716049 0.23763020833333334 0.6925154320987654
1 0.2944878472222222 0.3283179012345679 0.2990451388888889 0.3315972222222222 0.3009982638888889 0.3387345679012346 0.2970920138888889 0.35281635802469136 0.2942708333333333 0.35397376543209874 0.2916666666666667 0.35165895061728397 0.2879774305555556 0.3387345679012346 0.2899305555555556 0.3304398148148148 0.2942708333333333 0.3283179012345679
1 0.3667534722222222 0.17708333333333334 0.3697916666666667 0.17959104938271606 0.3695746527777778 0.1880787037037037 0.3537326388888889 0.2065972222222222 0.3452690972222222 0.19984567901234568 0.3441840277777778 0.19579475308641975 0.3504774305555556 0.19077932098765432 0.3585069444444444 0.17881944444444445 0.3665364583333333 0.17708333333333334
1 0.23567708333333334 0.7787422839506173 0.24153645833333334 0.7816358024691358 0.244140625 0.7864583333333334 0.24110243055555555 0.8051697530864198 0.2300347222222222 0.8036265432098766 0.2328559027777778 0.7970679012345679 0.23046875 0.7826003086419753 0.23546006944444445 0.7787422839506173
1 0.3420138888888889 0.1587577160493827 0.357421875 0.1753472222222222 0.3552517361111111 0.18074845679012347 0.34375 0.17997685185185186 0.3420138888888889 0.15895061728395063
1 0.2361111111111111 0.21469907407407407 0.244140625 0.2166280864197531 0.2406684027777778 0.23148148148148148 0.2380642361111111 0.2341820987654321 0.22981770833333334 0.2173996913580247 0.2309027777777778 0.2152777777777778 0.2358940972222222 0.21469907407407407
1 0.283203125 0.1857638888888889 0.2879774305555556 0.1886574074074074 0.2888454861111111 0.19174382716049382 0.2862413194444444 0.21084104938271606 0.2797309027777778 0.20871913580246915 0.2760416666666667 0.20968364197530864 0.2751736111111111 0.1888503086419753 0.279296875 0.1849922839506173 0.2829861111111111 0.1857638888888889
1 0.2688802083333333 0.1684027777777778 0.2758246527777778 0.17631172839506173 0.2927517361111111 0.17881944444444445 0.2942708333333333 0.18113425925925927 0.2931857638888889 0.18557098765432098 0.2899305555555556 0.1869212962962963 0.2795138888888889 0.18557098765432098 0.2760416666666667 0.1871141975308642 0.2717013888888889 0.1865354938271605 0.2673611111111111 0.17939814814814814 0.2588975694444444 0.1753472222222222 0.2647569444444444 0.17476851851851852 0.265625 0.16878858024691357 0.2686631944444444 0.1684027777777778
1 0.16883680555555555 0.7669753086419753 0.17578125 0.7673611111111112 0.1814236111111111 0.7729552469135802 0.18077256944444445 0.7791280864197531 0.17469618055555555 0.7874228395061729 0.17513020833333334 0.7935956790123457 0.1616753472222222 0.7899305555555556 0.16145833333333334 0.7729552469135802 0.16493055555555555 0.7679398148148148 0.16861979166666666 0.7669753086419753
1 0.13563368055555555 0.7733410493827161 0.1404079861111111 0.7758487654320988 0.13758680555555555 0.7864583333333334 0.12022569444444445 0.7966820987654321 0.11805555555555555 0.793016975308642 0.1208767361111111 0.7862654320987654 0.1284722222222222 0.7768132716049383 0.13541666666666666 0.7733410493827161
1 0.12999131944444445 0.7673611111111112 0.1325954861111111 0.7727623456790124 0.11631944444444445 0.7864583333333334 0.11328125 0.7829861111111112 0.11219618055555555 0.7760416666666666 0.1228298611111111 0.767554012345679 0.12977430555555555 0.7673611111111112
1 0.0720486111111111 0.8478009259259259 0.0779079861111111 0.855516975308642 0.07769097222222222 0.859375 0.07465277777777778 0.8614969135802469 0.06727430555555555 0.8510802469135802 0.06770833333333333 0.8468364197530864 0.07183159722222222 0.8478009259259259
1 0.09895833333333333 0.7648533950617284 0.10546875 0.7658179012345679 0.1095920138888889 0.7729552469135802 0.10850694444444445 0.7791280864197531 0.09895833333333333 0.793016975308642 0.0920138888888889 0.7895447530864198 0.09071180555555555 0.7760416666666666 0.095703125 0.7658179012345679 0.09874131944444445 0.7650462962962963
1 0.10394965277777778 0.7654320987654321 0.10850694444444445 0.7692901234567902 0.1095920138888889 0.7762345679012346 0.09874131944444445 0.7961033950617284 0.0954861111111111 0.7959104938271605 0.09049479166666667 0.7899305555555556 0.09092881944444445 0.7756558641975309 0.09678819444444445 0.7654320987654321 0.1037326388888889 0.7654320987654321
1 0.0861545138888889 0.7609953703703703 0.10091145833333333 0.765625 0.091796875 0.7777777777777778 0.0783420138888889 0.7743055555555556 0.07703993055555555 0.7721836419753086 0.07682291666666667 0.7623456790123457 0.0859375 0.7609953703703703
1 0.09526909722222222 0.7177854938271605 0.10590277777777778 0.7197145061728395 0.109375 0.7341820987654321 0.10264756944444445 0.7316743827160493 0.0978732638888889 0.7330246913580247 0.08919270833333333 0.7272376543209876 0.08550347222222222 0.7195216049382716 0.09505208333333333 0.7179783950617284
1 0.078125 0.7883873456790124 0.0920138888888889 0.7891589506172839 0.09526909722222222 0.7926311728395061 0.09917534722222222 0.793016975308642 0.0954861111111111 0.8043981481481481 0.0859375 0.8142361111111112 0.0822482638888889 0.8150077160493827 0.07769097222222222 0.814429012345679 0.07161458333333333 0.8059413580246914 0.05837673611111111 0.8038194444444444 0.056640625 0.8005401234567902 0.06488715277777778 0.7897376543209876 0.0779079861111111 0.7883873456790124
1 0.08246527777777778 0.7604166666666666 0.10243055555555555 0.7652391975308642 0.10611979166666667 0.7702546296296297 0.09895833333333333 0.7721836419753086 0.091796875 0.7783564814814815 0.08159722222222222 0.7754629629629629 0.07335069444444445 0.7766203703703703 0.072265625 0.7690972222222222 0.06488715277777778 0.7687114197530864 0.07118055555555555 0.7797067901234568 0.06749131944444445 0.7795138888888888 0.0642361111111111 0.7746913580246914 0.0627170138888889 0.765625 0.0822482638888889 0.7604166666666666
1 0.08289930555555555 0.7611882716049383 0.08723958333333333 0.7621527777777778 0.08550347222222222 0.7729552469135802 0.07118055555555555 0.78125 0.06749131944444445 0.78125 0.061848958333333336 0.7760416666666666 0.059244791666666664 0.7716049382716049 0.06032986111111111 0.7663966049382716 0.06749131944444445 0.7621527777777778 0.08268229166666667 0.7611882716049383
1 0.07942708333333333 0.7185570987654321 0.08246527777777778 0.7195216049382716 0.0842013888888889 0.7237654320987654 0.08159722222222222 0.7287808641975309 0.07465277777777778 0.7282021604938271 0.07096354166666667 0.7249228395061729 0.07096354166666667 0.7189429012345679 0.07921006944444445 0.7185570987654321
1 0.2204861111111111 0.17650462962962962 0.22547743055555555 0.18190586419753085 0.22591145833333334 0.1857638888888889 0.2185329861111111 0.19444444444444445 0.2170138888888889 0.2013888888888889 0.2052951388888889 0.1996527777777778 0.20377604166666666 0.18557098765432098 0.20811631944444445 0.17766203703703703 0.2202690972222222 0.17650462962962962
1 0.11328125 0.2640817901234568 0.11957465277777778 0.2690972222222222 0.11957465277777778 0.2789351851851852 0.11566840277777778 0.2770061728395062 0.11046006944444445 0.26871141975308643 0.10980902777777778 0.2654320987654321 0.1130642361111111 0.2640817901234568
1 0.17881944444444445 0.18460648148148148 0.18272569444444445 0.1876929012345679 0.1818576388888889 0.19598765432098766 0.16471354166666666 0.20833333333333334 0.1603732638888889 0.20679012345679013 0.1616753472222222 0.2023533950617284 0.1703559027777778 0.1892361111111111 0.17860243055555555 0.18460648148148148
1 0.171875 0.17824074074074073 0.17513020833333334 0.18557098765432098 0.16145833333333334 0.19868827160493827 0.15711805555555555 0.19733796296296297 0.15342881944444445 0.18904320987654322 0.16124131944444445 0.18132716049382716 0.1716579861111111 0.17824074074074073
1 0.1443142361111111 0.17881944444444445 0.1508246527777778 0.18229166666666666 0.1519097222222222 0.1896219135802469 0.1404079861111111 0.21045524691358025 0.13368055555555555 0.2052469135802469 0.13411458333333334 0.19077932098765432 0.1391059027777778 0.18016975308641975 0.1440972222222222 0.17881944444444445
1 0.08463541666666667 0.7613811728395061 0.08702256944444445 0.7621527777777778 0.0876736111111111 0.765625 0.0837673611111111 0.7687114197530864 0.083984375 0.7725694444444444 0.07096354166666667 0.78125 0.06705729166666667 0.7810570987654321 0.05750868055555555 0.7744984567901234 0.04318576388888889 0.7766203703703703 0.040581597222222224 0.7723765432098766 0.04210069444444445 0.765625 0.046875 0.7615740740740741 0.059027777777777776 0.7646604938271605 0.06684027777777778 0.7619598765432098 0.08441840277777778 0.7613811728395061
1 0.047309027777777776 0.7613811728395061 0.059244791666666664 0.7654320987654321 0.059895833333333336 0.7698688271604939 0.056640625 0.7760416666666666 0.04709201388888889 0.7797067901234568 0.04318576388888889 0.779320987654321 0.03927951388888889 0.7727623456790124 0.041449652777777776 0.7654320987654321 0.04709201388888889 0.7613811728395061
1 0.1286892361111111 0.17554012345679013 0.1384548611111111 0.17881944444444445 0.1349826388888889 0.1896219135802469 0.1304253472222222 0.19193672839506173 0.12239583333333333 0.19058641975308643 0.11653645833333333 0.19270833333333334 0.11024305555555555 0.17881944444444445 0.1284722222222222 0.17554012345679013
1 0.11176215277777778 0.17824074074074073 0.11631944444444445 0.17920524691358025 0.1193576388888889 0.1892361111111111 0.11458333333333333 0.19598765432098766 0.10980902777777778 0.19772376543209877 0.10308159722222222 0.19251543209876543 0.09917534722222222 0.1849922839506173 0.0998263888888889 0.18229166666666666 0.1052517361111111 0.17881944444444445 0.1115451388888889 0.17824074074074073
1 0.7667100694444444 0 0.7996961805555556 0 0.8044704861111112 0.015239197530864198 0.8033854166666666 0.01832561728395062 0.7934027777777778 0.01273148148148148 0.7899305555555556 0.020833333333333332 0.7860243055555556 0.015625 0.7736545138888888 0.017554012345679014 0.7680121527777778 0.008873456790123456 0.7667100694444444 0.00019290123456790122
1 0.4012586805555556 0.0939429012345679 0.4058159722222222 0.09760802469135803 0.4092881944444444 0.10513117283950617 0.4045138888888889 0.12094907407407407 0.4021267361111111 0.12210648148148148 0.3977864583333333 0.11998456790123457 0.3930121527777778 0.1087962962962963 0.3951822916666667 0.09606481481481481 0.4010416666666667 0.0939429012345679
1 0.3869357638888889 0.0933641975308642 0.390625 0.0931712962962963 0.39453125 0.09799382716049383 0.3912760416666667 0.11998456790123457 0.3854166666666667 0.12094907407407407 0.3806423611111111 0.10493827160493827 0.3869357638888889 0.0935570987654321
1 0.2797309027777778 0.09683641975308642 0.2847222222222222 0.10146604938271606 0.2864583333333333 0.10667438271604938 0.2797309027777778 0.11400462962962964 0.2760416666666667 0.12210648148148148 0.2723524305555556 0.1232638888888889 0.2654079861111111 0.12307098765432099 0.2615017361111111 0.11921296296296297 0.251953125 0.12152777777777778 0.25 0.11979166666666667 0.265625 0.09837962962962964 0.2688802083333333 0.09664351851851852 0.2795138888888889 0.09683641975308642
1 0.0390625 0.7175925925925926 0.04774305555555555 0.7197145061728395 0.04774305555555555 0.7307098765432098 0.04318576388888889 0.7299382716049383 0.036675347222222224 0.7561728395061729 0.029296875 0.7492283950617284 0.027126736111111112 0.7264660493827161 0.029513888888888888 0.7189429012345679 0.03884548611111111 0.7175925925925926
1 0.08984375 0.17939814814814814 0.1032986111111111 0.18209876543209877 0.10394965277777778 0.18942901234567902 0.095703125 0.19598765432098766 0.08854166666666667 0.19714506172839505 0.08138020833333333 0.19483024691358025 0.080078125 0.1880787037037037 0.0818142361111111 0.18248456790123457 0.0896267361111111 0.17939814814814814
1 0.1443142361111111 0.12982253086419754 0.146484375 0.13097993827160495 0.15104166666666666 0.14506172839506173 0.14388020833333334 0.14448302469135801 0.1404079861111111 0.14699074074074073 0.1371527777777778 0.14641203703703703 0.126953125 0.1371527777777778 0.1254340277777778 0.13271604938271606 0.12760416666666666 0.13059413580246915 0.1440972222222222 0.12982253086419754
1 0.13758680555555555 0.13001543209876543 0.1404079861111111 0.13329475308641975 0.13932291666666666 0.13792438271604937 0.142578125 0.14351851851851852 0.1404079861111111 0.14506172839506173 0.12977430555555555 0.1404320987654321 0.12456597222222222 0.13368055555555555 0.12586805555555555 0.13001543209876543 0.13736979166666666 0.13001543209876543
1 0.11653645833333333 0.13020833333333334 0.12196180555555555 0.13175154320987653 0.12434895833333333 0.13734567901234568 0.123046875 0.1423611111111111 0.11675347222222222 0.14390432098765432 0.11263020833333333 0.1419753086419753 0.1076388888888889 0.13368055555555555 0.11631944444444445 0.13020833333333334
1 0.08854166666666667 0.13368055555555555 0.08268229166666667 0.14853395061728394 0.0779079861111111 0.1728395061728395 0.07378472222222222 0.1722608024691358 0.06901041666666667 0.16473765432098766 0.0666232638888889 0.1371527777777778 0.0744357638888889 0.13387345679012347 0.08832465277777778 0.13368055555555555
1 0.11631944444444445 0.05150462962962963 0.12044270833333333 0.052662037037037035 0.1306423611111111 0.06404320987654322 0.12999131944444445 0.07966820987654322 0.11675347222222222 0.07118055555555555 0.1056857638888889 0.07214506172839506 0.0954861111111111 0.07696759259259259 0.09331597222222222 0.07465277777777778 0.0935329861111111 0.06770833333333333 0.09657118055555555 0.0628858024691358 0.109375 0.05246913580246913 0.11610243055555555 0.05150462962962963
1 0.7120225694444444 0 0.7300347222222222 0 0.7298177083333334 0.001736111111111111 0.7215711805555556 0.004629629629629629 0.7172309027777778 0.009837962962962963 0.7131076388888888 0.008487654320987654 0.7120225694444444 0.00019290123456790122
1 0.6712239583333334 0.5229552469135802 0.6710069444444444 0.5258487654320988 0.6731770833333334 0.5268132716049383 0.6788194444444444 0.5320216049382716 0.6807725694444444 0.5310570987654321 0.681640625 0.5289351851851852 0.6829427083333334 0.5289351851851852 0.6861979166666666 0.5360725308641975 0.6888020833333334 0.5372299382716049 0.6905381944444444 0.5366512345679012 0.6920572916666666 0.5345293209876543 0.6976996527777778 0.5333719135802469 0.6994357638888888 0.5320216049382716 0.7005208333333334 0.5297067901234568 0.7005208333333334 0.5266203703703703 0.6996527777777778 0.5254629629629629
1 0.5776909722222222 0.5048225308641975 0.5770399305555556 0.5052083333333334 0.5850694444444444 0.5198688271604939 0.5865885416666666 0.515625 0.5868055555555556 0.5084876543209876 0.5813802083333334 0.5050154320987654
1 0.6117621527777778 0.5075231481481481 0.6128472222222222 0.5119598765432098 0.6156684027777778 0.5138888888888888 0.6165364583333334 0.515625 0.6197916666666666 0.5167824074074074 0.6228298611111112 0.5158179012345679 0.6273871527777778 0.5125385802469136 0.6302083333333334 0.5088734567901234 0.626953125 0.5073302469135802 0.6200086805555556 0.5084876543209876 0.6128472222222222 0.5059799382716049
1 0.5735677083333334 0.38773148148148145 0.5733506944444444 0.390625 0.57421875 0.3933256172839506 0.5776909722222222 0.39776234567901236 0.5774739583333334 0.40489969135802467 0.578125 0.4068287037037037 0.5828993055555556 0.404320987654321 0.583984375 0.40142746913580246 0.5824652777777778 0.3975694444444444 0.5824652777777778 0.3904320987654321 0.5850694444444444 0.3863811728395062 0.5835503472222222 0.38329475308641975 0.578125 0.3819444444444444 0.5746527777777778 0.38445216049382713
1 0.548828125 0.38676697530864196 0.5483940972222222 0.4025848765432099 0.5486111111111112 0.4045138888888889 0.5503472222222222 0.4064429012345679 0.5536024305555556 0.4037422839506173 0.55859375 0.39371141975308643 0.5594618055555556 0.3869598765432099 0.5570746527777778 0.38213734567901236 0.5536024305555556 0.38213734567901236 0.5516493055555556 0.38310185185185186 0.5496961805555556 0.3846450617283951
1 0.5950520833333334 0.4461805555555556 0.5948350694444444 0.45871913580246915 0.5933159722222222 0.4670138888888889 0.59375 0.4685570987654321 0.5952690972222222 0.4695216049382716 0.6004774305555556 0.45987654320987653 0.6011284722222222 0.4529320987654321 0.6026475694444444 0.4496527777777778 0.6015625 0.4425154320987654 0.5987413194444444 0.44135802469135804
1 0.6818576388888888 0.47897376543209874 0.6814236111111112 0.4845679012345679 0.6822916666666666 0.48842592592592593 0.6814236111111112 0.49228395061728397 0.6783854166666666 0.4972993827160494 0.6781684027777778 0.501929012345679 0.6788194444444444 0.5028935185185185 0.6814236111111112 0.5032793209876543 0.6885850694444444 0.5027006172839507 0.6892361111111112 0.5017361111111112 0.6890190972222222 0.49787808641975306 0.6877170138888888 0.49363425925925924 0.6896701388888888 0.4851466049382716 0.689453125 0.48032407407407407 0.6905381944444444 0.4774305555555556 0.6831597222222222 0.47723765432098764 0.6822916666666666 0.4774305555555556
1 0.6297743055555556 0.3589891975308642 0.62890625 0.359375 0.6295572916666666 0.36593364197530864 0.6291232638888888 0.373070987654321 0.6304253472222222 0.3744212962962963 0.6334635416666666 0.373070987654321 0.6358506944444444 0.3643904320987654 0.6391059027777778 0.3626543209876543 0.6345486111111112 0.3616898148148148
1 0.5915798611111112 0.2970679012345679 0.5900607638888888 0.3001543209876543 0.5904947916666666 0.30362654320987653 0.5922309027777778 0.30459104938271603 0.5952690972222222 0.3097993827160494 0.5987413194444444 0.310570987654321 0.5987413194444444 0.30690586419753085 0.5974392361111112 0.30439814814814814 0.5967881944444444 0.2984182098765432 0.5952690972222222 0.2966820987654321
1 0.5907118055555556 0.36149691358024694 0.5891927083333334 0.3628472222222222 0.5902777777777778 0.36612654320987653 0.5915798611111112 0.36747685185185186 0.5959201388888888 0.36670524691358025 0.5980902777777778 0.36747685185185186 0.6022135416666666 0.36709104938271603 0.6030815972222222 0.36342592592592593 0.6024305555555556 0.36226851851851855 0.5926649305555556 0.3609182098765432
1 0.6417100694444444 0.36226851851851855 0.6410590277777778 0.3626543209876543 0.6447482638888888 0.36496913580246915 0.6473524305555556 0.37017746913580246 0.6497395833333334 0.36882716049382713 0.6508246527777778 0.3638117283950617 0.6560329861111112 0.3628472222222222 0.650390625 0.36226851851851855 0.6480034722222222 0.361304012345679 0.64453125 0.361304012345679
1 0.6219618055555556 0.4261188271604938 0.6217447916666666 0.42901234567901236 0.6232638888888888 0.43132716049382713 0.626953125 0.4288194444444444 0.6295572916666666 0.4253472222222222 0.6304253472222222 0.4224537037037037 0.6299913194444444 0.4193672839506173 0.6286892361111112 0.4168595679012346 0.626953125 0.4158950617283951 0.6243489583333334 0.4182098765432099
1 0.6325954861111112 0.4255401234567901 0.6323784722222222 0.43094135802469136 0.6334635416666666 0.43287037037037035 0.6373697916666666 0.4322916666666667 0.6414930555555556 0.42959104938271603 0.6486545138888888 0.42862654320987653 0.6440972222222222 0.42476851851851855 0.6349826388888888 0.423804012345679 0.6336805555555556 0.42399691358024694
1 0.642578125 0.42476851851851855 0.6430121527777778 0.42920524691358025 0.6460503472222222 0.43074845679012347 0.6508246527777778 0.4305555555555556 0.6534288194444444 0.4255401234567901 0.6529947916666666 0.42399691358024694 0.6510416666666666 0.4222608024691358 0.6471354166666666 0.4222608024691358
1 0.7029079861111112 0.4575617283950617 0.7029079861111112 0.46064814814814814 0.7094184027777778 0.46334876543209874 0.7194010416666666 0.4618055555555556 0.7243923611111112 0.4600694444444444 0.7230902777777778 0.4583333333333333 0.7189670138888888 0.4564043209876543 0.7096354166666666 0.4567901234567901 0.7063802083333334 0.45621141975308643 0.7037760416666666 0.4565972222222222