1 0.658203125 0.982445987654321 0.6657986111111112 0.9878472222222222 0.6716579861111112 0.9998070987654321 0.6508246527777778 0.9998070987654321 0.6473524305555556 0.9959490740740741 0.6475694444444444 0.9878472222222222 0.6579861111111112 0.982445987654321
1 0.6649305555555556 0.9581404320987654 0.6673177083333334 0.9600694444444444 0.6647135416666666 0.96875 0.6612413194444444 0.9774305555555556 0.6579861111111112 0.9785879629629629 0.6529947916666666 0.9596836419753086 0.6647135416666666 0.9581404320987654
1 0.6336805555555556 0.9764660493827161 0.6499565972222222 0.9845679012345679 0.640625 0.9918981481481481 0.6334635416666666 0.9905478395061729 0.6304253472222222 0.9922839506172839 0.6189236111111112 0.9868827160493827 0.6171875 0.9841820987654321 0.6256510416666666 0.9774305555555556 0.6334635416666666 0.9764660493827161
1 0.609375 0.9911265432098766 0.6206597222222222 0.9945987654320988 0.6213107638888888 0.9998070987654321 0.595703125 0.9998070987654321 0.5965711805555556 0.9930555555555556 0.6091579861111112 0.9911265432098766
1 0.7450086805555556 0.8051697530864198 0.7532552083333334 0.8140432098765432 0.7517361111111112 0.8348765432098766 0.7428385416666666 0.8341049382716049 0.7374131944444444 0.8175154320987654 0.7380642361111112 0.8119212962962963 0.7447916666666666 0.8051697530864198
1 0.5974392361111112 0.9592978395061729 0.5980902777777778 0.9670138888888888 0.5954861111111112 0.9695216049382716 0.5913628472222222 0.9618055555555556 0.5876736111111112 0.9598765432098766 0.5972222222222222 0.9592978395061729
1 0.583984375 0.9791666666666666 0.5891927083333334 0.9807098765432098 0.5913628472222222 0.9841820987654321 0.5885416666666666 0.9998070987654321 0.5822482638888888 0.9998070987654321 0.5783420138888888 0.9917052469135802 0.5737847222222222 0.9959490740740741 0.5703125 0.988233024691358 0.5703125 0.9841820987654321 0.5735677083333334 0.9807098765432098 0.5837673611111112 0.9791666666666666
1 0.5588107638888888 0.9828317901234568 0.5711805555555556 0.9891975308641975 0.5731336805555556 0.9945987654320988 0.5716145833333334 0.9998070987654321 0.5555555555555556 0.9998070987654321 0.5536024305555556 0.9878472222222222 0.55859375 0.9828317901234568
1 0.5744357638888888 0.9346064814814815 0.5811631944444444 0.9425154320987654 0.5792100694444444 0.9548611111111112 0.58203125 0.9619984567901234 0.5813802083333334 0.9670138888888888 0.5766059027777778 0.9612268518518519 0.5666232638888888 0.9598765432098766 0.5598958333333334 0.9463734567901234 0.5607638888888888 0.9396219135802469 0.5640190972222222 0.9363425925925926 0.57421875 0.9347993827160493
1 0.5355902777777778 0.9760802469135802 0.5403645833333334 0.9834104938271605 0.537109375 0.9998070987654321 0.5256076388888888 0.9998070987654321 0.5249565972222222 0.9911265432098766 0.5212673611111112 0.9847608024691358 0.5258246527777778 0.9760802469135802 0.5353732638888888 0.9760802469135802
1 0.4945746527777778 0.9764660493827161 0.498046875 0.9807098765432098 0.4965277777777778 0.9886188271604939 0.498046875 0.9951774691358025 0.4958767361111111 0.9998070987654321 0.4887152777777778 0.9998070987654321 0.4856770833333333 0.9845679012345679 0.4876302083333333 0.9795524691358025 0.4943576388888889 0.9766589506172839
1 0.49609375 0.9770447530864198 0.5052083333333334 0.9741512345679012 0.5078125 0.9803240740740741 0.5067274305555556 0.9876543209876543 0.4986979166666667 0.9998070987654321 0.4904513888888889 0.9998070987654321 0.4869791666666667 0.9853395061728395 0.4876302083333333 0.9807098765432098 0.4908854166666667 0.9776234567901234 0.4958767361111111 0.9770447530864198
1 0.5375434027777778 0.8962191358024691 0.546875 0.8969907407407407 0.5466579861111112 0.9083719135802469 0.5425347222222222 0.9079861111111112 0.5399305555555556 0.9048996913580247 0.5340711805555556 0.9077932098765432 0.5258246527777778 0.9077932098765432 0.5308159722222222 0.8975694444444444 0.5373263888888888 0.8962191358024691
1 0.4064670138888889 0.9537037037037037 0.4103732638888889 0.9565972222222222 0.4045138888888889 0.9689429012345679 0.4008246527777778 0.9552469135802469 0.40625 0.9537037037037037
1 0.3982204861111111 0.8647762345679012 0.408203125 0.8665123456790124 0.4103732638888889 0.8697916666666666 0.4040798611111111 0.8765432098765432 0.3940972222222222 0.8792438271604939 0.3854166666666667 0.8751929012345679 0.3834635416666667 0.8695987654320988 0.3869357638888889 0.8655478395061729 0.3980034722222222 0.8647762345679012
1 0.3732638888888889 0.8584104938271605 0.3810763888888889 0.8659336419753086 0.3821614583333333 0.8722993827160493 0.373046875 0.8892746913580247 0.3671875 0.8885030864197531 0.3669704861111111 0.8831018518518519 0.3624131944444444 0.8802083333333334 0.3634982638888889 0.8663194444444444 0.3606770833333333 0.8626543209876543 0.373046875 0.8584104938271605
1 0.7352430555555556 0.5999228395061729 0.7517361111111112 0.6033950617283951 0.7591145833333334 0.6095679012345679 0.7625868055555556 0.6261574074074074 0.7515190972222222 0.6222993827160493 0.7482638888888888 0.6302083333333334 0.7447916666666666 0.6248070987654321 0.7309027777777778 0.6261574074074074 0.7256944444444444 0.6165123456790124 0.7252604166666666 0.6059027777777778 0.7300347222222222 0.6012731481481481 0.7350260416666666 0.5999228395061729
1 0.6753472222222222 0.5912422839506173 0.68359375 0.5935570987654321 0.6805555555555556 0.6008873456790124 0.6838107638888888 0.6045524691358025 0.689453125 0.6059027777777778 0.6803385416666666 0.6111111111111112 0.6751302083333334 0.6182484567901234 0.6710069444444444 0.6168981481481481 0.6664496527777778 0.6076388888888888 0.6612413194444444 0.6066743827160493 0.654296875 0.6111111111111112 0.6438802083333334 0.6035879629629629 0.6427951388888888 0.5995370370370371 0.6477864583333334 0.5949074074074074 0.6681857638888888 0.5949074074074074 0.671875 0.5912422839506173 0.6751302083333334 0.5912422839506173
1 0.7217881944444444 0.5152391975308642 0.73046875 0.5167824074074074 0.7319878472222222 0.5189043209876543 0.7306857638888888 0.5356867283950617 0.7276475694444444 0.5405092592592593 0.7170138888888888 0.519483024691358 0.7170138888888888 0.515625 0.7215711805555556 0.5152391975308642
1 0.6927083333333334 0.4756944444444444 0.6981336805555556 0.48051697530864196 0.7009548611111112 0.4947916666666667 0.6996527777777778 0.4996141975308642 0.693359375 0.5025077160493827 0.6820746527777778 0.5003858024691358 0.673828125 0.4878472222222222 0.6827256944444444 0.47781635802469136 0.6924913194444444 0.4756944444444444
1 0.6236979166666666 0.4699074074074074 0.6334635416666666 0.4739583333333333 0.6354166666666666 0.47685185185185186 0.6341145833333334 0.4913194444444444 0.6306423611111112 0.4930555555555556 0.623046875 0.4895833333333333 0.619140625 0.4839891975308642 0.619140625 0.47337962962962965 0.6234809027777778 0.4699074074074074
1 0.5944010416666666 0.47800925925925924 0.5998263888888888 0.4809027777777778 0.6004774305555556 0.48842592592592593 0.5989583333333334 0.49151234567901236 0.5920138888888888 0.49286265432098764 0.5885416666666666 0.4963348765432099 0.5831163194444444 0.4841820987654321 0.5883246527777778 0.47800925925925924 0.5941840277777778 0.47800925925925924
1 0.55078125 0.5028935185185185 0.5622829861111112 0.5050154320987654 0.5583767361111112 0.5142746913580247 0.5607638888888888 0.5225694444444444 0.5536024305555556 0.5214120370370371 0.546875 0.5252700617283951 0.544921875 0.5225694444444444 0.5496961805555556 0.515625 0.5483940972222222 0.5046296296296297 0.5505642361111112 0.5028935185185185
1 0.7113715277777778 0.38773148148148145 0.7159288194444444 0.3902391975308642 0.7293836805555556 0.40760030864197533 0.7196180555555556 0.4087577160493827 0.716796875 0.41396604938271603 0.7135416666666666 0.41396604938271603 0.7018229166666666 0.404320987654321 0.6987847222222222 0.3975694444444444 0.6985677083333334 0.3931327160493827 0.701171875 0.3900462962962963 0.7111545138888888 0.38773148148148145
1 0.6098090277777778 0.44135802469135804 0.6134982638888888 0.4444444444444444 0.615234375 0.4529320987654321 0.6197916666666666 0.4600694444444444 0.6182725694444444 0.46161265432098764 0.6126302083333334 0.46026234567901236 0.6091579861111112 0.4627700617283951 0.6004774305555556 0.4600694444444444 0.6015625 0.453125 0.5991753472222222 0.4494598765432099 0.6028645833333334 0.4427083333333333 0.6095920138888888 0.44135802469135804
1 0.6022135416666666 0.44039351851851855 0.6041666666666666 0.4444444444444444 0.6024305555555556 0.4583333333333333 0.5980902777777778 0.46103395061728397 0.5952690972222222 0.4697145061728395 0.5904947916666666 0.45852623456790126 0.5904947916666666 0.4529320987654321 0.5985243055555556 0.44058641975308643 0.6019965277777778 0.44039351851851855
1 0.5327690972222222 0.47878086419753085 0.5362413194444444 0.47897376543209874 0.5394965277777778 0.4841820987654321 0.5375434027777778 0.498070987654321 0.5323350694444444 0.4992283950617284 0.5288628472222222 0.4841820987654321 0.5327690972222222 0.47897376543209874
1 0.6627604166666666 0.39679783950617287 0.6729600694444444 0.4027777777777778 0.6751302083333334 0.41473765432098764 0.6471354166666666 0.4066358024691358 0.6477864583333334 0.39737654320987653 0.6625434027777778 0.39679783950617287
1 0.6861979166666666 0.3819444444444444 0.7009548611111112 0.3904320987654321 0.6927083333333334 0.39911265432098764 0.6857638888888888 0.3958333333333333 0.6786024305555556 0.39795524691358025 0.6686197916666666 0.390625 0.6749131944444444 0.3836805555555556 0.6859809027777778 0.3819444444444444
1 0.716796875 0.36149691358024694 0.716796875 0.3713348765432099 0.7133246527777778 0.38117283950617287 0.7100694444444444 0.38387345679012347 0.7037760416666666 0.3626543209876543 0.7165798611111112 0.36149691358024694
1 0.634765625 0.38406635802469136 0.6408420138888888 0.38599537037037035 0.6432291666666666 0.3904320987654321 0.6408420138888888 0.4045138888888889 0.6373697916666666 0.40625 0.6304253472222222 0.39737654320987653 0.6265190972222222 0.39872685185185186 0.6215277777777778 0.3940972222222222 0.625 0.3863811728395062 0.6345486111111112 0.38406635802469136
1 0.6134982638888888 0.3894675925925926 0.6263020833333334 0.3975694444444444 0.6226128472222222 0.4068287037037037 0.6232638888888888 0.4149305555555556 0.6156684027777778 0.41165123456790126 0.607421875 0.4114583333333333 0.6085069444444444 0.4045138888888889 0.6052517361111112 0.39891975308641975 0.6056857638888888 0.3940972222222222 0.609375 0.38927469135802467 0.61328125 0.3894675925925926
1 0.24500868055555555 0.9172453703703703 0.25 0.9203317901234568 0.2521701388888889 0.9247685185185185 0.248046875 0.9421296296296297 0.24500868055555555 0.9432870370370371 0.2398003472222222 0.9278549382716049 0.24110243055555555 0.9201388888888888 0.24479166666666666 0.9172453703703703
1 0.3563368055555556 0.6946373456790124 0.3626302083333333 0.6994598765432098 0.3654513888888889 0.7060185185185185 0.3580729166666667 0.7233796296296297 0.3530815972222222 0.7202932098765432 0.3493923611111111 0.7073688271604939 0.3513454861111111 0.6977237654320988 0.3561197916666667 0.6946373456790124
1 0.3474392361111111 0.6938657407407407 0.3509114583333333 0.6959876543209876 0.3511284722222222 0.7004243827160493 0.3474392361111111 0.7202932098765432 0.3444010416666667 0.7222222222222222 0.33984375 0.7204861111111112 0.3368055555555556 0.7048611111111112 0.3420138888888889 0.6948302469135802 0.3472222222222222 0.6938657407407407
1 0.4772135416666667 0.47415123456790126 0.4787326388888889 0.48225308641975306 0.4763454861111111 0.49440586419753085 0.4737413194444444 0.49537037037037035 0.4715711805555556 0.49286265432098764 0.4694010416666667 0.48051697530864196 0.4709201388888889 0.47646604938271603 0.4769965277777778 0.47434413580246915
1 0.4832899305555556 0.47415123456790126 0.4861111111111111 0.47723765432098764 0.4856770833333333 0.4841820987654321 0.4809027777777778 0.49421296296296297 0.474609375 0.4947916666666667 0.4717881944444444 0.49151234567901236 0.4704861111111111 0.4774305555555556 0.4830729166666667 0.47415123456790126
1 0.3177083333333333 0.7733410493827161 0.3233506944444444 0.7758487654320988 0.3235677083333333 0.7826003086419753 0.3185763888888889 0.7934027777777778 0.3107638888888889 0.8020833333333334 0.3062065972222222 0.8038194444444444 0.2983940972222222 0.7932098765432098 0.3053385416666667 0.7874228395061729 0.3103298611111111 0.7787422839506173 0.3174913194444444 0.7735339506172839
1 0.2934027777777778 0.7567515432098766 0.30078125 0.7602237654320988 0.3118489583333333 0.7723765432098766 0.3101128472222222 0.7771990740740741 0.2981770833333333 0.777391975308642 0.2975260416666667 0.7654320987654321 0.2934027777777778 0.7569444444444444
1 0.23524305555555555 0.7785493827160493 0.24110243055555555 0.78125 0.244140625 0.7860725308641975 0.24110243055555555 0.8051697530864198 0.2306857638888889 0.8038194444444444 0.23307291666666666 0.7962962962962963 0.2302517361111111 0.7826003086419753 0.23502604166666666 0.7785493827160493
1 0.2289496527777778 0.7681327160493827 0.24674479166666666 0.7725694444444444 0.2495659722222222 0.7756558641975309 0.2476128472222222 0.7798996913580247 0.2309027777777778 0.7804783950617284 0.22743055555555555 0.7789351851851852 0.22374131944444445 0.7723765432098766 0.21571180555555555 0.7690972222222222 0.2209201388888889 0.7667824074074074 0.22352430555555555 0.7611882716049383 0.2287326388888889 0.7681327160493827
1 0.19227430555555555 0.8061342592592593 0.1987847222222222 0.8072916666666666 0.1994357638888889 0.8101851851851852 0.1929253472222222 0.8258101851851852 0.1853298611111111 0.8090277777777778 0.18619791666666666 0.8067129629629629 0.19205729166666666 0.8061342592592593
1 0.22743055555555555 0.6923225308641975 0.2380642361111111 0.6927083333333334 0.24283854166666666 0.6996527777777778 0.24348958333333334 0.703125 0.2361111111111111 0.7108410493827161 0.2341579861111111 0.7173996913580247 0.22960069444444445 0.7197145061728395 0.22178819444444445 0.7183641975308642 0.2170138888888889 0.714891975308642 0.2068142361111111 0.716820987654321 0.2150607638888889 0.7075617283950617 0.2204861111111111 0.6971450617283951 0.22721354166666666 0.6925154320987654
1 0.1697048611111111 0.7667824074074074 0.17838541666666666 0.7687114197530864 0.1818576388888889 0.7754629629629629 0.1723090277777778 0.7924382716049383 0.1616753472222222 0.7899305555555556 0.16145833333333334 0.7725694444444444 0.16493055555555555 0.767554012345679 0.1694878472222222 0.7667824074074074
1 0.1345486111111111 0.7735339506172839 0.1401909722222222 0.7760416666666666 0.13802083333333334 0.7868441358024691 0.12022569444444445 0.7984182098765432 0.11783854166666667 0.7964891975308642 0.125 0.7808641975308642 0.1343315972222222 0.7735339506172839
1 0.10221354166666667 0.7654320987654321 0.10807291666666667 0.7689043209876543 0.1095920138888889 0.7771990740740741 0.09917534722222222 0.794945987654321 0.09483506944444445 0.7939814814814815 0.09092881944444445 0.7899305555555556 0.0915798611111111 0.7756558641975309 0.09635416666666667 0.7679398148148148 0.10199652777777778 0.765625
1 0.08355034722222222 0.7608024691358025 0.0915798611111111 0.7621527777777778 0.09722222222222222 0.765625 0.09461805555555555 0.7723765432098766 0.08897569444444445 0.777391975308642 0.07703993055555555 0.7766203703703703 0.07465277777777778 0.7746913580246914 0.0724826388888889 0.7654320987654321 0.0779079861111111 0.7613811728395061 0.08333333333333333 0.7608024691358025
1 0.0896267361111111 0.7181712962962963 0.1056857638888889 0.7191358024691358 0.1091579861111111 0.732445987654321 0.09917534722222222 0.7330246913580247 0.0920138888888889 0.7299382716049383 0.08832465277777778 0.7251157407407407 0.0857204861111111 0.7202932098765432 0.08940972222222222 0.7181712962962963
1 0.06770833333333333 0.8460648148148148 0.07552083333333333 0.8520447530864198 0.08246527777777778 0.8663194444444444 0.0783420138888889 0.8742283950617284 0.0642361111111111 0.8804012345679012 0.05555555555555555 0.8780864197530864 0.05186631944444445 0.8748070987654321 0.046440972222222224 0.8663194444444444 0.04470486111111111 0.8557098765432098 0.04665798611111111 0.8520447530864198 0.06749131944444445 0.8460648148148148
1 0.06792534722222222 0.7623456790123457 0.07682291666666667 0.7642746913580247 0.0798611111111111 0.7723765432098766 0.07096354166666667 0.7814429012345679 0.0642361111111111 0.7789351851851852 0.05772569444444445 0.7690972222222222 0.057942708333333336 0.765625 0.06770833333333333 0.7623456790123457
1 0.0802951388888889 0.7183641975308642 0.08311631944444445 0.7202932098765432 0.08268229166666667 0.7268518518518519 0.07486979166666667 0.7309027777777778 0.0705295138888889 0.7270447530864198 0.06922743055555555 0.7199074074074074 0.07118055555555555 0.7179783950617284 0.080078125 0.7183641975308642
1 0.0703125 0.7625385802469136 0.0763888888888889 0.7646604938271605 0.07769097222222222 0.7717978395061729 0.07747395833333333 0.7758487654320988 0.07096354166666667 0.7814429012345679 0.06749131944444445 0.7814429012345679 0.060546875 0.7760416666666666 0.04318576388888889 0.7770061728395061 0.040581597222222224 0.7692901234567902 0.04383680555555555 0.7644675925925926 0.0700954861111111 0.7625385802469136
1 0.052734375 0.7629243827160493 0.06076388888888889 0.765625 0.06076388888888889 0.7725694444444444 0.059244791666666664 0.7760416666666666 0.050347222222222224 0.7798996913580247 0.041449652777777776 0.7779706790123457 0.0390625 0.7687114197530864 0.04318576388888889 0.7638888888888888 0.05251736111111111 0.7629243827160493
1 0.04123263888888889 0.716820987654321 0.048828125 0.7181712962962963 0.050347222222222224 0.7351466049382716 0.04578993055555555 0.7320601851851852 0.035807291666666664 0.7170138888888888 0.041015625 0.716820987654321
1 0.5883246527777778 0.38155864197530864 0.5922309027777778 0.3894675925925926 0.5894097222222222 0.40335648148148145 0.578125 0.4068287037037037 0.5740017361111112 0.3863811728395062 0.5779079861111112 0.3819444444444444 0.5881076388888888 0.38155864197530864
1 0.5570746527777778 0.38059413580246915 0.5596788194444444 0.3908179012345679 0.5514322916666666 0.4037422839506173 0.5431857638888888 0.4074074074074074 0.5407986111111112 0.4066358024691358 0.5375434027777778 0.3902391975308642 0.5434027777777778 0.38271604938271603 0.5503472222222222 0.38445216049382713 0.5568576388888888 0.38078703703703703
1 0.037543402777777776 0.7170138888888888 0.04709201388888889 0.7208719135802469 0.04296875 0.722608024691358 0.042317708333333336 0.7378472222222222 0.036458333333333336 0.7565586419753086 0.032769097222222224 0.7548225308641975 0.029079861111111112 0.7478780864197531 0.026692708333333332 0.7266589506172839 0.029079861111111112 0.7195216049382716 0.03732638888888889 0.7170138888888888
1 0.6297743055555556 0.3412422839506173 0.6321614583333334 0.34683641975308643 0.6319444444444444 0.3628472222222222 0.6302083333333334 0.36516203703703703 0.6263020833333334 0.3618827160493827 0.623046875 0.3653549382716049 0.6197916666666666 0.36496913580246915 0.6163194444444444 0.359375 0.6124131944444444 0.3524305555555556 0.6115451388888888 0.3449074074074074 0.6161024305555556 0.33892746913580246 0.6265190972222222 0.3385416666666667 0.6295572916666666 0.3412422839506173
1 0.595703125 0.296875 0.5954861111111112 0.30941358024691357 0.5883246527777778 0.30362654320987653 0.5848524305555556 0.30864197530864196 0.5792100694444444 0.310570987654321 0.5770399305555556 0.310570987654321 0.5768229166666666 0.3072916666666667 0.5815972222222222 0.2980324074074074 0.5954861111111112 0.296875
1 0.7936197916666666 0.20158179012345678 0.8016493055555556 0.20968364197530864 0.8001302083333334 0.22395833333333334 0.8018663194444444 0.23070987654320987 0.7934027777777778 0.23206018518518517 0.7860243055555556 0.21122685185185186 0.7875434027777778 0.20582561728395063 0.7934027777777778 0.20158179012345678
1 0.408203125 0.2654320987654321 0.421875 0.2621527777777778 0.4288194444444444 0.2689043209876543 0.4309895833333333 0.27507716049382713 0.421875 0.2918595679012346 0.4171006944444444 0.29224537037037035 0.4151475694444444 0.2899305555555556 0.416015625 0.28587962962962965 0.4099392361111111 0.2827932098765432 0.4131944444444444 0.27218364197530864 0.408203125 0.265625
1 0.2938368055555556 0.328125 0.298828125 0.3315972222222222 0.3009982638888889 0.3368055555555556 0.296875 0.35300925925925924 0.2938368055555556 0.35397376543209874 0.2879774305555556 0.3387345679012346 0.2897135416666667 0.3304398148148148 0.2936197916666667 0.328125
1 0.6223958333333334 0.1875 0.6263020833333334 0.19618055555555555 0.623046875 0.20119598765432098 0.6165364583333334 0.2033179012345679 0.6072048611111112 0.2017746913580247 0.6072048611111112 0.19347993827160495 0.6195746527777778 0.18383487654320987 0.6221788194444444 0.1875
1 0.5952690972222222 0.18074845679012347 0.6130642361111112 0.18441358024691357 0.6232638888888888 0.17689043209876543 0.6256510416666666 0.17746913580246915 0.6208767361111112 0.18557098765432098 0.6239149305555556 0.18942901234567902 0.6241319444444444 0.19444444444444445 0.6126302083333334 0.19251543209876543 0.6030815972222222 0.2013888888888889 0.5946180555555556 0.1861496913580247 0.5870225694444444 0.18209876543209877 0.5883246527777778 0.17997685185185186 0.5950520833333334 0.18074845679012347
1 0.3396267361111111 0.16107253086419754 0.3433159722222222 0.16145833333333334 0.3576388888888889 0.17496141975308643 0.357421875 0.17901234567901234 0.3526475694444444 0.18152006172839505 0.3430989583333333 0.17997685185185186 0.3426649305555556 0.1684027777777778 0.3394097222222222 0.16107253086419754
1 0.2345920138888889 0.21431327160493827 0.244140625 0.2170138888888889 0.2406684027777778 0.23148148148148148 0.2378472222222222 0.234375 0.22981770833333334 0.2173996913580247 0.234375 0.21431327160493827
1 0.2808159722222222 0.1849922839506173 0.2888454861111111 0.1900077160493827 0.2862413194444444 0.21084104938271606 0.2788628472222222 0.20949074074074073 0.27734375 0.20679012345679013 0.2747395833333333 0.1888503086419753 0.2805989583333333 0.1849922839506173
1 0.2588975694444444 0.1753472222222222 0.2647569444444444 0.17457561728395063 0.2658420138888889 0.16994598765432098 0.2690972222222222 0.16820987654320987 0.2766927083333333 0.17669753086419754 0.2931857638888889 0.17881944444444445 0.2947048611111111 0.18248456790123457 0.2925347222222222 0.1861496913580247 0.2723524305555556 0.1871141975308642 0.267578125 0.17959104938271606 0.2591145833333333 0.17554012345679013
1 0.220703125 0.17669753086419754 0.22591145833333334 0.1857638888888889 0.2183159722222222 0.19483024691358025 0.2172309027777778 0.2013888888888889 0.205078125 0.1996527777777778 0.20377604166666666 0.1853780864197531 0.20811631944444445 0.17766203703703703 0.2204861111111111 0.17669753086419754
1 0.17643229166666666 0.18479938271604937 0.18250868055555555 0.1871141975308642 0.18250868055555555 0.19618055555555555 0.1753472222222222 0.2037037037037037 0.16145833333333334 0.21084104938271606 0.1597222222222222 0.20987654320987653 0.16731770833333334 0.19232253086419754 0.1762152777777778 0.18479938271604937
1 0.17078993055555555 0.17862654320987653 0.1759982638888889 0.1857638888888889 0.16145833333333334 0.19868827160493827 0.15711805555555555 0.19637345679012347 0.15711805555555555 0.18904320987654322 0.16493055555555555 0.17997685185185186 0.17057291666666666 0.17862654320987653
1 0.14518229166666666 0.17881944444444445 0.15104166666666666 0.18287037037037038 0.15169270833333334 0.19251543209876543 0.1369357638888889 0.21720679012345678 0.1330295138888889 0.20698302469135801 0.1345486111111111 0.18942901234567902 0.13932291666666666 0.17939814814814814 0.1449652777777778 0.17881944444444445
1 0.146484375 0.17901234567901234 0.1508246527777778 0.18229166666666666 0.15169270833333334 0.19251543209876543 0.1369357638888889 0.21720679012345678 0.1330295138888889 0.20679012345679013 0.1345486111111111 0.18904320987654322 0.13953993055555555 0.17881944444444445 0.1462673611111111 0.17901234567901234
1 0.1306423611111111 0.17669753086419754 0.1421440972222222 0.17862654320987653 0.1427951388888889 0.18248456790123457 0.1371527777777778 0.19039351851851852 0.1304253472222222 0.19232253086419754 0.12413194444444445 0.18904320987654322 0.1254340277777778 0.18209876543209877 0.12348090277777778 0.17881944444444445 0.1304253472222222 0.17669753086419754
1 0.1265190972222222 0.17515432098765432 0.13736979166666666 0.17881944444444445 0.1343315972222222 0.1888503086419753 0.12999131944444445 0.19193672839506173 0.123046875 0.1909722222222222 0.11653645833333333 0.19290123456790123 0.10980902777777778 0.17881944444444445 0.12630208333333334 0.17515432098765432
1 0.11241319444444445 0.17843364197530864 0.11610243055555555 0.18209876543209877 0.11827256944444445 0.18942901234567902 0.11414930555555555 0.19579475308641975 0.10980902777777778 0.19733796296296297 0.1032986111111111 0.19251543209876543 0.0993923611111111 0.18479938271604937 0.0998263888888889 0.18229166666666666 0.10590277777777778 0.17862654320987653 0.11219618055555555 0.17843364197530864
1 0.7667100694444444 0 0.8003472222222222 0 0.8042534722222222 0.015625 0.8036024305555556 0.01832561728395062 0.7931857638888888 0.01273148148148148 0.7899305555555556 0.020640432098765434 0.7836371527777778 0.015432098765432098 0.7725694444444444 0.017746913580246913 0.7677951388888888 0.008487654320987654 0.7667100694444444 0.00019290123456790122
1 0.7118055555555556 0 0.7261284722222222 0 0.7174479166666666 0.010030864197530864 0.712890625 0.008680555555555556 0.7118055555555556 0.00019290123456790122
1 0.4016927083333333 0.0941358024691358 0.4064670138888889 0.09876543209876543 0.4092881944444444 0.10590277777777778 0.404296875 0.12094907407407407 0.4010416666666667 0.12229938271604938 0.3975694444444444 0.11979166666666667 0.3932291666666667 0.1095679012345679 0.3930121527777778 0.10204475308641975 0.3953993055555556 0.0954861111111111 0.4014756944444444 0.0941358024691358
1 0.3912760416666667 0.0933641975308642 0.3943142361111111 0.09587191358024691 0.3943142361111111 0.10513117283950617 0.3912760416666667 0.11979166666666667 0.3873697916666667 0.12152777777777778 0.3841145833333333 0.11979166666666667 0.380859375 0.10300925925925926 0.3862847222222222 0.0939429012345679 0.3910590277777778 0.0933641975308642
1 0.2723524305555556 0.09664351851851852 0.2816840277777778 0.09799382716049383 0.2864583333333333 0.10648148148148148 0.2786458333333333 0.11554783950617284 0.2758246527777778 0.12249228395061729 0.2660590277777778 0.12345679012345678 0.2612847222222222 0.11882716049382716 0.2517361111111111 0.12152777777777778 0.25 0.11979166666666667 0.2565104166666667 0.11323302469135803 0.2649739583333333 0.09895833333333333 0.2721354166666667 0.09664351851851852
1 0.09223090277777778 0.17978395061728394 0.1037326388888889 0.18209876543209877 0.103515625 0.18981481481481483 0.0954861111111111 0.19579475308641975 0.08832465277777778 0.19714506172839505 0.08159722222222222 0.19521604938271606 0.08051215277777778 0.1853780864197531 0.08485243055555555 0.18074845679012347 0.0920138888888889 0.17978395061728394
1 0.1447482638888889 0.12982253086419754 0.15125868055555555 0.14429012345679013 0.14388020833333334 0.14429012345679013 0.140625 0.14679783950617284 0.1365017361111111 0.14390432098765432 0.1369357638888889 0.13348765432098766 0.1388888888888889 0.13020833333333334 0.14453125 0.12982253086419754
1 0.1447482638888889 0.13040123456790123 0.15104166666666666 0.14448302469135801 0.1440972222222222 0.14429012345679013 0.1404079861111111 0.14660493827160495 0.1293402777777778 0.1396604938271605 0.125 0.13290895061728394 0.1267361111111111 0.13040123456790123 0.14453125 0.13040123456790123
1 0.13606770833333334 0.13040123456790123 0.138671875 0.13406635802469136 0.1369357638888889 0.1404320987654321 0.1343315972222222 0.1419753086419753 0.12586805555555555 0.13734567901234568 0.12456597222222222 0.13290895061728394 0.12630208333333334 0.13020833333333334 0.13585069444444445 0.13040123456790123
1 0.1362847222222222 0.13020833333333334 0.13953993055555555 0.13329475308641975 0.1369357638888889 0.14216820987654322 0.1284722222222222 0.1394675925925926 0.12434895833333333 0.13368055555555555 0.12630208333333334 0.13020833333333334 0.13606770833333334 0.13020833333333334
1 0.12000868055555555 0.13078703703703703 0.12456597222222222 0.1371527777777778 0.12456597222222222 0.140625 0.12000868055555555 0.1423611111111111 0.11284722222222222 0.1415895061728395 0.1076388888888889 0.13368055555555555 0.11979166666666667 0.13078703703703703
1 0.08940972222222222 0.13329475308641975 0.08875868055555555 0.14293981481481483 0.09114583333333333 0.14853395061728394 0.08919270833333333 0.15027006172839505 0.07660590277777778 0.1371527777777778 0.07725694444444445 0.13368055555555555 0.08919270833333333 0.13329475308641975
1 0.07530381944444445 0.13445216049382716 0.07964409722222222 0.13599537037037038 0.08333333333333333 0.14448302469135801 0.0779079861111111 0.1728395061728395 0.07465277777777778 0.1726466049382716 0.06922743055555555 0.16531635802469136 0.0661892361111111 0.14390432098765432 0.06770833333333333 0.13695987654320987 0.07508680555555555 0.13445216049382716
1 0.6603732638888888 0.5221836419753086 0.6588541666666666 0.5225694444444444 0.6634837239583333 0.5233410493827161 0.6746961805555556 0.5285493827160493 0.6786024305555556 0.5320216049382716 0.6805555555555556 0.5316358024691358 0.681640625 0.5300925925925926 0.6831597222222222 0.5304783950617284 0.685546875 0.5337577160493827 0.6861979166666666 0.5362654320987654 0.6885850694444444 0.5370370370370371 0.6905381944444444 0.5364583333333334 0.6920572916666666 0.5345293209876543 0.6963975694444444 0.5337577160493827 0.6994357638888888 0.5320216049382716 0.7026909722222222 0.5260416666666666 0.6996527777777778 0.5235339506172839 0.69140625 0.5246913580246914 0.6868489583333334 0.5239197530864198 0.6781684027777778 0.5241126543209876 0.6742621527777778 0.5231481481481481 0.671875 0.5216049382716049
1 0.5709635416666666 0.5048225308641975 0.5783420138888888 0.5071373456790124 0.5824652777777778 0.5125385802469136 0.5850694444444444 0.5190972222222222 0.5863715277777778 0.5160108024691358 0.5863715277777778 0.5108024691358025 0.5885416666666666 0.5084876543209876 0.587890625 0.5069444444444444 0.5859375 0.5054012345679012 0.5815972222222222 0.5040509259259259 0.5729166666666666 0.5046296296296297 0.5725911458333334 0.5054012345679012
1 0.6056857638888888 0.5082947530864198 0.6063368055555556 0.5119598765432098 0.6102430555555556 0.5142746913580247 0.61328125 0.5140817901234568 0.6161024305555556 0.5119598765432098 0.6182725694444444 0.5086805555555556 0.6100260416666666 0.5071373456790124
1 0.6223958333333334 0.4245756172839506 0.6221788194444444 0.4288194444444444 0.6232638888888888 0.43016975308641975 0.6299913194444444 0.4251543209876543 0.6312934027777778 0.4220679012345679 0.6299913194444444 0.4182098765432099 0.6267361111111112 0.4176311728395062 0.6232638888888888 0.4216820987654321
1 0.6328125 0.4214891975308642 0.6304253472222222 0.421875 0.6325954861111112 0.42399691358024694 0.6323784722222222 0.42901234567901236 0.6334635416666666 0.43267746913580246 0.6369357638888888 0.43209876543209874 0.6391059027777778 0.42997685185185186 0.6417100694444444 0.42920524691358025 0.6477864583333334 0.42997685185185186 0.6510416666666666 0.42901234567901236 0.6514756944444444 0.42476851851851855 0.650390625 0.4234182098765432 0.6477864583333334 0.4224537037037037 0.6447482638888888 0.42322530864197533 0.63671875 0.4226466049382716
1 0.5900607638888888 0.2984182098765432 0.5896267361111112 0.3005401234567901 0.5904947916666666 0.3028549382716049 0.5954861111111112 0.30960648148148145 0.5967881944444444 0.3074845679012346 0.5970052083333334 0.2995756172839506 0.5963541666666666 0.2974537037037037 0.595703125 0.2966820987654321 0.5920138888888888 0.2962962962962963 0.5907118055555556 0.296875
1 0.4496527777777778 0.3611111111111111 0.4494357638888889 0.36342592592592593 0.4524739583333333 0.36959876543209874 0.4520399305555556 0.3732638888888889 0.453125 0.3748070987654321 0.4598524305555556 0.36593364197530864 0.4605034722222222 0.36246141975308643 0.4594184027777778 0.361304012345679 0.453125 0.3601466049382716
1 0.4071180555555556 0.4112654320987654 0.4064670138888889 0.41242283950617287 0.4073350694444444 0.4253472222222222 0.408203125 0.42592592592592593 0.4092881944444444 0.4251543209876543 0.4086371527777778 0.4182098765432099 0.4095052083333333 0.41724537037037035 0.4116753472222222 0.4168595679012346 0.4144965277777778 0.4209104938271605 0.4173177083333333 0.4216820987654321 0.4192708333333333 0.4211033950617284 0.4201388888888889 0.41801697530864196 0.4188368055555556 0.41608796296296297 0.4147135416666667 0.41300154320987653
1 0.3943142361111111 0.4131944444444444 0.3932291666666667 0.4195601851851852 0.390625 0.421875 0.3934461805555556 0.4230324074074074 0.3973524305555556 0.4234182098765432 0.4001736111111111 0.41300154320987653 0.4019097222222222 0.4114583333333333 0.3969184027777778 0.41107253086419754 0.3956163194444444 0.4114583333333333
1 0.3689236111111111 0.2964891975308642 0.3708767361111111 0.30324074074074076 0.373046875 0.30401234567901236 0.3752170138888889 0.30362654320987653 0.376953125 0.2966820987654321 0.3736979166666667 0.2951388888888889
1 0.3582899305555556 0.29552469135802467 0.3580729166666667 0.3005401234567901 0.3587239583333333 0.30169753086419754 0.359375 0.30227623456790126 0.3619791666666667 0.3018904320987654 0.3641493055555556 0.296875 0.3630642361111111 0.2934027777777778 0.359375 0.2934027777777778
1 0.4383680555555556 0.45601851851851855 0.4375 0.4564043209876543 0.4375 0.45794753086419754 0.4390190972222222 0.46257716049382713 0.4420572916666667 0.46392746913580246 0.4442274305555556 0.4635416666666667 0.4442274305555556 0.45987654320987653 0.4429253472222222 0.4565972222222222
1 0.3569878472222222 0.17978395061728394 0.3543836805555556 0.18557098765432098 0.349537109375 0.19219386574074074 0.3448350694444444 0.19598765432098766 0.3452690972222222 0.1996527777777778 0.3498263888888889 0.2019675925925926 0.3522135416666667 0.20736882716049382 0.3556857638888889 0.20679012345679013 0.357421875 0.2035108024691358 0.3628472222222222 0.19830246913580246 0.3671875 0.19270833333333334 0.3702256944444444 0.1857638888888889 0.3706597222222222 0.18190586419753085 0.3697916666666667 0.17881944444444445 0.3674045138888889 0.17727623456790123 0.3619791666666667 0.17727623456790123
1 0.5392795138888888 0.7827932098765432 0.5390625 0.7864583333333334 0.5423177083333334 0.7878086419753086 0.5494791666666666 0.7974537037037037 0.5516493055555556 0.8036265432098766 0.5538194444444444 0.8055555555555556 0.5577256944444444 0.8055555555555556 0.5598958333333334 0.8036265432098766 0.5640190972222222 0.8057484567901234 0.5718315972222222 0.8061342592592593 0.5746527777777778 0.8055555555555556 0.5768229166666666 0.8036265432098766 0.5772569444444444 0.7966820987654321 0.5763888888888888 0.7934027777777778 0.5724826388888888 0.7899305555555556 0.5724826388888888 0.7889660493827161 0.5731336805555556 0.7864583333333334 0.5774739583333334 0.7827932098765432 0.5779079861111112 0.7791280864197531 0.5746527777777778 0.7798996913580247 0.5681423611111112 0.7849151234567902 0.564453125 0.7864583333333334 0.5607638888888888 0.785108024691358 0.5533854166666666 0.7845293209876543 0.5444878472222222 0.7826003086419753
1 0.7816840277777778 0.49112654320987653 0.7814670138888888 0.4982638888888889 0.7864583333333334 0.4990354938271605 0.7873263888888888 0.498070987654321 0.7879774305555556 0.49112654320987653 0.7873263888888888 0.4880401234567901 0.7858072916666666 0.4876543209876543 0.7838541666666666 0.48842592592592593
1 0.7680121527777778 0.49247685185185186 0.767578125 0.4967206790123457 0.7680121527777778 0.498070987654321 0.7690972222222222 0.4984567901234568 0.7721354166666666 0.4965277777777778 0.7736545138888888 0.49440586419753085 0.7747395833333334 0.49170524691358025 0.7740885416666666 0.48919753086419754 0.7727864583333334 0.48823302469135804 0.7708333333333334 0.4888117283950617 0.7688802083333334 0.4903549382716049
1 0.7044270833333334 0.4627700617283951 0.705078125 0.4670138888888889 0.7065972222222222 0.4689429012345679 0.7098524305555556 0.46739969135802467 0.7135416666666666 0.4679783950617284 0.7183159722222222 0.46392746913580246 0.7194010416666666 0.4600694444444444 0.7133246527777778 0.45698302469135804 0.7107204861111112 0.4583333333333333 0.7065972222222222 0.45891203703703703
1 0.6404079861111112 0.3609182098765432 0.6388888888888888 0.3628472222222222 0.6443142361111112 0.3643904320987654 0.6469184027777778 0.3715277777777778 0.6482204861111112 0.3722993827160494 0.650390625 0.37017746913580246 0.6497395833333334 0.3626543209876543 0.6475694444444444 0.36072530864197533
1 0.6293402777777778 0.36400462962962965 0.6293402777777778 0.3732638888888889 0.6302083333333334 0.3738425925925926 0.6336805555555556 0.37114197530864196 0.6351996527777778 0.3636188271604938 0.6360677083333334 0.3628472222222222 0.6302083333333334 0.3620756172839506
1 0.6117621527777778 0.3431712962962963 0.6108940972222222 0.3487654320987654 0.6119791666666666 0.35262345679012347 0.6195746527777778 0.3643904320987654 0.6228298611111112 0.36400462962962965 0.6234809027777778 0.3626543209876543 0.6221788194444444 0.3597608024691358 0.6234809027777778 0.3551311728395062 0.6215277777777778 0.3420138888888889 0.6182725694444444 0.33989197530864196 0.6154513888888888 0.33969907407407407 0.6126302083333334 0.3414351851851852
1 0.591796875 0.361304012345679 0.5902777777777778 0.3626543209876543 0.591796875 0.36728395061728397 0.5965711805555556 0.3663194444444444 0.6024305555555556 0.36709104938271603 0.6028645833333334 0.36246141975308643 0.5985243055555556 0.3628472222222222
1 0.6000434027777778 0.3630401234567901 0.5987413194444444 0.3663194444444444 0.6026475694444444 0.36824845679012347 0.6100260416666666 0.36516203703703703 0.6117621527777778 0.36246141975308643 0.6056857638888888 0.3601466049382716 0.6017795138888888 0.36149691358024694