1 0.6595052083333334 0.9828317901234568 0.6657986111111112 0.9878472222222222 0.671875 0.9998070987654321 0.6493055555555556 0.9998070987654321 0.6469184027777778 0.9917052469135802 0.6488715277777778 0.9866898148148148 0.6510416666666666 0.9841820987654321 0.6592881944444444 0.9828317901234568
1 0.6653645833333334 0.9579475308641975 0.6668836805555556 0.9602623456790124 0.6647135416666666 0.9697145061728395 0.6612413194444444 0.9778163580246914 0.6579861111111112 0.9785879629629629 0.6527777777777778 0.9598765432098766 0.6651475694444444 0.9579475308641975
1 0.6349826388888888 0.9770447530864198 0.6482204861111112 0.9845679012345679 0.640625 0.9922839506172839 0.6334635416666666 0.9897762345679012 0.6302083333333334 0.9924768518518519 0.6236979166666666 0.9886188271604939 0.6176215277777778 0.9878472222222222 0.6169704861111112 0.9841820987654321 0.6265190972222222 0.9770447530864198 0.634765625 0.9770447530864198
1 0.6102430555555556 0.9915123456790124 0.6213107638888888 0.9945987654320988 0.6226128472222222 0.9998070987654321 0.5965711805555556 0.9998070987654321 0.5954861111111112 0.9947916666666666 0.5972222222222222 0.9928626543209876 0.6100260416666666 0.9915123456790124
1 0.7454427083333334 0.8055555555555556 0.7532552083333334 0.8142361111111112 0.751953125 0.8348765432098766 0.7428385416666666 0.8341049382716049 0.7374131944444444 0.8177083333333334 0.7387152777777778 0.8107638888888888 0.7452256944444444 0.8055555555555556
1 0.5831163194444444 0.9797453703703703 0.5891927083333334 0.9807098765432098 0.5920138888888888 0.9834104938271605 0.5933159722222222 0.9938271604938271 0.5907118055555556 0.9998070987654321 0.5805121527777778 0.9998070987654321 0.580078125 0.9978780864197531 0.5746527777777778 0.9974922839506173 0.5720486111111112 0.9947916666666666 0.5718315972222222 0.9853395061728395 0.57421875 0.9807098765432098 0.5811631944444444 0.9780092592592593 0.5828993055555556 0.9797453703703703
1 0.5609809027777778 0.9809027777777778 0.5711805555555556 0.9911265432098766 0.5713975694444444 0.9998070987654321 0.5551215277777778 0.9998070987654321 0.5542534722222222 0.988233024691358 0.5572916666666666 0.9812885802469136 0.5607638888888888 0.9809027777777778
1 0.5748697916666666 0.9351851851851852 0.5809461805555556 0.9425154320987654 0.5789930555555556 0.9535108024691358 0.58203125 0.9616126543209876 0.5813802083333334 0.9675925925925926 0.5766059027777778 0.9618055555555556 0.5666232638888888 0.9598765432098766 0.5598958333333334 0.9463734567901234 0.5633680555555556 0.9369212962962963 0.5746527777777778 0.9351851851851852
1 0.5264756944444444 0.9758873456790124 0.5364583333333334 0.9762731481481481 0.5397135416666666 0.9807098765432098 0.5368923611111112 0.9998070987654321 0.5275607638888888 0.9998070987654321 0.5260416666666666 0.9969135802469136 0.5212673611111112 0.9839891975308642 0.5262586805555556 0.9758873456790124
1 0.5049913194444444 0.9733796296296297 0.5080295138888888 0.9776234567901234 0.5084635416666666 0.9845679012345679 0.5013020833333334 0.9965277777777778 0.4982638888888889 0.9976851851851852 0.4967447916666667 0.9947916666666666 0.4973958333333333 0.9793595679012346 0.5049913194444444 0.9735725308641975
1 0.4950086805555556 0.9768518518518519 0.4982638888888889 0.9807098765432098 0.498046875 0.9951774691358025 0.4956597222222222 0.9998070987654321 0.4887152777777778 0.9998070987654321 0.4858940972222222 0.9847608024691358 0.4876302083333333 0.9795524691358025 0.4913194444444444 0.9766589506172839 0.4947916666666667 0.9768518518518519
1 0.5052083333333334 0.9743441358024691 0.5080295138888888 0.9841820987654321 0.4982638888888889 0.9998070987654321 0.4895833333333333 0.9998070987654321 0.4865451388888889 0.9832175925925926 0.4906684027777778 0.9772376543209876 0.5008680555555556 0.9772376543209876 0.5049913194444444 0.9745370370370371
1 0.5347222222222222 0.8960262345679012 0.5475260416666666 0.8969907407407407 0.5466579861111112 0.9087577160493827 0.5366753472222222 0.9035493827160493 0.5271267361111112 0.9077932098765432 0.5223524305555556 0.9077932098765432 0.5288628472222222 0.8973765432098766 0.5345052083333334 0.8960262345679012
1 0.5744357638888888 0.7810570987654321 0.5770399305555556 0.7827932098765432 0.5726996527777778 0.7858796296296297 0.5757378472222222 0.7978395061728395 0.5611979166666666 0.7959104938271605 0.5572916666666666 0.8043981481481481 0.5529513888888888 0.8036265432098766 0.5462239583333334 0.7901234567901234 0.5394965277777778 0.7862654320987654 0.5390625 0.7829861111111112 0.5646701388888888 0.7872299382716049 0.5744357638888888 0.78125
1 0.408203125 0.9538966049382716 0.4103732638888889 0.9565972222222222 0.4045138888888889 0.9701003086419753 0.4008246527777778 0.9556327160493827 0.4029947916666667 0.9537037037037037 0.4079861111111111 0.9538966049382716
1 0.3984375 0.8649691358024691 0.4084201388888889 0.8668981481481481 0.4103732638888889 0.8697916666666666 0.4040798611111111 0.8767361111111112 0.3943142361111111 0.8792438271604939 0.3862847222222222 0.8759645061728395 0.3836805555555556 0.8694058641975309 0.3871527777777778 0.8655478395061729 0.3982204861111111 0.8649691358024691
1 0.3732638888888889 0.8584104938271605 0.3810763888888889 0.8659336419753086 0.3821614583333333 0.8732638888888888 0.3713107638888889 0.8890817901234568 0.3663194444444444 0.8875385802469136 0.3669704861111111 0.8836805555555556 0.3626302083333333 0.8802083333333334 0.3634982638888889 0.8686342592592593 0.3608940972222222 0.8626543209876543 0.373046875 0.8584104938271605
1 0.734375 0.6001157407407407 0.7552083333333334 0.6057098765432098 0.7610677083333334 0.6165123456790124 0.7619357638888888 0.6240354938271605 0.7515190972222222 0.6232638888888888 0.7484809027777778 0.6255787037037037 0.7411024305555556 0.6242283950617284 0.7309027777777778 0.6265432098765432 0.7243923611111112 0.6089891975308642 0.7265625 0.6041666666666666 0.7341579861111112 0.6003086419753086
1 0.787109375 0.4878472222222222 0.7868923611111112 0.4982638888888889 0.7827690972222222 0.498070987654321 0.7819010416666666 0.4955632716049383 0.7827690972222222 0.4893904320987654 0.7868923611111112 0.4878472222222222
1 0.7204861111111112 0.5148533950617284 0.7282986111111112 0.5158179012345679 0.7317708333333334 0.5187114197530864 0.7306857638888888 0.5362654320987654 0.7274305555555556 0.5407021604938271 0.7170138888888888 0.5192901234567902 0.7165798611111112 0.515625 0.7202690972222222 0.5148533950617284
1 0.6931423611111112 0.47627314814814814 0.697265625 0.47897376543209874 0.6990017361111112 0.49074074074074076 0.7037760416666666 0.4984567901234568 0.6927083333333334 0.5021219135802469 0.6890190972222222 0.4992283950617284 0.6790364583333334 0.5009645061728395 0.6779513888888888 0.49787808641975306 0.6820746527777778 0.49170524691358025 0.6822916666666666 0.47762345679012347 0.6929253472222222 0.47627314814814814
1 0.6278211805555556 0.47260802469135804 0.6334635416666666 0.4739583333333333 0.6351996527777778 0.47723765432098764 0.6341145833333334 0.49112654320987653 0.6306423611111112 0.49286265432098764 0.6197916666666666 0.4836033950617284 0.6143663194444444 0.4832175925925926 0.6189236111111112 0.47357253086419754 0.6276041666666666 0.47260802469135804
1 0.5933159722222222 0.47781635802469136 0.5998263888888888 0.4809027777777778 0.6006944444444444 0.4876543209876543 0.5987413194444444 0.4913194444444444 0.5933159722222222 0.49209104938271603 0.5885416666666666 0.4963348765432099 0.5831163194444444 0.4839891975308642 0.5883246527777778 0.47800925925925924 0.5930989583333334 0.47781635802469136
1 0.7109375 0.3879243827160494 0.7170138888888888 0.3915895061728395 0.7211371527777778 0.39969135802469136 0.7289496527777778 0.40760030864197533 0.7194010416666666 0.4089506172839506 0.716796875 0.41377314814814814 0.7135416666666666 0.41377314814814814 0.7068142361111112 0.4087577160493827 0.6994357638888888 0.39988425925925924 0.6998697916666666 0.390625 0.7107204861111112 0.3879243827160494
1 0.6056857638888888 0.4407793209876543 0.6126302083333334 0.44328703703703703 0.6148003472222222 0.4533179012345679 0.6197916666666666 0.46026234567901236 0.6161024305555556 0.46064814814814814 0.6121961805555556 0.45794753086419754 0.6091579861111112 0.4627700617283951 0.6061197916666666 0.46257716049382713 0.6022135416666666 0.45852623456790126 0.595703125 0.4681712962962963 0.59375 0.4672067901234568 0.5950520833333334 0.44579475308641975 0.5989583333333334 0.44155092592592593 0.60546875 0.4409722222222222
1 0.5362413194444444 0.47897376543209874 0.5397135416666666 0.4859182098765432 0.5373263888888888 0.4982638888888889 0.5353732638888888 0.4994212962962963 0.5310329861111112 0.498070987654321 0.5288628472222222 0.4839891975308642 0.5329861111111112 0.47878086419753085 0.5360243055555556 0.47897376543209874
1 0.6584201388888888 0.39641203703703703 0.6649305555555556 0.39737654320987653 0.673828125 0.4027777777777778 0.6751302083333334 0.4122299382716049 0.6720920138888888 0.41415895061728397 0.6467013888888888 0.4054783950617284 0.6449652777777778 0.40046296296296297 0.6473524305555556 0.3975694444444444 0.658203125 0.39641203703703703
1 0.6825086805555556 0.38117283950617287 0.6898871527777778 0.38348765432098764 0.6987847222222222 0.3904320987654321 0.6927083333333334 0.3993055555555556 0.685546875 0.3950617283950617 0.6786024305555556 0.39814814814814814 0.6686197916666666 0.3908179012345679 0.6755642361111112 0.3836805555555556 0.6822916666666666 0.38117283950617287
1 0.7144097222222222 0.3611111111111111 0.7180989583333334 0.3626543209876543 0.716796875 0.37114197530864196 0.7133246527777778 0.38117283950617287 0.7102864583333334 0.38290895061728397 0.7026909722222222 0.3626543209876543 0.7141927083333334 0.3611111111111111
1 0.6304253472222222 0.38310185185185186 0.6438802083333334 0.388695987654321 0.6460503472222222 0.4010416666666667 0.6404079861111112 0.4047067901234568 0.6369357638888888 0.4045138888888889 0.6336805555555556 0.40046296296296297 0.6304253472222222 0.40412808641975306 0.6247829861111112 0.40084876543209874 0.6228298611111112 0.3910108024691358 0.6302083333333334 0.38310185185185186
1 0.61328125 0.38657407407407407 0.6245659722222222 0.3975694444444444 0.6254340277777778 0.4010416666666667 0.6221788194444444 0.40760030864197533 0.6232638888888888 0.41512345679012347 0.6163194444444444 0.41184413580246915 0.6082899305555556 0.4131944444444444 0.6061197916666666 0.4114583333333333 0.6076388888888888 0.404320987654321 0.6056857638888888 0.3939043209876543 0.609375 0.3871527777777778 0.6130642361111112 0.38657407407407407
1 0.2463107638888889 0.9176311728395061 0.2523871527777778 0.9253472222222222 0.248046875 0.9419367283950617 0.2456597222222222 0.9427083333333334 0.24131944444444445 0.9349922839506173 0.2398003472222222 0.9247685185185185 0.2426215277777778 0.9185956790123457 0.24609375 0.9176311728395061
1 0.3567708333333333 0.6946373456790124 0.3621961805555556 0.6988811728395061 0.3654513888888889 0.7056327160493827 0.3591579861111111 0.7235725308641975 0.3559027777777778 0.7235725308641975 0.3539496527777778 0.7210648148148148 0.3498263888888889 0.7102623456790124 0.3515625 0.6979166666666666 0.3565538194444444 0.6946373456790124
1 0.3463541666666667 0.6934799382716049 0.3513454861111111 0.6959876543209876 0.3515625 0.6998456790123457 0.34765625 0.7202932098765432 0.3452690972222222 0.7222222222222222 0.33984375 0.7202932098765432 0.3368055555555556 0.7054398148148148 0.3383246527777778 0.6994598765432098 0.3461371527777778 0.6934799382716049
1 0.4772135416666667 0.47453703703703703 0.4778645833333333 0.49074074074074076 0.4767795138888889 0.49459876543209874 0.4741753472222222 0.4955632716049383 0.4704861111111111 0.4913194444444444 0.4694010416666667 0.48032407407407407 0.4704861111111111 0.47685185185185186 0.4769965277777778 0.47453703703703703
1 0.4776475694444444 0.47415123456790126 0.4809027777777778 0.48051697530864196 0.4802517361111111 0.4880401234567901 0.4776475694444444 0.49440586419753085 0.4739583333333333 0.49537037037037035 0.4711371527777778 0.49228395061728397 0.4696180555555556 0.4799382716049383 0.4709201388888889 0.47665895061728397 0.4774305555555556 0.47415123456790126
1 0.482421875 0.4739583333333333 0.486328125 0.4774305555555556 0.4858940972222222 0.484375 0.4809027777777778 0.49421296296296297 0.4743923611111111 0.4949845679012346 0.4702690972222222 0.4855324074074074 0.4704861111111111 0.4774305555555556 0.4822048611111111 0.4739583333333333
1 0.5789930555555556 0.38175154320987653 0.5885416666666666 0.38175154320987653 0.5922309027777778 0.390625 0.5887586805555556 0.4039351851851852 0.578125 0.4066358024691358 0.5787760416666666 0.40084876543209874 0.5733506944444444 0.3898533950617284 0.5746527777777778 0.38522376543209874 0.5787760416666666 0.38175154320987653
1 0.5505642361111112 0.3836805555555556 0.5572916666666666 0.37982253086419754 0.5607638888888888 0.38676697530864196 0.5570746527777778 0.39814814814814814 0.5501302083333334 0.4050925925925926 0.5475260416666666 0.3993055555555556 0.5505642361111112 0.38387345679012347
1 0.5483940972222222 0.3836805555555556 0.5492621527777778 0.40142746913580246 0.5434027777777778 0.4079861111111111 0.5405815972222222 0.4066358024691358 0.537109375 0.3904320987654321 0.5418836805555556 0.38348765432098764 0.5481770833333334 0.3836805555555556
1 0.6267361111111112 0.33834876543209874 0.6321614583333334 0.3452932098765432 0.630859375 0.3559027777777778 0.6334635416666666 0.36728395061728397 0.6267361111111112 0.3620756172839506 0.623046875 0.36574074074074076 0.6200086805555556 0.3653549382716049 0.611328125 0.34934413580246915 0.6126302083333334 0.3414351851851852 0.6150173611111112 0.3393132716049383 0.6265190972222222 0.33834876543209874
1 0.4027777777777778 0.41107253086419754 0.4142795138888889 0.41338734567901236 0.419921875 0.4184027777777778 0.4188368055555556 0.4216820987654321 0.4162326388888889 0.4216820987654321 0.4103732638888889 0.4182098765432099 0.4079861111111111 0.42573302469135804 0.4073350694444444 0.4185956790123457 0.4045138888888889 0.41454475308641975 0.3995225694444444 0.4182098765432099 0.3988715277777778 0.4251543209876543 0.3871527777777778 0.4251543209876543 0.3927951388888889 0.4185956790123457 0.3938802083333333 0.41242283950617287 0.4025607638888889 0.41107253086419754
1 0.5848524305555556 0.2970679012345679 0.5863715277777778 0.3005401234567901 0.5828993055555556 0.30613425925925924 0.5746527777777778 0.3101851851851852 0.5735677083333334 0.30709876543209874 0.5787760416666666 0.2995756172839506 0.5846354166666666 0.2970679012345679
1 0.5850694444444444 0.2964891975308642 0.5959201388888888 0.296875 0.5972222222222222 0.3088348765432099 0.5954861111111112 0.3097993827160494 0.5924479166666666 0.30478395061728397 0.5883246527777778 0.30459104938271603 0.57421875 0.3099922839506173 0.5733506944444444 0.3072916666666667 0.5794270833333334 0.2991898148148148 0.5848524305555556 0.2966820987654321
1 0.7940538194444444 0.2019675925925926 0.8016493055555556 0.20987654320987653 0.7999131944444444 0.22395833333333334 0.8020833333333334 0.23070987654320987 0.7936197916666666 0.23206018518518517 0.7860243055555556 0.20968364197530864 0.7890625 0.2042824074074074 0.7938368055555556 0.2019675925925926
1 0.453125 0.37635030864197533 0.4496527777777778 0.3618827160493827 0.4600694444444444 0.359375 0.4611545138888889 0.36226851851851855 0.4563802083333333 0.3746141975308642 0.453125 0.3761574074074074
1 0.4485677083333333 0.2681327160493827 0.4594184027777778 0.2725694444444444 0.453125 0.279320987654321 0.4459635416666667 0.2824074074074074 0.4348958333333333 0.279320987654321 0.4325086805555556 0.27179783950617287 0.4353298611111111 0.26871141975308643 0.4483506944444444 0.2681327160493827
1 0.3211805555555556 0.7741126543209876 0.32421875 0.7787422839506173 0.3211805555555556 0.7889660493827161 0.3075086805555556 0.8038194444444444 0.2981770833333333 0.7932098765432098 0.3055555555555556 0.7872299382716049 0.3138020833333333 0.7756558641975309 0.3209635416666667 0.7741126543209876
1 0.3005642361111111 0.7581018518518519 0.3107638888888889 0.7700617283950617 0.3114149305555556 0.7760416666666666 0.3075086805555556 0.7783564814814815 0.2983940972222222 0.7762345679012346 0.3003472222222222 0.7581018518518519
1 0.3628472222222222 0.2941743827160494 0.3663194444444444 0.2962962962962963 0.3697916666666667 0.2945601851851852 0.3752170138888889 0.29552469135802467 0.3747829861111111 0.30362654320987653 0.3695746527777778 0.3038194444444444 0.3665364583333333 0.296875 0.3589409722222222 0.30092592592592593 0.3591579861111111 0.29552469135802467 0.3626302083333333 0.2943672839506173
1 0.4216579861111111 0.2619598765432099 0.4288194444444444 0.2690972222222222 0.4309895833333333 0.27584876543209874 0.421875 0.29205246913580246 0.4166666666666667 0.29205246913580246 0.4164496527777778 0.28587962962962965 0.41015625 0.2829861111111111 0.4127604166666667 0.27237654320987653 0.408203125 0.265625 0.4214409722222222 0.2621527777777778
1 0.234375 0.7783564814814815 0.2406684027777778 0.7808641975308642 0.2439236111111111 0.7860725308641975 0.24131944444444445 0.8049768518518519 0.22960069444444445 0.8038194444444444 0.2326388888888889 0.796875 0.23046875 0.7827932098765432 0.2341579861111111 0.7785493827160493
1 0.22916666666666666 0.7685185185185185 0.2463107638888889 0.7725694444444444 0.2495659722222222 0.7754629629629629 0.2478298611111111 0.7797067901234568 0.23133680555555555 0.7802854938271605 0.2265625 0.779320987654321 0.22395833333333334 0.7725694444444444 0.2152777777777778 0.7690972222222222 0.2211371527777778 0.7669753086419753 0.2230902777777778 0.7613811728395061 0.2289496527777778 0.7685185185185185
1 0.19270833333333334 0.8263888888888888 0.1853298611111111 0.8072916666666666 0.1987847222222222 0.8082561728395061 0.1950954861111111 0.8244598765432098 0.1929253472222222 0.826195987654321
1 0.2378472222222222 0.6925154320987654 0.24110243055555555 0.6956018518518519 0.24327256944444445 0.7033179012345679 0.2309027777777778 0.7197145061728395 0.2211371527777778 0.7185570987654321 0.2172309027777778 0.714891975308642 0.20789930555555555 0.716820987654321 0.2241753472222222 0.6932870370370371 0.23763020833333334 0.6925154320987654
1 0.1753472222222222 0.7671682098765432 0.18033854166666666 0.7708333333333334 0.1818576388888889 0.7760416666666666 0.1755642361111111 0.7854938271604939 0.17513020833333334 0.7935956790123457 0.1616753472222222 0.7897376543209876 0.1605902777777778 0.7766203703703703 0.16493055555555555 0.7677469135802469 0.17513020833333334 0.7671682098765432
1 0.6197916666666666 0.18518518518518517 0.6263020833333334 0.19637345679012347 0.623046875 0.2010030864197531 0.6137152777777778 0.2033179012345679 0.6063368055555556 0.20042438271604937 0.6069878472222222 0.19309413580246915 0.6195746527777778 0.18518518518518517
1 0.5885416666666666 0.17997685185185186 0.6130642361111112 0.18460648148148148 0.625 0.17708333333333334 0.6208767361111112 0.18518518518518517 0.6247829861111112 0.19251543209876543 0.6236979166666666 0.19463734567901234 0.6119791666666666 0.19212962962962962 0.6089409722222222 0.19386574074074073 0.6065538194444444 0.19984567901234568 0.6024305555555556 0.2013888888888889 0.5939670138888888 0.1853780864197531 0.5870225694444444 0.18209876543209877 0.5883246527777778 0.18016975308641975
1 0.2936197916666667 0.3279320987654321 0.2990451388888889 0.3315972222222222 0.3009982638888889 0.33834876543209874 0.296875 0.35320216049382713 0.2944878472222222 0.35397376543209874 0.2918836805555556 0.35223765432098764 0.2879774305555556 0.33892746913580246 0.2899305555555556 0.33024691358024694 0.2934027777777778 0.3279320987654321
1 0.3665364583333333 0.17708333333333334 0.3697916666666667 0.17939814814814814 0.3693576388888889 0.1886574074074074 0.3556857638888889 0.20582561728395063 0.3524305555555556 0.20582561728395063 0.3452690972222222 0.1996527777777778 0.3441840277777778 0.19598765432098766 0.3587239583333333 0.17881944444444445 0.3663194444444444 0.17708333333333334
1 0.236328125 0.21469907407407407 0.2443576388888889 0.2170138888888889 0.24088541666666666 0.23109567901234568 0.2380642361111111 0.2341820987654321 0.22981770833333334 0.21720679012345678 0.2309027777777778 0.21508487654320987 0.2361111111111111 0.21469907407407407
1 0.1369357638888889 0.7743055555555556 0.1408420138888889 0.779320987654321 0.13802083333333334 0.7866512345679012 0.12999131944444445 0.7932098765432098 0.12065972222222222 0.7972608024691358 0.11783854166666667 0.7966820987654321 0.12608506944444445 0.7808641975308642 0.13151041666666666 0.7750771604938271 0.13671875 0.7743055555555556
1 0.1271701388888889 0.7663966049382716 0.12999131944444445 0.7671682098765432 0.1323784722222222 0.7725694444444444 0.11675347222222222 0.7849151234567902 0.11328125 0.7827932098765432 0.1115451388888889 0.7758487654320988 0.11393229166666667 0.7723765432098766 0.126953125 0.7663966049382716
1 0.0681423611111111 0.8464506172839507 0.07660590277777778 0.8524305555555556 0.07769097222222222 0.8591820987654321 0.07486979166666667 0.8614969135802469 0.06749131944444445 0.8524305555555556 0.06792534722222222 0.8464506172839507
1 0.10264756944444445 0.7652391975308642 0.10807291666666667 0.7687114197530864 0.109375 0.7762345679012346 0.09874131944444445 0.7953317901234568 0.09071180555555555 0.7899305555555556 0.09114583333333333 0.7758487654320988 0.09613715277777778 0.7669753086419753 0.10243055555555555 0.7652391975308642
1 0.0861545138888889 0.7609953703703703 0.0978732638888889 0.7654320987654321 0.09461805555555555 0.7729552469135802 0.08897569444444445 0.777391975308642 0.08159722222222222 0.7744984567901234 0.07703993055555555 0.7756558641975309 0.07356770833333333 0.7658179012345679 0.07660590277777778 0.7619598765432098 0.0859375 0.7609953703703703
1 0.1032986111111111 0.7183641975308642 0.10590277777777778 0.7193287037037037 0.1091579861111111 0.7339891975308642 0.10264756944444445 0.7318672839506173 0.09852430555555555 0.7336033950617284 0.0920138888888889 0.7303240740740741 0.08485243055555555 0.720679012345679 0.0881076388888889 0.7179783950617284 0.10308159722222222 0.7183641975308642
1 0.08680555555555555 0.7615740740740741 0.09418402777777778 0.765625 0.08984375 0.7758487654320988 0.08116319444444445 0.7750771604938271 0.07118055555555555 0.7810570987654321 0.0627170138888889 0.7762345679012346 0.062065972222222224 0.7654320987654321 0.06749131944444445 0.7619598765432098 0.08658854166666667 0.7615740740740741
1 0.07855902777777778 0.7183641975308642 0.08268229166666667 0.7201003086419753 0.0837673611111111 0.7235725308641975 0.08138020833333333 0.7287808641975309 0.07096354166666667 0.7251157407407407 0.07074652777777778 0.7195216049382716 0.0783420138888889 0.7183641975308642
1 0.1134982638888889 0.2640817901234568 0.11957465277777778 0.2690972222222222 0.11957465277777778 0.2789351851851852 0.11588541666666667 0.27739197530864196 0.11024305555555555 0.2689043209876543 0.109375 0.2654320987654321 0.11328125 0.2640817901234568
1 0.3452690972222222 0.15895061728395063 0.3487413194444444 0.16087962962962962 0.3504774305555556 0.16724537037037038 0.3572048611111111 0.1753472222222222 0.3567708333333333 0.17939814814814814 0.3524305555555556 0.18248456790123457 0.3454861111111111 0.18190586419753085 0.3435329861111111 0.17901234567901234 0.3426649305555556 0.1597222222222222 0.3450520833333333 0.15895061728395063
1 0.2836371527777778 0.18595679012345678 0.2888454861111111 0.19155092592592593 0.2862413194444444 0.21084104938271606 0.2760416666666667 0.20775462962962962 0.2749565972222222 0.1892361111111111 0.279296875 0.18518518518518517 0.2834201388888889 0.18595679012345678
1 0.265625 0.1684027777777778 0.2688802083333333 0.16859567901234568 0.2756076388888889 0.17611882716049382 0.2925347222222222 0.17881944444444445 0.2947048611111111 0.18190586419753085 0.2901475694444444 0.1865354938271605 0.2795138888888889 0.18518518518518517 0.2723524305555556 0.1869212962962963 0.2677951388888889 0.17959104938271606 0.2621527777777778 0.17862654320987653 0.2586805555555556 0.1753472222222222 0.2651909722222222 0.17457561728395063 0.265625 0.16859567901234568
1 0.2204861111111111 0.17650462962962962 0.22395833333333334 0.17920524691358025 0.2261284722222222 0.18557098765432098 0.21875 0.19444444444444445 0.2170138888888889 0.20158179012345678 0.205078125 0.19945987654320987 0.20377604166666666 0.1853780864197531 0.2087673611111111 0.17746913580246915 0.2202690972222222 0.17650462962962962
1 0.1794704861111111 0.18518518518518517 0.18294270833333334 0.18904320987654322 0.18229166666666666 0.19598765432098766 0.1753472222222222 0.2033179012345679 0.16145833333333334 0.20987654320987653 0.16102430555555555 0.20640432098765432 0.17100694444444445 0.18942901234567902 0.17491319444444445 0.18557098765432098 0.1792534722222222 0.18518518518518517
1 0.1564670138888889 0.19618055555555555 0.15494791666666666 0.18595679012345678 0.17078993055555555 0.17843364197530864 0.17513020833333334 0.18557098765432098 0.1625434027777778 0.19656635802469136 0.1566840277777778 0.19618055555555555
1 0.14735243055555555 0.17881944444444445 0.15125868055555555 0.18306327160493827 0.15147569444444445 0.19290123456790123 0.1404079861111111 0.21084104938271606 0.13389756944444445 0.20640432098765432 0.1332465277777778 0.18904320987654322 0.1384548611111111 0.17881944444444445 0.14713541666666666 0.17881944444444445
1 0.05099826388888889 0.7619598765432098 0.072265625 0.7654320987654321 0.07530381944444445 0.7758487654320988 0.07118055555555555 0.7806712962962963 0.06510416666666667 0.7795138888888888 0.06076388888888889 0.7750771604938271 0.04774305555555555 0.779320987654321 0.04079861111111111 0.7771990740740741 0.039496527777777776 0.7698688271604939 0.041449652777777776 0.7652391975308642 0.05078125 0.7619598765432098
1 0.051215277777777776 0.7619598765432098 0.062065972222222224 0.7654320987654321 0.061197916666666664 0.7725694444444444 0.05381944444444445 0.7775848765432098 0.046875 0.779320987654321 0.040364583333333336 0.7768132716049383 0.039496527777777776 0.7687114197530864 0.042317708333333336 0.7642746913580247 0.05099826388888889 0.7619598765432098
1 0.7673611111111112 0 0.8016493055555556 0 0.8040364583333334 0.01427469135802469 0.8009982638888888 0.016975308641975308 0.7934027777777778 0.014660493827160493 0.7899305555555556 0.01986882716049383 0.783203125 0.015432098765432098 0.7725694444444444 0.01678240740740741 0.7688802083333334 0.011188271604938271 0.7673611111111112 0.00019290123456790122
1 0.4016927083333333 0.0941358024691358 0.4058159722222222 0.09760802469135803 0.4092881944444444 0.10532407407407407 0.4045138888888889 0.12094907407407407 0.4019097222222222 0.12210648148148148 0.3975694444444444 0.11959876543209877 0.3930121527777778 0.10802469135802469 0.3953993055555556 0.0954861111111111 0.4014756944444444 0.0941358024691358
1 0.3910590277777778 0.0933641975308642 0.3943142361111111 0.09664351851851852 0.3940972222222222 0.10532407407407407 0.3912760416666667 0.11998456790123457 0.3875868055555556 0.12152777777777778 0.3841145833333333 0.11979166666666667 0.3806423611111111 0.10493827160493827 0.3849826388888889 0.09529320987654322 0.3908420138888889 0.0933641975308642
1 0.2727864583333333 0.09664351851851852 0.2821180555555556 0.09799382716049383 0.2864583333333333 0.10551697530864197 0.2760416666666667 0.12229938271604938 0.2732204861111111 0.1232638888888889 0.2654079861111111 0.1232638888888889 0.2593315972222222 0.11902006172839506 0.2521701388888889 0.12152777777777778 0.25 0.11998456790123457 0.2654079861111111 0.09857253086419752 0.2725694444444444 0.09664351851851852
1 0.036458333333333336 0.7177854938271605 0.047309027777777776 0.7201003086419753 0.04665798611111111 0.7231867283950617 0.043619791666666664 0.7237654320987654 0.04665798611111111 0.7276234567901234 0.04275173611111111 0.7320601851851852 0.036458333333333336 0.7565586419753086 0.029079861111111112 0.7486496913580247 0.026909722222222224 0.7274305555555556 0.029513888888888888 0.7197145061728395 0.03624131944444445 0.7177854938271605
1 0.12890625 0.17554012345679013 0.1443142361111111 0.17881944444444445 0.1480034722222222 0.18229166666666666 0.1462673611111111 0.1869212962962963 0.1508246527777778 0.18306327160493827 0.15104166666666666 0.19328703703703703 0.1443142361111111 0.19618055555555555 0.14453125 0.1873070987654321 0.1408420138888889 0.1878858024691358 0.1369357638888889 0.19347993827160495 0.11848958333333333 0.18904320987654322 0.11393229166666667 0.17881944444444445 0.1286892361111111 0.17554012345679013
1 0.11458333333333333 0.17824074074074073 0.11675347222222222 0.17920524691358025 0.119140625 0.18904320987654322 0.11371527777777778 0.19618055555555555 0.109375 0.19733796296296297 0.10243055555555555 0.19270833333333334 0.08506944444444445 0.19579475308641975 0.08094618055555555 0.19270833333333334 0.0802951388888889 0.1853780864197531 0.08289930555555555 0.18152006172839505 0.08832465277777778 0.17901234567901234 0.0993923611111111 0.18113425925925927 0.11436631944444445 0.17824074074074073
1 0.1267361111111111 0.17592592592592593 0.1369357638888889 0.17881944444444445 0.13368055555555555 0.1900077160493827 0.12999131944444445 0.19135802469135801 0.1228298611111111 0.18981481481481483 0.109375 0.19753086419753085 0.0993923611111111 0.19155092592592593 0.08485243055555555 0.19463734567901234 0.08138020833333333 0.19251543209876543 0.08138020833333333 0.18422067901234568 0.08832465277777778 0.17959104938271606 0.0993923611111111 0.18132716049382716 0.10611979166666667 0.17785493827160495 0.1265190972222222 0.17592592592592593
1 0.14539930555555555 0.12982253086419754 0.15125868055555555 0.14486882716049382 0.14388020833333334 0.14467592592592593 0.140625 0.14718364197530864 0.1371527777777778 0.14718364197530864 0.1349826388888889 0.1423611111111111 0.1267361111111111 0.1371527777777778 0.1254340277777778 0.13290895061728394 0.1273871527777778 0.13078703703703703 0.14518229166666666 0.12982253086419754
1 0.03797743055555555 0.7170138888888888 0.04861111111111111 0.7179783950617284 0.05099826388888889 0.7339891975308642 0.050130208333333336 0.7351466049382716 0.045572916666666664 0.7318672839506173 0.03797743055555555 0.7172067901234568
1 0.7118055555555556 0 0.73046875 0 0.7174479166666666 0.010030864197530864 0.7133246527777778 0.009066358024691358 0.7118055555555556 0.00019290123456790122
1 0.12174479166666667 0.13136574074074073 0.125 0.1404320987654321 0.11631944444444445 0.1440972222222222 0.11284722222222222 0.1431327160493827 0.1076388888888889 0.13329475308641975 0.115234375 0.13059413580246915 0.12152777777777778 0.13136574074074073
1 0.08854166666666667 0.13233024691358025 0.0900607638888889 0.14756944444444445 0.08854166666666667 0.14949845679012347 0.07725694444444445 0.13792438271604937 0.076171875 0.13406635802469136 0.08832465277777778 0.13233024691358025
1 0.08832465277777778 0.13310185185185186 0.08897569444444445 0.14737654320987653 0.08506944444444445 0.14448302469135801 0.08333333333333333 0.14621913580246915 0.0783420138888889 0.1726466049382716 0.07465277777777778 0.1724537037037037 0.06901041666666667 0.16493055555555555 0.06705729166666667 0.1398533950617284 0.07096354166666667 0.13387345679012347 0.0881076388888889 0.13329475308641975
1 0.6427951388888888 0.597608024691358 0.6421440972222222 0.5991512345679012 0.6438802083333334 0.6043595679012346 0.654296875 0.6126543209876543 0.6577690972222222 0.6128472222222222 0.6612413194444444 0.6103395061728395 0.6642795138888888 0.609375 0.6684027777777778 0.6101466049382716 0.6701388888888888 0.6124614197530864 0.6705729166666666 0.6157407407407407 0.671875 0.6180555555555556 0.6755642361111112 0.6182484567901234 0.6801215277777778 0.6136188271604939 0.689453125 0.6091820987654321 0.6885850694444444 0.6078317901234568 0.6829427083333334 0.6064814814814815 0.681640625 0.6053240740740741 0.6799045138888888 0.5995370370370371 0.6818576388888888 0.5968364197530864 0.6842447916666666 0.5952932098765432 0.6827256944444444 0.5931712962962963 0.6705729166666666 0.5952932098765432 0.6536458333333334 0.5941358024691358 0.6460503472222222 0.5954861111111112
1 0.5483940972222222 0.5044367283950617 0.5499131944444444 0.5152391975308642 0.5475260416666666 0.519483024691358 0.5451388888888888 0.5210262345679012 0.5427517361111112 0.5256558641975309 0.5431857638888888 0.5271990740740741 0.5453559027777778 0.5281635802469136 0.5466579861111112 0.5304783950617284 0.5483940972222222 0.5260416666666666 0.5516493055555556 0.5233410493827161 0.5533854166666666 0.5225694444444444 0.560546875 0.5231481481481481 0.5611979166666666 0.5225694444444444 0.5590277777777778 0.5200617283950617 0.55859375 0.5150462962962963 0.5625 0.5071373456790124 0.5655381944444444 0.5052083333333334 0.5609809027777778 0.5034722222222222 0.5553385416666666 0.503858024691358 0.5505642361111112 0.5028935185185185
1 0.6673177083333334 0.5223765432098766 0.669921875 0.5241126543209876 0.6705729166666666 0.5260416666666666 0.6786024305555556 0.5322145061728395 0.6833767361111112 0.5335648148148148 0.6853298611111112 0.5347222222222222 0.6861979166666666 0.5364583333333334 0.6885850694444444 0.5374228395061729 0.6961805555555556 0.5349151234567902 0.6994357638888888 0.5318287037037037 0.7005208333333334 0.5295138888888888 0.7003038194444444 0.5260416666666666 0.6994357638888888 0.5254629629629629 0.6911892361111112 0.5254629629629629 0.6857638888888888 0.5244984567901234 0.6786024305555556 0.5250771604938271 0.6716579861111112 0.5221836419753086
1 0.7081163194444444 0.4600694444444444 0.7081163194444444 0.4650848765432099 0.7100694444444444 0.4662422839506173 0.712890625 0.4652777777777778 0.7137586805555556 0.4635416666666667 0.7133246527777778 0.45871913580246915 0.7098524305555556 0.4583333333333333
1 0.6226128472222222 0.4236111111111111 0.6223958333333334 0.42862654320987653 0.6232638888888888 0.43016975308641975 0.6265190972222222 0.4288194444444444 0.6291232638888888 0.42592592592592593 0.6304253472222222 0.4214891975308642 0.6265190972222222 0.41801697530864196 0.6232638888888888 0.4216820987654321
1 0.6334635416666666 0.43036265432098764 0.6336805555555556 0.43287037037037035 0.6382378472222222 0.4322916666666667 0.6412760416666666 0.4288194444444444 0.6408420138888888 0.4251543209876543 0.63671875 0.423804012345679
1 0.6430121527777778 0.4245756172839506 0.6432291666666666 0.42804783950617287 0.6443142361111112 0.42959104938271603 0.6482204861111112 0.43036265432098764 0.6510416666666666 0.42920524691358025 0.6514756944444444 0.4251543209876543 0.6508246527777778 0.4236111111111111 0.6484375 0.421875 0.6458333333333334 0.4220679012345679
1 0.6432291666666666 0.3620756172839506 0.6419270833333334 0.3628472222222222 0.64453125 0.3653549382716049 0.6462673611111112 0.3707561728395062 0.6480034722222222 0.373070987654321 0.650390625 0.37037037037037035 0.6493055555555556 0.3630401234567901 0.6477864583333334 0.3618827160493827
1 0.6197916666666666 0.3628472222222222 0.6195746527777778 0.3663194444444444 0.6217447916666666 0.36612654320987653 0.6232638888888888 0.36477623456790126 0.6236979166666666 0.36246141975308643
1 0.6293402777777778 0.3618827160493827 0.62890625 0.3663194444444444 0.6302083333333334 0.3734567901234568 0.6334635416666666 0.3717206790123457 0.6356336805555556 0.3645833333333333 0.6375868055555556 0.3628472222222222 0.630859375 0.36149691358024694
1 0.5807291666666666 0.38348765432098764 0.5809461805555556 0.3915895061728395 0.5805121527777778 0.39274691358024694 0.5779079861111112 0.3939043209876543 0.5796440972222222 0.39834104938271603 0.5794270833333334 0.4045138888888889 0.5811631944444444 0.4052854938271605 0.5883246527777778 0.40489969135802467 0.5904947916666666 0.40142746913580246 0.5907118055555556 0.3966049382716049 0.5922309027777778 0.392554012345679 0.5922309027777778 0.38676697530864196 0.5902777777777778 0.38310185185185186 0.5885416666666666 0.38175154320987653 0.5850694444444444 0.38155864197530864
1 0.5887586805555556 0.36246141975308643 0.5896267361111112 0.36612654320987653 0.5915798611111112 0.36747685185185186 0.5983072916666666 0.36612654320987653 0.5978732638888888 0.3626543209876543 0.5930989583333334 0.36149691358024694
1 0.6239149305555556 0.3908179012345679 0.6234809027777778 0.3939043209876543 0.6263020833333334 0.40162037037037035 0.6299913194444444 0.4047067901234568 0.6354166666666666 0.3900462962962963 0.6354166666666666 0.38676697530864196 0.6338975694444444 0.3836805555555556 0.6319444444444444 0.38310185185185186 0.6291232638888888 0.38348765432098764 0.6254340277777778 0.3871527777777778
1 0.60546875 0.3939043209876543 0.6056857638888888 0.40007716049382713 0.6080729166666666 0.4039351851851852 0.6065538194444444 0.41165123456790126 0.6072048611111112 0.41300154320987653 0.609375 0.41338734567901236 0.611328125 0.41165123456790126 0.6128472222222222 0.4079861111111111 0.6126302083333334 0.40412808641975306 0.6137152777777778 0.40142746913580246 0.6128472222222222 0.39602623456790126 0.6148003472222222 0.390625 0.6128472222222222 0.3869598765432099 0.6091579861111112 0.3873456790123457
1 0.5954861111111112 0.44907407407407407 0.5944010416666666 0.46334876543209874 0.5944010416666666 0.4670138888888889 0.5952690972222222 0.4679783950617284 0.5980902777777778 0.46103395061728397 0.6013454861111112 0.45698302469135804 0.6041666666666666 0.4591049382716049 0.6059027777777778 0.46334876543209874 0.6091579861111112 0.46084104938271603 0.609375 0.45987654320987653 0.6067708333333334 0.45794753086419754 0.6050347222222222 0.4546682098765432 0.6085069444444444 0.4427083333333333 0.6046006944444444 0.44135802469135804 0.5987413194444444 0.4419367283950617 0.5961371527777778 0.4461805555555556