1 0.9175347222222222 0.9614197530864198 0.9253472222222222 0.9656635802469136 0.9296875 0.9753086419753086 0.9253472222222222 0.9888117283950617 0.9149305555555556 0.9938271604938271 0.9110243055555556 0.9926697530864198 0.9088541666666666 0.9845679012345679 0.9006076388888888 0.9780092592592593 0.8975694444444444 0.9714506172839507 0.90625 0.96875 0.9114583333333334 0.9633487654320988 0.9171006944444444 0.9614197530864198
1 0.8177083333333334 0.9780092592592593 0.8220486111111112 0.9834104938271605 0.8216145833333334 0.9884259259259259 0.8181423611111112 0.9907407407407407 0.8107638888888888 0.9853395061728395 0.7994791666666666 0.9841820987654321 0.8003472222222222 0.9799382716049383 0.8172743055555556 0.9780092592592593
1 0.9461805555555556 0.591820987654321 0.9513888888888888 0.5949074074074074 0.96484375 0.5941358024691358 0.9600694444444444 0.5983796296296297 0.9583333333333334 0.6068672839506173 0.9609375 0.6107253086419753 0.9657118055555556 0.6126543209876543 0.9652777777777778 0.6161265432098766 0.95703125 0.6207561728395061 0.9392361111111112 0.6122685185185185 0.93359375 0.6057098765432098 0.9348958333333334 0.5968364197530864 0.9457465277777778 0.591820987654321
1 0.6575520833333334 0.9124228395061729 0.6631944444444444 0.9182098765432098 0.6575520833333334 0.933641975308642 0.6540798611111112 0.9320987654320988 0.6527777777777778 0.9255401234567902 0.6480034722222222 0.9216820987654321 0.6458333333333334 0.9158950617283951 0.6471354166666666 0.9135802469135802 0.6571180555555556 0.9124228395061729
1 0.6197916666666666 0.9131944444444444 0.6236979166666666 0.9182098765432098 0.6236979166666666 0.9255401234567902 0.6197916666666666 0.935570987654321 0.6124131944444444 0.9232253086419753 0.6141493055555556 0.9147376543209876 0.6193576388888888 0.9131944444444444
1 0.7588975694444444 0.7079475308641975 0.016927083333333332 0.017746913580246913
1 0.5642361111111112 0.9641203703703703 0.5672743055555556 0.9691358024691358 0.5672743055555556 0.9749228395061729 0.5603298611111112 0.9861111111111112 0.5564236111111112 0.9861111111111112 0.5529513888888888 0.9807098765432098 0.5581597222222222 0.9679783950617284 0.5638020833333334 0.9641203703703703
1 0.5672743055555556 0.9552469135802469 0.56640625 0.9737654320987654 0.5607638888888888 0.9849537037037037 0.5559895833333334 0.9849537037037037 0.5533854166666666 0.9783950617283951 0.5434027777777778 0.9737654320987654 0.54296875 0.9699074074074074 0.5512152777777778 0.9633487654320988 0.5668402777777778 0.9556327160493827
1 0.6163194444444444 0.7908950617283951 0.6163194444444444 0.8016975308641975 0.6050347222222222 0.7970679012345679 0.60546875 0.7920524691358025 0.6158854166666666 0.7908950617283951
1 0.4565972222222222 0.9845679012345679 0.4518229166666667 0.9776234567901234 0.4487847222222222 0.9776234567901234 0.4422743055555556 0.9845679012345679 0.4388020833333333 0.9845679012345679 0.4409722222222222 0.9691358024691358 0.4435763888888889 0.966820987654321 0.4539930555555556 0.9652777777777778 0.4596354166666667 0.9660493827160493 0.4631076388888889 0.9722222222222222 0.4609375 0.9845679012345679 0.4596354166666667 0.9861111111111112 0.45703125 0.9845679012345679
1 0.5338541666666666 0.7746913580246914 0.5373263888888888 0.7758487654320988 0.5421006944444444 0.7820216049382716 0.5399305555555556 0.7874228395061729 0.5368923611111112 0.7885802469135802 0.5260416666666666 0.7881944444444444 0.5203993055555556 0.7827932098765432 0.5208333333333334 0.779320987654321 0.5260416666666666 0.7754629629629629 0.5334201388888888 0.7746913580246914
1 0.5052083333333334 0.7789351851851852 0.5095486111111112 0.7824074074074074 0.5125868055555556 0.7893518518518519 0.5112847222222222 0.8070987654320988 0.5091145833333334 0.808641975308642 0.5047743055555556 0.8070987654320988 0.5 0.7916666666666666 0.5 0.78125 0.5047743055555556 0.7789351851851852
1 0.4947916666666667 0.7797067901234568 0.4986979166666667 0.78125 0.5 0.7847222222222222 0.5008680555555556 0.7978395061728395 0.4982638888888889 0.8090277777777778 0.4943576388888889 0.8097993827160493 0.4891493055555556 0.7924382716049383 0.4908854166666667 0.7827932098765432 0.4943576388888889 0.7800925925925926
1 0.6922743055555556 0.5763888888888888 0.7113715277777778 0.591820987654321 0.7052951388888888 0.5952932098765432 0.6909722222222222 0.5925925925925926 0.6831597222222222 0.595679012345679 0.6788194444444444 0.5941358024691358 0.6753472222222222 0.5833333333333334 0.6861979166666666 0.5748456790123457 0.6918402777777778 0.5763888888888888
1 0.5876736111111112 0.6018518518518519 0.5950520833333334 0.6026234567901234 0.5967881944444444 0.6091820987654321 0.5950520833333334 0.6103395061728395 0.5811631944444444 0.6068672839506173 0.5785590277777778 0.6138117283950617 0.5733506944444444 0.6111111111111112 0.5707465277777778 0.6026234567901234 0.5872395833333334 0.6018518518518519
1 0.3190104166666667 0.966820987654321 0.3311631944444444 0.9610339506172839 0.3350694444444444 0.9610339506172839 0.3402777777777778 0.966820987654321 0.3376736111111111 0.9733796296296297 0.3155381944444444 0.9772376543209876 0.3133680555555556 0.9768518518518519 0.3129340277777778 0.9733796296296297 0.3190104166666667 0.9672067901234568
1 0.4275173611111111 0.6751543209876543 0.4366319444444444 0.6716820987654321 0.4401041666666667 0.6786265432098766 0.4392361111111111 0.6817129629629629 0.4288194444444444 0.6909722222222222 0.4240451388888889 0.691358024691358 0.4171006944444444 0.6886574074074074 0.4275173611111111 0.6755401234567902
1 0.4461805555555556 0.36651234567901236 0.4526909722222222 0.38078703703703703 0.4470486111111111 0.3869598765432099 0.4388020833333333 0.38850308641975306 0.4249131944444444 0.3869598765432099 0.4084201388888889 0.37962962962962965 0.4175347222222222 0.373070987654321 0.4392361111111111 0.375 0.4457465277777778 0.36651234567901236
1 0.4809027777777778 0.19945987654320987 0.4887152777777778 0.21334876543209877 0.4856770833333333 0.21489197530864199 0.4670138888888889 0.21334876543209877 0.4678819444444444 0.20640432098765432 0.4761284722222222 0.2056327160493827 0.48046875 0.19984567901234568
1 0.5572916666666666 0.16165123456790123 0.5694444444444444 0.16473765432098766 0.5625 0.17862654320987653 0.5533854166666666 0.18287037037037038 0.5464409722222222 0.17824074074074073 0.546875 0.1709104938271605 0.5568576388888888 0.16203703703703703
1 0.2690972222222222 0.9560185185185185 0.2769097222222222 0.9652777777777778 0.2734375 0.9760802469135802 0.2690972222222222 0.9768518518518519 0.2660590277777778 0.9679783950617284 0.2508680555555556 0.9699074074074074 0.24609375 0.9672067901234568 0.24913194444444445 0.9637345679012346 0.2686631944444444 0.9564043209876543
1 0.2973090277777778 0.8364197530864198 0.3138020833333333 0.8383487654320988 0.3203125 0.841820987654321 0.3038194444444444 0.8665123456790124 0.2999131944444444 0.8638117283950617 0.3012152777777778 0.8452932098765432 0.2955729166666667 0.8387345679012346 0.296875 0.8364197530864198
1 0.3572048611111111 0.6759259259259259 0.359375 0.6793981481481481 0.3567708333333333 0.6867283950617284 0.3402777777777778 0.6948302469135802 0.3350694444444444 0.6925154320987654 0.3428819444444444 0.6786265432098766 0.3567708333333333 0.6759259259259259
1 0.20703125 0.9216820987654321 0.20789930555555555 0.910108024691358 0.2126736111111111 0.9004629629629629 0.2191840277777778 0.904320987654321 0.22005208333333334 0.9112654320987654 0.21180555555555555 0.9216820987654321 0.2074652777777778 0.9216820987654321
1 0.20052083333333334 0.8973765432098766 0.20616319444444445 0.8954475308641975 0.2109375 0.9008487654320988 0.20789930555555555 0.9077932098765432 0.19618055555555555 0.9174382716049383 0.1935763888888889 0.9174382716049383 0.19618055555555555 0.904320987654321 0.20052083333333334 0.8977623456790124
1 0.2886284722222222 0.6689814814814815 0.2999131944444444 0.6705246913580247 0.3094618055555556 0.6751543209876543 0.3111979166666667 0.6786265432098766 0.3059895833333333 0.6797839506172839 0.3012152777777778 0.6840277777777778 0.2947048611111111 0.6948302469135802 0.2868923611111111 0.6925154320987654 0.2795138888888889 0.6851851851851852 0.2786458333333333 0.6786265432098766 0.2825520833333333 0.6709104938271605 0.2860243055555556 0.6682098765432098 0.2881944444444444 0.6689814814814815
1 0.19921875 0.42592592592592593 0.20572916666666666 0.42824074074074076 0.21875 0.4425154320987654 0.2170138888888889 0.4444444444444444 0.203125 0.44290123456790126 0.203125 0.435570987654321 0.19921875 0.4263117283950617
1 0.2838541666666667 0.2924382716049383 0.296875 0.29976851851851855 0.2938368055555556 0.30362654320987653 0.2934027777777778 0.32060185185185186 0.2899305555555556 0.31983024691358025 0.2760416666666667 0.3005401234567901 0.2764756944444444 0.29398148148148145 0.2834201388888889 0.2924382716049383
1 0.1857638888888889 0.36959876543209874 0.20572916666666666 0.3765432098765432 0.2109375 0.38310185185185186 0.20963541666666666 0.3881172839506173 0.19140625 0.3869598765432099 0.18055555555555555 0.38040123456790126 0.1736111111111111 0.3800154320987654 0.1740451388888889 0.3765432098765432 0.18055555555555555 0.375 0.1853298611111111 0.36959876543209874
1 0.265625 0.28125 0.2747395833333333 0.2932098765432099 0.2743055555555556 0.29976851851851855 0.26953125 0.3028549382716049 0.2643229166666667 0.3001543209876543 0.2608506944444444 0.29398148148148145 0.2591145833333333 0.28125 0.2651909722222222 0.28125
1 0.35546875 0.24344135802469136 0.3519965277777778 0.23804012345679013 0.3519965277777778 0.2326388888888889 0.3559027777777778 0.22183641975308643 0.3602430555555556 0.22337962962962962 0.36328125 0.2330246913580247 0.3615451388888889 0.24112654320987653 0.3559027777777778 0.24344135802469136
1 0.51171875 0.16319444444444445 0.5186631944444444 0.16743827160493827 0.5225694444444444 0.16743827160493827 0.5256076388888888 0.16242283950617284 0.5295138888888888 0.16126543209876543 0.5325520833333334 0.1724537037037037 0.5303819444444444 0.18055555555555555 0.5264756944444444 0.18209876543209877 0.5190972222222222 0.18094135802469136 0.5130208333333334 0.17515432098765432 0.51171875 0.16358024691358025
1 0.4759114583333333 0.17785493827160495 0.020399305555555556 0.03009259259259259
1 0.453125 0.17515432098765432 0.4513888888888889 0.1705246913580247 0.4552951388888889 0.15393518518518517 0.4587673611111111 0.15200617283950618 0.4618055555555556 0.15393518518518517 0.4670138888888889 0.17515432098765432 0.4605034722222222 0.18171296296296297 0.4535590277777778 0.17515432098765432
1 0.4249131944444444 0.1550925925925926 0.4340277777777778 0.16859567901234568 0.4440104166666667 0.17669753086419754 0.4440104166666667 0.18094135802469136 0.4401041666666667 0.1871141975308642 0.4353298611111111 0.18904320987654322 0.4275173611111111 0.18557098765432098 0.4171006944444444 0.17554012345679013 0.4184027777777778 0.1716820987654321 0.4240451388888889 0.1716820987654321 0.4223090277777778 0.1570216049382716 0.4244791666666667 0.1554783950617284
1 0.3927951388888889 0.16280864197530864 0.3997395833333333 0.16820987654320987 0.4045138888888889 0.16473765432098766 0.4114583333333333 0.16473765432098766 0.4053819444444444 0.18209876543209877 0.4010416666666667 0.18518518518518517 0.3901909722222222 0.17978395061728394 0.3893229166666667 0.16512345679012347 0.3923611111111111 0.16280864197530864
1 0.5581597222222222 0.09683641975308642 0.5707465277777778 0.10609567901234568 0.5581597222222222 0.10455246913580248 0.5555555555555556 0.09915123456790123 0.5577256944444444 0.09683641975308642
1 0.4561631944444444 0.11072530864197531 0.4631076388888889 0.11496913580246913 0.4661458333333333 0.11959876543209877 0.4661458333333333 0.12307098765432099 0.4600694444444444 0.1253858024691358 0.4470486111111111 0.11959876543209877 0.4526909722222222 0.11072530864197531 0.4557291666666667 0.11072530864197531
1 0.5447048611111112 0.07291666666666667 0.5494791666666666 0.07445987654320987 0.5520833333333334 0.0779320987654321 0.5503472222222222 0.08256172839506173 0.5442708333333334 0.08719135802469136 0.5399305555555556 0.08641975308641975 0.5373263888888888 0.08179012345679013 0.5394965277777778 0.07484567901234568 0.5442708333333334 0.07291666666666667
1 0.3359375 0.6736111111111112 0.3394097222222222 0.6751543209876543 0.3407118055555556 0.6790123456790124 0.3372395833333333 0.6929012345679012 0.3333333333333333 0.6956018518518519 0.328125 0.6925154320987654 0.3263888888888889 0.6786265432098766 0.3285590277777778 0.6732253086419753 0.3355034722222222 0.6736111111111112
1 0.2035590277777778 0.6790123456790124 0.20833333333333334 0.6820987654320988 0.2087673611111111 0.6859567901234568 0.19835069444444445 0.6979166666666666 0.19140625 0.6959876543209876 0.19661458333333334 0.6828703703703703 0.203125 0.6790123456790124
1 0.2912326388888889 0.4575617283950617 0.2934027777777778 0.4591049382716049 0.29296875 0.470679012345679 0.2860243055555556 0.4799382716049383 0.2894965277777778 0.49151234567901236 0.2864583333333333 0.49112654320987653 0.2825520833333333 0.48649691358024694 0.2756076388888889 0.4876543209876543 0.2756076388888889 0.4799382716049383 0.2651909722222222 0.4799382716049383 0.2625868055555556 0.47723765432098764 0.2756076388888889 0.46064814814814814 0.2907986111111111 0.4575617283950617
1 0.11328125 0.7766203703703703 0.1193576388888889 0.7827932098765432 0.1189236111111111 0.7866512345679012 0.11197916666666667 0.8001543209876543 0.1072048611111111 0.8036265432098766 0.1032986111111111 0.8028549382716049 0.10546875 0.7878086419753086 0.11284722222222222 0.7766203703703703
1 0.13671875 0.6732253086419753 0.1484375 0.6751543209876543 0.1480034722222222 0.6790123456790124 0.1401909722222222 0.6898148148148148 0.12977430555555555 0.6948302469135802 0.12369791666666667 0.6925154320987654 0.12586805555555555 0.6820987654320988 0.1232638888888889 0.6786265432098766 0.12760416666666666 0.6751543209876543 0.1362847222222222 0.6732253086419753
1 0.12369791666666667 0.6766975308641975 0.1267361111111111 0.6786265432098766 0.12760416666666666 0.6859567901234568 0.12456597222222222 0.6921296296296297 0.1193576388888889 0.6959876543209876 0.11458333333333333 0.6948302469135802 0.1154513888888889 0.685570987654321 0.1189236111111111 0.6790123456790124 0.1232638888888889 0.6766975308641975
1 0.12456597222222222 0.36728395061728397 0.1388888888888889 0.3715277777777778 0.1440972222222222 0.3653549382716049 0.14713541666666666 0.3653549382716049 0.15364583333333334 0.3765432098765432 0.15364583333333334 0.3800154320987654 0.1488715277777778 0.38425925925925924 0.13932291666666666 0.38387345679012347 0.1310763888888889 0.3800154320987654 0.11848958333333333 0.36959876543209874 0.12413194444444445 0.36728395061728397
1 0.08116319444444445 0.3618827160493827 0.08463541666666667 0.3645833333333333 0.0915798611111111 0.3618827160493827 0.09809027777777778 0.36612654320987653 0.10243055555555555 0.37191358024691357 0.10112847222222222 0.3800154320987654 0.0881076388888889 0.3873456790123457 0.08072916666666667 0.37885802469135804 0.07725694444444445 0.36689814814814814 0.07769097222222222 0.3626543209876543 0.08072916666666667 0.36226851851851855
1 0.026475694444444444 0.7800925925925926 0.03211805555555555 0.783179012345679 0.033854166666666664 0.7889660493827161 0.03819444444444445 0.7928240740740741 0.029513888888888888 0.7974537037037037 0.022135416666666668 0.7935956790123457 0.01171875 0.7951388888888888 0.010850694444444444 0.7932098765432098 0.009982638888888888 0.7858796296296297 0.026041666666666668 0.7800925925925926
1 0 0.5115740740740741 0.0030381944444444445 0.5123456790123457 0.0078125 0.5243055555555556 0.019097222222222224 0.5243055555555556 0.020399305555555556 0.5258487654320988 0.012152777777777778 0.5420524691358025 0.01171875 0.5501543209876543 0.004340277777777778 0.5482253086419753 0 0.5435956790123457 0 0.5119598765432098
1 0.04991319444444445 0.3618827160493827 0.05685763888888889 0.36689814814814814 0.061197916666666664 0.3753858024691358 0.05859375 0.38657407407407407 0.05685763888888889 0.3881172839506173 0.05164930555555555 0.3869598765432099 0.04774305555555555 0.3726851851851852 0.04991319444444445 0.36226851851851855
1 0.4427083333333333 0.09645061728395062 0.4466145833333333 0.09837962962962964 0.4535590277777778 0.1091820987654321 0.4479166666666667 0.11959876543209877 0.4422743055555556 0.11959876543209877 0.4370659722222222 0.11188271604938271 0.4357638888888889 0.09722222222222222 0.4422743055555556 0.09645061728395062
1 0.4943576388888889 0.06712962962962964 0.4973958333333333 0.0763888888888889 0.4956597222222222 0.08641975308641975 0.4908854166666667 0.08719135802469136 0.4874131944444444 0.08140432098765432 0.4939236111111111 0.06751543209876543
1 0.5373263888888888 0.05864197530864197 0.5407986111111112 0.060570987654320986 0.5416666666666666 0.07214506172839506 0.5368923611111112 0.0798611111111111 0.5329861111111112 0.07677469135802469 0.53125 0.07137345679012345 0.5368923611111112 0.05864197530864197
1 0.5473090277777778 0.05169753086419753 0.5538194444444444 0.053626543209876545 0.5572916666666666 0.05131172839506173 0.5607638888888888 0.05864197530864197 0.5598958333333334 0.06404320987654322 0.5438368055555556 0.06327160493827161 0.5416666666666666 0.06018518518518518 0.5473090277777778 0.052083333333333336
1 0.23828125 0.2654320987654321 0.2443576388888889 0.2623456790123457 0.24522569444444445 0.2638888888888889 0.24131944444444445 0.2716049382716049 0.2417534722222222 0.2797067901234568 0.2282986111111111 0.279320987654321 0.2309027777777778 0.2689043209876543 0.23828125 0.2658179012345679
1 0.2556423611111111 0.14390432098765432 0.2630208333333333 0.15354938271604937 0.26171875 0.1558641975308642 0.2565104166666667 0.1566358024691358 0.2513020833333333 0.1566358024691358 0.25 0.15470679012345678 0.2552083333333333 0.14390432098765432
1 0.2734375 0.13348765432098766 0.2821180555555556 0.15432098765432098 0.2725694444444444 0.1558641975308642 0.265625 0.1558641975308642 0.2643229166666667 0.15393518518518517 0.2703993055555556 0.13541666666666666 0.2730034722222222 0.13348765432098766
1 0.4006076388888889 0.06790123456790123 0.4088541666666667 0.0779320987654321 0.4088541666666667 0.08487654320987655 0.4040798611111111 0.08526234567901235 0.3997395833333333 0.08140432098765432 0.3975694444444444 0.06905864197530864 0.4001736111111111 0.06828703703703703
1 0.4405381944444444 0.05709876543209876 0.4457465277777778 0.05709876543209876 0.4457465277777778 0.07445987654320987 0.4418402777777778 0.0783179012345679 0.4353298611111111 0.0787037037037037 0.4322916666666667 0.07716049382716049 0.4301215277777778 0.07098765432098765 0.4314236111111111 0.060570987654320986 0.4357638888888889 0.06172839506172839 0.4405381944444444 0.057484567901234566
1 0.3559027777777778 0.05864197530864197 0.3619791666666667 0.06867283950617284 0.3615451388888889 0.07407407407407407 0.3576388888888889 0.07716049382716049 0.3537326388888889 0.07523148148148148 0.3515625 0.06828703703703703 0.3528645833333333 0.06095679012345679 0.35546875 0.05864197530864197
1 0.3420138888888889 0.0625 0.3450520833333333 0.062114197530864196 0.3511284722222222 0.06751543209876543 0.3550347222222222 0.07445987654320987 0.3519965277777778 0.08140432098765432 0.3411458333333333 0.08603395061728394 0.3350694444444444 0.0779320987654321 0.3415798611111111 0.07291666666666667 0.3420138888888889 0.0628858024691358
1 0.018663194444444444 0.41975308641975306 0.03602430555555555 0.4201388888888889 0.03819444444444445 0.4255401234567901 0.036458333333333336 0.43171296296296297 0.023003472222222224 0.43016975308641975 0.016927083333333332 0.42592592592592593 0.018663194444444444 0.4201388888888889
1 0.4874131944444444 0.02970679012345679 0.4921875 0.031635802469135804 0.4943576388888889 0.038580246913580245 0.4934895833333333 0.04976851851851852 0.4865451388888889 0.050540123456790126 0.4874131944444444 0.03009259259259259
1 0.4366319444444444 0.21334876543209877 0.4405381944444444 0.22299382716049382 0.4353298611111111 0.23032407407407407 0.4375 0.2353395061728395 0.4331597222222222 0.24459876543209877 0.4353298611111111 0.24614197530864199 0.44068272569444444 0.24061226851851852 0.4539930555555556 0.2341820987654321 0.4583333333333333 0.22762345679012347 0.45393359375000003 0.21396450617283952 0.4529865451388889 0.22090779320987652 0.4457465277777778 0.2152777777777778 0.4409722222222222 0.21450617283950618 0.4392361111111111 0.21180555555555555
1 0.4869791666666667 0.1705246913580247 0.4874131944444444 0.1724537037037037 0.4900173611111111 0.1728395061728395 0.5 0.1716820987654321 0.5082465277777778 0.16859567901234568 0.5108506944444444 0.16435185185185186 0.5056423611111112 0.16203703703703703 0.4921875 0.16435185185185186 0.4900173611111111 0.16512345679012347
1 0.4874131944444444 0.14351851851851852 0.4861111111111111 0.14390432098765432 0.4895833333333333 0.15007716049382716 0.4943576388888889 0.15239197530864199 0.4986979166666667 0.15200617283950618 0.5013020833333334 0.15470679012345678 0.5047743055555556 0.15432098765432098 0.5043402777777778 0.14699074074074073 0.4969618055555556 0.14390432098765432
1 0.4691840277777778 0.1423611111111111 0.4678819444444444 0.14351851851851852 0.4678819444444444 0.15084876543209877 0.4704861111111111 0.15354938271604937 0.4856770833333333 0.15007716049382716 0.48828125 0.14506172839506173 0.4874131944444444 0.1431327160493827 0.4839409722222222 0.1431327160493827 0.4765625 0.14660493827160495 0.4735243055555556 0.14351851851851852
1 0.4544270833333333 0.028935185185185185 0.4535590277777778 0.03356481481481482 0.4548611111111111 0.03780864197530864 0.4565972222222222 0.03935185185185185 0.4613715277777778 0.03973765432098766 0.4605034722222222 0.022376543209876542 0.4565972222222222 0.022762345679012346
1 0.4652777777777778 0.024305555555555556 0.46484375 0.03973765432098766 0.4700520833333333 0.043209876543209874 0.47942317708333326 0.044932484567901235 0.4745802951388889 0.0391940586419753 0.4697369791666666 0.03532098765432099 0.4702213541666667 0.027000385802469135 0.4704861111111111 0.022376543209876542 0.4665798611111111 0.02199074074074074
1 0.4795559895833333 0.060814043209876545 0.4749800347222222 0.060599922839506166 0.4743923611111111 0.06404320987654322 0.4782986111111111 0.06442901234567901 0.484375 0.06095679012345679 0.484375 0.057484567901234566
1 0.6313641493055555 0.06158873456790124 0.6328125 0.06751543209876543 0.6427951388888888 0.06751543209876543 0.6398862847222222 0.05659375 0.6349908854166667 0.06497222222222222
1 0.9357638888888888 0.3275462962962963 0.9409722222222222 0.33757716049382713 0.9458745659722223 0.34078896604938275 0.9479166666666666 0.33217592592592593 0.9466145833333334 0.32947530864197533 0.9431423611111112 0.3275462962962963
1 0.9317131076388888 0.34040624999999997 0.9305555555555556 0.3433641975308642 0.9322916666666666 0.3449074074074074 0.9361979166666666 0.3445216049382716 0.9383680555555556 0.3429783950617284 0.9388020833333334 0.33834876543209874 0.9357638888888888 0.33719135802469136
1 0.9027777777777778 0.36651234567901236 0.9040798611111112 0.3738425925925926 0.9066840277777778 0.375 0.9127604166666666 0.3742283950617284 0.921875 0.3645833333333333 0.9240451388888888 0.3591820987654321 0.9236111111111112 0.3557098765432099 0.9210069444444444 0.35455246913580246 0.9110243055555556 0.3576388888888889
1 0.31884114583333334 0.702462962962963 0.3202786458333333 0.709551311728395 0.31648177083333334 0.7145640432098765 0.3196276041666667 0.7144675925925926 0.3240750868055555 0.7107083333333333 0.32971614583333336 0.7105154320987654 0.33025824652777774 0.7150459104938272 0.33253645833333334 0.7154317129629629 0.33470616319444446 0.7112866512345679 0.33709244791666665 0.7082982253086421 0.3407118055555556 0.7065007716049383 0.3420138888888889 0.7030285493827161
1 0.3485243055555556 0.7025462962962963 0.3454861111111111 0.7029320987654321 0.3430316840277778 0.7076685956790124 0.3446588541666667 0.7149945987654321 0.3470451388888889 0.7160547839506173 0.3502604166666667 0.7145061728395061 0.3536623263888889 0.7121026234567901 0.3528645833333333 0.7094907407407407 0.3559027777777778 0.7094907407407407 0.3585069444444444 0.7118055555555556 0.3624131944444444 0.7098765432098766 0.3624131944444444 0.7060185185185185 0.3598090277777778 0.7029320987654321