1 0.8003472222222222 0.9849537037037037 0.7999131944444444 0.9803240740740741 0.8125 0.9783950617283951 0.8211805555555556 0.9795524691358025 0.8216145833333334 0.9861111111111112 0.8181423611111112 0.9903549382716049 0.8107638888888888 0.9845679012345679 0.80078125 0.9849537037037037
1 0.7322048611111112 0.9841820987654321 0.7374131944444444 0.9837962962962963 0.7413194444444444 0.9872685185185185 0.7413194444444444 0.9918981481481481 0.7374131944444444 0.9930555555555556 0.7339409722222222 0.9911265432098766 0.7322048611111112 0.9845679012345679
1 0.6575520833333334 0.9112654320987654 0.6614583333333334 0.9205246913580247 0.6575520833333334 0.9344135802469136 0.6453993055555556 0.9216820987654321 0.6462673611111112 0.9174382716049383 0.6571180555555556 0.9112654320987654
1 0.6276041666666666 0.9077932098765432 0.6384548611111112 0.9143518518518519 0.6401909722222222 0.9178240740740741 0.6414930555555556 0.9255401234567902 0.6371527777777778 0.9309413580246914 0.6267361111111112 0.9286265432098766 0.6236979166666666 0.9108796296296297 0.6271701388888888 0.9077932098765432
1 0.6115451388888888 0.9216820987654321 0.6137152777777778 0.9151234567901234 0.6197916666666666 0.9131944444444444 0.6263020833333334 0.9247685185185185 0.6232638888888888 0.9320987654320988 0.6189236111111112 0.935570987654321 0.6119791666666666 0.9220679012345679
1 0.62890625 0.9089506172839507 0.64453125 0.9143518518518519 0.6579861111111112 0.9116512345679012 0.6610243055555556 0.9251543209876543 0.6575520833333334 0.933641975308642 0.6540798611111112 0.9320987654320988 0.6501736111111112 0.9247685185185185 0.6462673611111112 0.9232253086419753 0.6371527777777778 0.9324845679012346 0.6332465277777778 0.9301697530864198 0.625 0.9297839506172839 0.6197916666666666 0.9344135802469136 0.6128472222222222 0.9236111111111112 0.6128472222222222 0.9178240740740741 0.6158854166666666 0.9139660493827161 0.6228298611111112 0.9131944444444444 0.6254340277777778 0.9077932098765432 0.6284722222222222 0.9089506172839507
1 0.5642361111111112 0.9641203703703703 0.5672743055555556 0.96875 0.5672743055555556 0.9756944444444444 0.5603298611111112 0.9876543209876543 0.5546875 0.9841820987654321 0.5533854166666666 0.9799382716049383 0.5590277777777778 0.9675925925925926 0.5638020833333334 0.9641203703703703
1 0.5685763888888888 0.9560185185185185 0.5651041666666666 0.9664351851851852 0.5603298611111112 0.9679783950617284 0.5568576388888888 0.9733796296296297 0.5503472222222222 0.9772376543209876 0.5434027777777778 0.9737654320987654 0.5434027777777778 0.9695216049382716 0.5512152777777778 0.9633487654320988 0.5681423611111112 0.9560185185185185
1 0.6158854166666666 0.8016975308641975 0.6059027777777778 0.7989969135802469 0.60546875 0.7932098765432098 0.6158854166666666 0.7908950617283951 0.6176215277777778 0.7928240740740741 0.6163194444444444 0.8013117283950617
1 0.45703125 0.9652777777777778 0.4605034722222222 0.966820987654321 0.4631076388888889 0.972608024691358 0.4600694444444444 0.9861111111111112 0.4565972222222222 0.9849537037037037 0.4518229166666667 0.9776234567901234 0.4483506944444444 0.9780092592592593 0.4431423611111111 0.9841820987654321 0.4388020833333333 0.9845679012345679 0.44140625 0.9683641975308642 0.4565972222222222 0.9652777777777778
1 0.4231770833333333 0.9895833333333334 0.4383680555555556 0.9911265432098766 0.4396701388888889 0.9996141975308642 0.4171006944444444 0.9996141975308642 0.4227430555555556 0.9895833333333334
1 0.9561631944444444 0.5891203703703703 0.9592013888888888 0.591820987654321 0.9587673611111112 0.6084104938271605 0.9665798611111112 0.6161265432098766 0.9561631944444444 0.6207561728395061 0.9396701388888888 0.6126543209876543 0.9340277777777778 0.6060956790123457 0.9366319444444444 0.5952932098765432 0.9409722222222222 0.5933641975308642 0.953125 0.5949074074074074 0.9561631944444444 0.5895061728395061
1 0.76171875 0.6986882716049383 0.7673611111111112 0.7098765432098766 0.7586805555555556 0.7164351851851852 0.7552083333333334 0.7160493827160493 0.7504340277777778 0.7091049382716049 0.7582465277777778 0.6990740740740741 0.7612847222222222 0.6986882716049383
1 0.5256076388888888 0.7982253086419753 0.5399305555555556 0.7982253086419753 0.5442708333333334 0.8001543209876543 0.5442708333333334 0.8036265432098766 0.5390625 0.8101851851851852 0.5290798611111112 0.8117283950617284 0.5256076388888888 0.7986111111111112
1 0.5186631944444444 0.7932098765432098 0.5321180555555556 0.7866512345679012 0.5394965277777778 0.7874228395061729 0.5438368055555556 0.7932098765432098 0.5434027777777778 0.8001543209876543 0.5303819444444444 0.8009259259259259 0.5251736111111112 0.8005401234567902 0.5186631944444444 0.7935956790123457
1 0.5360243055555556 0.7750771604938271 0.5416666666666666 0.779320987654321 0.5425347222222222 0.7827932098765432 0.5403645833333334 0.7870370370370371 0.5364583333333334 0.7889660493827161 0.5256076388888888 0.7881944444444444 0.5208333333333334 0.7827932098765432 0.5251736111111112 0.7758487654320988 0.5355902777777778 0.7750771604938271
1 0.5 0.779320987654321 0.5078125 0.7820216049382716 0.5121527777777778 0.7893518518518519 0.51171875 0.8074845679012346 0.5073784722222222 0.8074845679012346 0.5 0.7932098765432098 0.5 0.7797067901234568
1 0.4947916666666667 0.7945601851851852 0.012152777777777778 0.02970679012345679
1 0.3350694444444444 0.9614197530864198 0.3402777777777778 0.966820987654321 0.3385416666666667 0.9729938271604939 0.3146701388888889 0.9776234567901234 0.3125 0.9772376543209876 0.3129340277777778 0.9741512345679012 0.3190104166666667 0.966820987654321 0.3246527777777778 0.9633487654320988 0.3346354166666667 0.9614197530864198
1 0.2964409722222222 0.8364197530864198 0.3146701388888889 0.8383487654320988 0.3203125 0.841820987654321 0.3033854166666667 0.8665123456790124 0.2994791666666667 0.8626543209876543 0.30078125 0.8452932098765432 0.2955729166666667 0.8383487654320988 0.2964409722222222 0.8368055555555556
1 0.2699652777777778 0.9564043209876543 0.2769097222222222 0.9652777777777778 0.2756076388888889 0.9733796296296297 0.2725694444444444 0.9768518518518519 0.2686631944444444 0.9756944444444444 0.265625 0.9675925925925926 0.25 0.9695216049382716 0.24522569444444445 0.966820987654321 0.26953125 0.9564043209876543
1 0.2144097222222222 0.9000771604938271 0.22005208333333334 0.9058641975308642 0.22005208333333334 0.9112654320987654 0.2109375 0.9228395061728395 0.20616319444444445 0.9212962962962963 0.20833333333333334 0.9077932098765432 0.21397569444444445 0.9000771604938271
1 0.2087673611111111 0.8969907407407407 0.2109375 0.9016203703703703 0.2074652777777778 0.9077932098765432 0.19270833333333334 0.9182098765432098 0.1974826388888889 0.9004629629629629 0.2026909722222222 0.8954475308641975 0.20833333333333334 0.8969907407407407
1 0.12630208333333334 0.9525462962962963 0.1323784722222222 0.9517746913580247 0.13802083333333334 0.9560185185185185 0.13802083333333334 0.9621913580246914 0.13368055555555555 0.9722222222222222 0.1228298611111111 0.9776234567901234 0.11979166666666667 0.9664351851851852 0.12630208333333334 0.9529320987654321
1 0.8103298611111112 0.6122685185185185 0.8246527777777778 0.6134259259259259 0.8272569444444444 0.6168981481481481 0.828125 0.6257716049382716 0.8246527777777778 0.6296296296296297 0.8120659722222222 0.6265432098765432 0.8072916666666666 0.6327160493827161 0.8046875 0.6319444444444444 0.8055555555555556 0.6246141975308642 0.8020833333333334 0.6126543209876543 0.8098958333333334 0.6122685185185185
1 0.6918402777777778 0.5790895061728395 0.7118055555555556 0.591820987654321 0.7039930555555556 0.5952932098765432 0.6927083333333334 0.5929783950617284 0.6853298611111112 0.595679012345679 0.6788194444444444 0.5945216049382716 0.6749131944444444 0.5844907407407407 0.6788194444444444 0.5798611111111112 0.69140625 0.5790895061728395
1 0.5707465277777778 0.6022376543209876 0.5933159722222222 0.6022376543209876 0.5967881944444444 0.6053240740740741 0.5954861111111112 0.6107253086419753 0.5850694444444444 0.6064814814814815 0.5807291666666666 0.6068672839506173 0.578125 0.6141975308641975 0.5711805555555556 0.6072530864197531 0.5707465277777778 0.6026234567901234
1 0.4361979166666667 0.6716820987654321 0.4392361111111111 0.6751543209876543 0.4392361111111111 0.6817129629629629 0.4270833333333333 0.691358024691358 0.4171006944444444 0.6890432098765432 0.4240451388888889 0.6782407407407407 0.4357638888888889 0.6716820987654321
1 0.3567708333333333 0.7029320987654321 0.3619791666666667 0.7052469135802469 0.3615451388888889 0.7083333333333334 0.3524305555555556 0.7087191358024691 0.3515625 0.7133487654320988 0.3489583333333333 0.7145061728395061 0.3446180555555556 0.7133487654320988 0.3441840277777778 0.7037037037037037 0.3563368055555556 0.7029320987654321
1 0.3580729166666667 0.6763117283950617 0.359375 0.6793981481481481 0.3567708333333333 0.6867283950617284 0.3420138888888889 0.6952160493827161 0.3376736111111111 0.6952160493827161 0.3355034722222222 0.6929012345679012 0.3402777777777778 0.6817129629629629 0.3446180555555556 0.6778549382716049 0.3576388888888889 0.6763117283950617
1 0.3328993055555556 0.6724537037037037 0.33984375 0.6751543209876543 0.3420138888888889 0.6786265432098766 0.3372395833333333 0.6959876543209876 0.3307291666666667 0.6959876543209876 0.3285590277777778 0.6940586419753086 0.3263888888888889 0.685570987654321 0.3276909722222222 0.6739969135802469 0.3324652777777778 0.6724537037037037
1 0.3385416666666667 0.7021604938271605 0.3606770833333333 0.7064043209876543 0.359375 0.7079475308641975 0.3524305555555556 0.7071759259259259 0.3515625 0.7133487654320988 0.3493923611111111 0.7141203703703703 0.3450520833333333 0.7141203703703703 0.3415798611111111 0.7094907407407407 0.3294270833333333 0.7202932098765432 0.3272569444444444 0.7195216049382716 0.3246527777777778 0.7110339506172839 0.3190104166666667 0.7133487654320988 0.3203125 0.7029320987654321 0.3381076388888889 0.7021604938271605
1 0.2973090277777778 0.6689814814814815 0.3107638888888889 0.6786265432098766 0.3055555555555556 0.6797839506172839 0.3012152777777778 0.683641975308642 0.2947048611111111 0.6948302469135802 0.2816840277777778 0.6890432098765432 0.2786458333333333 0.6786265432098766 0.28515625 0.6685956790123457 0.2916666666666667 0.6709104938271605 0.296875 0.6689814814814815
1 0.9388020833333334 0.3341049382716049 0.9401041666666666 0.341820987654321 0.9357638888888888 0.3445216049382716 0.9305555555555556 0.3429783950617284 0.9388020833333334 0.33449074074074076
1 0.4461805555555556 0.36612654320987653 0.4526909722222222 0.38040123456790126 0.4496527777777778 0.38503086419753085 0.4409722222222222 0.38850308641975306 0.4249131944444444 0.3869598765432099 0.4084201388888889 0.3792438271604938 0.41796875 0.373070987654321 0.4392361111111111 0.3753858024691358 0.4457465277777778 0.36612654320987653
1 0.4691840277777778 0.20640432098765432 0.4774305555555556 0.2056327160493827 0.484375 0.2013888888888889 0.48828125 0.21334876543209877 0.4691840277777778 0.21334876543209877 0.4691840277777778 0.20679012345679013
1 0.5616319444444444 0.16280864197530864 0.5690104166666666 0.16473765432098766 0.5625 0.17862654320987653 0.5542534722222222 0.18287037037037038 0.5503472222222222 0.18248456790123457 0.546875 0.17901234567901234 0.5464409722222222 0.1712962962962963 0.5538194444444444 0.16319444444444445 0.5568576388888888 0.16165123456790123 0.5611979166666666 0.16280864197530864
1 0.51171875 0.16319444444444445 0.5186631944444444 0.16743827160493827 0.5225694444444444 0.16743827160493827 0.5260416666666666 0.16203703703703703 0.5295138888888888 0.16126543209876543 0.5325520833333334 0.17515432098765432 0.5277777777777778 0.18171296296296297 0.5160590277777778 0.17939814814814814 0.5112847222222222 0.16898148148148148 0.51171875 0.16358024691358025
1 0.48046875 0.16396604938271606 0.4848090277777778 0.1732253086419753 0.4848090277777778 0.18248456790123457 0.4761284722222222 0.1863425925925926 0.4700520833333333 0.19251543209876543 0.4661458333333333 0.18904320987654322 0.4657118055555556 0.18518518518518517 0.4752604166666667 0.16512345679012347 0.4800347222222222 0.16396604938271606
1 0.5013020833333334 0.14814814814814814 0.5047743055555556 0.14853395061728394 0.5104166666666666 0.16435185185185186 0.5099826388888888 0.16820987654320987 0.5047743055555556 0.1720679012345679 0.4995659722222222 0.1716820987654321 0.4978298611111111 0.16550925925925927 0.5013020833333334 0.14853395061728394
1 0.5021701388888888 0.14814814814814814 0.5052083333333334 0.14969135802469136 0.5104166666666666 0.16550925925925927 0.5017361111111112 0.1736111111111111 0.4878472222222222 0.1724537037037037 0.4852430555555556 0.16898148148148148 0.4874131944444444 0.16435185185185186 0.4939236111111111 0.16126543209876543 0.4952256944444444 0.15432098765432098 0.5017361111111112 0.14814814814814814
1 0.4600694444444444 0.15162037037037038 0.4665798611111111 0.1716820987654321 0.4661458333333333 0.17554012345679013 0.4600694444444444 0.18287037037037038 0.4513888888888889 0.1720679012345679 0.4552951388888889 0.15393518518518517 0.4596354166666667 0.15162037037037038
1 0.4891493055555556 0.1431327160493827 0.5013020833333334 0.14737654320987653 0.5056423611111112 0.15316358024691357 0.5052083333333334 0.16126543209876543 0.5004340277777778 0.16435185185185186 0.5017361111111112 0.16743827160493827 0.5052083333333334 0.16820987654320987 0.5017361111111112 0.1720679012345679 0.4926215277777778 0.1724537037037037 0.4874131944444444 0.1724537037037037 0.4826388888888889 0.16666666666666666 0.4730902777777778 0.16473765432098766 0.4761284722222222 0.15084876543209877 0.4839409722222222 0.14390432098765432 0.4887152777777778 0.1431327160493827
1 0.4717881944444444 0.14390432098765432 0.4769965277777778 0.14930555555555555 0.4809027777777778 0.14969135802469136 0.484375 0.1550925925925926 0.4908854166666667 0.1570216049382716 0.4891493055555556 0.16435185185185186 0.4839409722222222 0.16435185185185186 0.4839409722222222 0.1724537037037037 0.4739583333333333 0.1716820987654321 0.4704861111111111 0.16512345679012347 0.46875 0.14621913580246915 0.4691840277777778 0.14390432098765432 0.4713541666666667 0.14390432098765432
1 0.48828125 0.1423611111111111 0.4991319444444444 0.14737654320987653 0.4978298611111111 0.15432098765432098 0.4917534722222222 0.16203703703703703 0.4839409722222222 0.16319444444444445 0.4743923611111111 0.16820987654320987 0.4696180555555556 0.16165123456790123 0.4678819444444444 0.14429012345679013 0.4704861111111111 0.1423611111111111 0.4774305555555556 0.14737654320987653 0.4878472222222222 0.1423611111111111
1 0.4895833333333333 0.1423611111111111 0.5047743055555556 0.14969135802469136 0.5052083333333334 0.15817901234567902 0.4943576388888889 0.16358024691358025 0.4787326388888889 0.16473765432098766 0.4739583333333333 0.16820987654320987 0.4696180555555556 0.16087962962962962 0.4683159722222222 0.14390432098765432 0.4704861111111111 0.1427469135802469 0.4774305555555556 0.14776234567901234 0.4839409722222222 0.1427469135802469 0.4891493055555556 0.1423611111111111
1 0.5568576388888888 0.09645061728395062 0.5711805555555556 0.10570987654320987 0.5590277777777778 0.10532407407407407 0.5559895833333334 0.09953703703703703 0.5568576388888888 0.09683641975308642
1 0.4249131944444444 0.1558641975308642 0.4340277777777778 0.16859567901234568 0.4435763888888889 0.17631172839506173 0.4435763888888889 0.18248456790123457 0.4392361111111111 0.1886574074074074 0.4353298611111111 0.18942901234567902 0.4249131944444444 0.18441358024691357 0.4166666666666667 0.17515432098765432 0.4184027777777778 0.1716820987654321 0.4214409722222222 0.1732253086419753 0.4249131944444444 0.1720679012345679 0.4227430555555556 0.15779320987654322 0.4244791666666667 0.15625
1 0.4526909722222222 0.1087962962962963 0.4665798611111111 0.11921296296296297 0.4665798611111111 0.12307098765432099 0.4639756944444444 0.1246141975308642 0.4526909722222222 0.12307098765432099 0.4474826388888889 0.11998456790123457 0.4474826388888889 0.11612654320987655 0.4526909722222222 0.1091820987654321
1 0.4409722222222222 0.09606481481481481 0.4461805555555556 0.09760802469135803 0.4535590277777778 0.1091820987654321 0.4535590277777778 0.11265432098765432 0.4479166666666667 0.11998456790123457 0.4422743055555556 0.11959876543209877 0.4370659722222222 0.11265432098765432 0.4357638888888889 0.09683641975308642 0.4405381944444444 0.09606481481481481
1 0.5455729166666666 0.07330246913580248 0.5520833333333334 0.0779320987654321 0.5503472222222222 0.08256172839506173 0.5442708333333334 0.08680555555555555 0.5399305555555556 0.08641975308641975 0.5368923611111112 0.08063271604938271 0.5381944444444444 0.07677469135802469 0.5451388888888888 0.07330246913580248
1 0.3224826388888889 0.7025462962962963 0.3385416666666667 0.7025462962962963 0.3420138888888889 0.7060185185185185 0.3381076388888889 0.7133487654320988 0.3294270833333333 0.7202932098765432 0.3276909722222222 0.7202932098765432 0.3246527777777778 0.7118055555555556 0.3177083333333333 0.7133487654320988 0.3203125 0.7102623456790124 0.3198784722222222 0.7029320987654321 0.3220486111111111 0.7025462962962963
1 0.20399305555555555 0.6793981481481481 0.20833333333333334 0.6820987654320988 0.20833333333333334 0.6882716049382716 0.19835069444444445 0.6979166666666666 0.19270833333333334 0.6975308641975309 0.19140625 0.6952160493827161 0.1970486111111111 0.6820987654320988 0.2035590277777778 0.6793981481481481
1 0.2799479166666667 0.45949074074074076 0.2899305555555556 0.4575617283950617 0.2938368055555556 0.4591049382716049 0.2934027777777778 0.4702932098765432 0.2860243055555556 0.4799382716049383 0.2894965277777778 0.49151234567901236 0.2860243055555556 0.49112654320987653 0.2825520833333333 0.4868827160493827 0.2756076388888889 0.4876543209876543 0.2756076388888889 0.4799382716049383 0.2625868055555556 0.47800925925925924 0.2725694444444444 0.4618055555555556 0.2795138888888889 0.45949074074074076
1 0.11631944444444445 0.9564043209876543 0.12022569444444445 0.9629629629629629 0.1228298611111111 0.9772376543209876 0.1189236111111111 0.9837962962962963 0.11328125 0.9876543209876543 0.11588541666666667 0.9911265432098766 0.11241319444444445 0.9945987654320988 0.10633680555555555 0.9945987654320988 0.11197916666666667 0.9926697530864198 0.11197916666666667 0.9876543209876543 0.0998263888888889 0.9737654320987654 0.09895833333333333 0.9695216049382716 0.109375 0.9579475308641975 0.11588541666666667 0.9564043209876543
1 0.13194444444444445 0.9517746913580247 0.13585069444444445 0.9529320987654321 0.13802083333333334 0.9564043209876543 0.1349826388888889 0.9702932098765432 0.13151041666666666 0.9749228395061729 0.12196180555555555 0.9803240740740741 0.11631944444444445 0.9872685185185185 0.11588541666666667 0.9922839506172839 0.10980902777777778 0.9957561728395061 0.10503472222222222 0.9949845679012346 0.10243055555555555 0.9915123456790124 0.1015625 0.9841820987654321 0.1037326388888889 0.9807098765432098 0.09895833333333333 0.9737654320987654 0.09895833333333333 0.9675925925925926 0.1115451388888889 0.9564043209876543 0.11631944444444445 0.9564043209876543 0.11979166666666667 0.9598765432098766 0.1271701388888889 0.9521604938271605 0.13151041666666666 0.9517746913580247
1 0.11371527777777778 0.7766203703703703 0.1193576388888889 0.7827932098765432 0.1189236111111111 0.7866512345679012 0.1111111111111111 0.8013117283950617 0.10546875 0.8040123456790124 0.1032986111111111 0.8036265432098766 0.1032986111111111 0.7986111111111112 0.10590277777777778 0.785108024691358 0.11328125 0.7766203703703703
1 0.203125 0.4251543209876543 0.20703125 0.42669753086419754 0.21875 0.44328703703703703 0.20616319444444445 0.44405864197530864 0.2035590277777778 0.4425154320987654 0.2026909722222222 0.4255401234567901
1 0.28515625 0.29205246913580246 0.2977430555555556 0.29976851851851855 0.2938368055555556 0.30324074074074076 0.2934027777777778 0.32060185185185186 0.2899305555555556 0.31983024691358025 0.2881944444444444 0.3152006172839506 0.2825520833333333 0.3113425925925926 0.2756076388888889 0.29976851851851855 0.2769097222222222 0.29282407407407407 0.2847222222222222 0.29205246913580246
1 0.1484375 0.6751543209876543 0.1488715277777778 0.6790123456790124 0.14366319444444445 0.6863425925925926 0.13368055555555555 0.6925154320987654 0.1271701388888889 0.6909722222222222 0.125 0.6786265432098766 0.1332465277777778 0.6739969135802469 0.1480034722222222 0.6751543209876543
1 0.13585069444444445 0.6743827160493827 0.1480034722222222 0.6751543209876543 0.1488715277777778 0.6786265432098766 0.14366319444444445 0.6859567901234568 0.13368055555555555 0.6925154320987654 0.12369791666666667 0.6929012345679012 0.1189236111111111 0.6959876543209876 0.11414930555555555 0.6936728395061729 0.11631944444444445 0.6820987654320988 0.11979166666666667 0.6786265432098766 0.13541666666666666 0.6743827160493827
1 0.1857638888888889 0.3707561728395062 0.20442708333333334 0.3753858024691358 0.2113715277777778 0.38348765432098764 0.21006944444444445 0.3881172839506173 0.19270833333333334 0.3873456790123457 0.18229166666666666 0.38233024691358025 0.1753472222222222 0.38155864197530864 0.17491319444444445 0.3784722222222222 0.18055555555555555 0.3761574074074074 0.18272569444444445 0.3715277777777778 0.1853298611111111 0.3707561728395062
1 0.11848958333333333 0.44058641975308643 0.12413194444444445 0.44212962962962965 0.13541666666666666 0.45524691358024694 0.1506076388888889 0.4575617283950617 0.1488715277777778 0.4679783950617284 0.15538194444444445 0.4737654320987654 0.15538194444444445 0.47723765432098764 0.13541666666666666 0.4672067901234568 0.12196180555555555 0.46296296296296297 0.1154513888888889 0.45100308641975306 0.1150173611111111 0.4417438271604938 0.11805555555555555 0.44058641975308643
1 0.14713541666666666 0.3653549382716049 0.15321180555555555 0.3765432098765432 0.15234375 0.3819444444444444 0.1484375 0.38425925925925924 0.13368055555555555 0.38155864197530864 0.1189236111111111 0.37037037037037035 0.1228298611111111 0.36766975308641975 0.13802083333333334 0.3699845679012346 0.14366319444444445 0.3653549382716049 0.1467013888888889 0.3653549382716049
1 0.0920138888888889 0.3618827160493827 0.10069444444444445 0.3699845679012346 0.10243055555555555 0.376929012345679 0.09852430555555555 0.38233024691358025 0.08897569444444445 0.3869598765432099 0.08072916666666667 0.3800154320987654 0.07769097222222222 0.3630401234567901 0.08116319444444445 0.3626543209876543 0.08550347222222222 0.3653549382716049 0.0915798611111111 0.3618827160493827
1 0.3914930555555556 0.16280864197530864 0.4006076388888889 0.16820987654320987 0.4045138888888889 0.16473765432098766 0.4110243055555556 0.16473765432098766 0.4071180555555556 0.17862654320987653 0.4014756944444444 0.18479938271604937 0.3936631944444444 0.18209876543209877 0.3897569444444444 0.17824074074074073 0.3910590277777778 0.16280864197530864
1 0.4943576388888889 0.06712962962962964 0.4973958333333333 0.07677469135802469 0.4952256944444444 0.08641975308641975 0.4913194444444444 0.08719135802469136 0.4878472222222222 0.08256172839506173 0.4878472222222222 0.0775462962962963 0.4939236111111111 0.06751543209876543
1 0.026909722222222224 0.7797067901234568 0.03211805555555555 0.7827932098765432 0.032552083333333336 0.7897376543209876 0.039496527777777776 0.7932098765432098 0.029079861111111112 0.7978395061728395 0.021701388888888888 0.7935956790123457 0.012152777777777778 0.7943672839506173 0.009548611111111112 0.7870370370370371 0.026475694444444444 0.7797067901234568
1 0 0.5115740740740741 0.004774305555555556 0.5142746913580247 0.007378472222222222 0.5239197530864198 0.019965277777777776 0.5250771604938271 0.012586805555555556 0.5424382716049383 0.01171875 0.5505401234567902 0.006510416666666667 0.5497685185185185 0 0.5428240740740741 0 0.5119598765432098
1 0.08203125 0.3626543209876543 0.0881076388888889 0.36651234567901236 0.09331597222222222 0.38078703703703703 0.09375 0.38348765432098764 0.08897569444444445 0.3869598765432099 0.0802951388888889 0.3792438271604938 0.07725694444444445 0.3630401234567901 0.08159722222222222 0.3626543209876543
1 0.050347222222222224 0.36149691358024694 0.058159722222222224 0.36921296296296297 0.062065972222222224 0.3800154320987654 0.06076388888888889 0.3846450617283951 0.0546875 0.38348765432098764 0.04861111111111111 0.3761574074074074 0.046440972222222224 0.36612654320987653 0.04991319444444445 0.36149691358024694
1 0.023003472222222224 0.41975308641975306 0.03602430555555555 0.4209104938271605 0.038628472222222224 0.42824074074074076 0.03689236111111111 0.43094135802469136 0.019097222222222224 0.42862654320987653 0.018229166666666668 0.42052469135802467 0.022569444444444444 0.41975308641975306
1 0.5373263888888888 0.05864197530864197 0.5407986111111112 0.061342592592592594 0.5416666666666666 0.07098765432098765 0.5364583333333334 0.08024691358024691 0.5325520833333334 0.07600308641975309 0.5316840277777778 0.06983024691358025 0.5368923611111112 0.05864197530864197
1 0.55078125 0.05169753086419753 0.5577256944444444 0.05169753086419753 0.5598958333333334 0.05478395061728395 0.5607638888888888 0.062114197530864196 0.5577256944444444 0.06442901234567901 0.5455729166666666 0.06404320987654322 0.5421006944444444 0.062114197530864196 0.5425347222222222 0.058256172839506175 0.5503472222222222 0.05169753086419753
1 0.3578559027777778 0.2330246913580247 0.01171875 0.022376543209876542
1 0.2664930555555556 0.2816358024691358 0.2751736111111111 0.2966820987654321 0.2743055555555556 0.3001543209876543 0.2690972222222222 0.3028549382716049 0.26171875 0.2966820987654321 0.2586805555555556 0.2827932098765432 0.2608506944444444 0.2804783950617284 0.2660590277777778 0.2816358024691358
1 0.234375 0.2673611111111111 0.2521701388888889 0.26851851851851855 0.24131944444444445 0.2804783950617284 0.2339409722222222 0.2808641975308642 0.22960069444444445 0.2789351851851852 0.234375 0.26774691358024694
1 0.21006944444444445 0.26851851851851855 0.2265625 0.27199074074074076 0.22786458333333334 0.279320987654321 0.21614583333333334 0.279320987654321 0.20963541666666666 0.2689043209876543
1 0.2547743055555556 0.1415895061728395 0.2630208333333333 0.15354938271604937 0.2612847222222222 0.15625 0.2513020833333333 0.1566358024691358 0.2547743055555556 0.1419753086419753
1 0.2736545138888889 0.14544753086419754 0.018663194444444444 0.021604938271604937
1 0.4010416666666667 0.08333333333333333 0.3975694444444444 0.07291666666666667 0.3993055555555556 0.06790123456790123 0.4075520833333333 0.07561728395061729 0.4097222222222222 0.08140432098765432 0.4079861111111111 0.08564814814814815 0.4014756944444444 0.08333333333333333
1 0.4470486111111111 0.05709876543209876 0.4487847222222222 0.059799382716049385 0.4470486111111111 0.07098765432098765 0.4388020833333333 0.07908950617283951 0.4318576388888889 0.07677469135802469 0.4322916666666667 0.060570987654320986 0.4422743055555556 0.056712962962962965 0.4466145833333333 0.05709876543209876
1 0.2825520833333333 0.09567901234567901 0.2903645833333333 0.09799382716049383 0.2921006944444444 0.10532407407407407 0.2903645833333333 0.10686728395061729 0.2790798611111111 0.10609567901234568 0.2825520833333333 0.09606481481481481
1 0.3450520833333333 0.06172839506172839 0.3506944444444444 0.06712962962962964 0.3541666666666667 0.0779320987654321 0.3489583333333333 0.08371913580246913 0.33984375 0.08564814814814815 0.3381076388888889 0.08912037037037036 0.3389756944444444 0.08449074074074074 0.3359375 0.0779320987654321 0.3420138888888889 0.07253086419753087 0.3420138888888889 0.062114197530864196 0.3446180555555556 0.06172839506172839
1 0.4904513888888889 0.02970679012345679 0.4930555555555556 0.032407407407407406 0.4947916666666667 0.04282407407407408 0.4913194444444444 0.05092592592592592 0.4874131944444444 0.05092592592592592 0.4861111111111111 0.04861111111111111 0.4865451388888889 0.03202160493827161 0.4900173611111111 0.02970679012345679
1 0.3559027777777778 0.05787037037037037 0.3619791666666667 0.06905864197530864 0.3611111111111111 0.07445987654320987 0.3563368055555556 0.0775462962962963 0.3515625 0.06905864197530864 0.3528645833333333 0.06018518518518518 0.35546875 0.05787037037037037
1 0.4691840277777778 0.022376543209876542 0.4700520833333333 0.029320987654320986 0.4782986111111111 0.036265432098765434 0.4774305555555556 0.04513888888888889 0.4622395833333333 0.03973765432098766 0.4661458333333333 0.022762345679012346 0.46875 0.022376543209876542
1 0.4700520833333333 0.021219135802469136 0.4713541666666667 0.028935185185185185 0.4778645833333333 0.03742283950617284 0.4774305555555556 0.04436728395061729 0.4587673611111111 0.03973765432098766 0.4548611111111111 0.036265432098765434 0.4561631944444444 0.02199074074074074 0.4635416666666667 0.023148148148148147 0.4661458333333333 0.020833333333333332 0.4696180555555556 0.021219135802469136
1 0.4574652777777778 0.01890432098765432 0.4626736111111111 0.022762345679012346 0.4635416666666667 0.02816358024691358 0.4652777777777778 0.022376543209876542 0.46875 0.022376543209876542 0.4670138888888889 0.030478395061728395 0.4631076388888889 0.030478395061728395 0.4613715277777778 0.03973765432098766 0.4565972222222222 0.03896604938271605 0.4535590277777778 0.033950617283950615 0.4548611111111111 0.020833333333333332 0.45703125 0.01890432098765432
1 0.921875 0.35455246913580246 0.9236111111111112 0.3557098765432099 0.921875 0.3645833333333333 0.9110243055555556 0.3746141975308642 0.9040798611111112 0.373070987654321 0.9032118055555556 0.36612654320987653 0.9097222222222222 0.3576388888888889 0.9214409722222222 0.35455246913580246
1 0.4344618055555556 0.23032407407407407 0.4348958333333333 0.2326388888888889 0.4305555555555556 0.24112654320987653 0.4318576388888889 0.24305555555555555 0.4353298611111111 0.24305555555555555 0.4453125 0.23842592592592593 0.4561631944444444 0.23765432098765432 0.4613715277777778 0.2345679012345679 0.4605034722222222 0.22878086419753085 0.4522569444444444 0.21682098765432098 0.4522569444444444 0.21334876543209877 0.44921875 0.20871913580246915 0.4448784722222222 0.21026234567901234 0.4444444444444444 0.21720679012345678 0.4418402777777778 0.22337962962962962
1 0.5386284722222222 0.20756172839506173 0.5303819444444444 0.21334876543209877 0.5377604166666666 0.21450617283950618 0.5434027777777778 0.21334876543209877 0.5451388888888888 0.20987654320987653 0.54296875 0.20640432098765432
1 0.4079861111111111 0.27199074074074076 0.40625 0.2827932098765432 0.4075520833333333 0.2847222222222222 0.4184027777777778 0.2839506172839506 0.4192708333333333 0.2827932098765432 0.4123263888888889 0.27199074074074076 0.4110243055555556 0.2708333333333333
1 0.3706597222222222 0.3549382716049383 0.3697916666666667 0.3560956790123457 0.3728298611111111 0.3591820987654321 0.37890625 0.3591820987654321 0.3776041666666667 0.3557098765432099
1 0.9809027777777778 0.14506172839506173 0.98046875 0.15084876543209877 0.9830729166666666 0.15470679012345678 0.9913194444444444 0.16049382716049382 0.9995659722222222 0.16203703703703703 0.9995659722222222 0.12962962962962962 0.9913194444444444 0.13310185185185186
1 0.9422743055555556 0.3279320987654321 0.94140625 0.33526234567901236 0.9431423611111112 0.3441358024691358 0.9457465277777778 0.34375 0.94921875 0.3402777777777778 0.9513888888888888 0.3314043209876543 0.9461805555555556 0.3236882716049383
1 0.8172743055555556 0.7920524691358025 0.8168402777777778 0.7935956790123457 0.8211805555555556 0.7978395061728395 0.82421875 0.7993827160493827 0.8259548611111112 0.7986111111111112 0.8268229166666666 0.7962962962962963 0.8250868055555556 0.7928240740740741
1 0.8315972222222222 0.7091049382716049 0.8333333333333334 0.7133487654320988 0.8368055555555556 0.7133487654320988 0.8359375 0.7091049382716049
1 0.8993055555555556 0.9714506172839507 0.8988715277777778 0.9756944444444444 0.9088541666666666 0.9841820987654321 0.9079861111111112 0.9876543209876543 0.9114583333333334 0.9930555555555556 0.9153645833333334 0.9942129629629629 0.9249131944444444 0.9911265432098766 0.9275173611111112 0.9884259259259259 0.9301215277777778 0.9768518518518519 0.9214409722222222 0.9629629629629629 0.9149305555555556 0.9610339506172839 0.9066840277777778 0.9679783950617284