1 0.9197048611111112 0.9618055555555556 0.9236111111111112 0.9637345679012346 0.9279513888888888 0.970679012345679 0.9288194444444444 0.9810956790123457 0.9249131944444444 0.9891975308641975 0.9184027777777778 0.9945987654320988 0.9136284722222222 0.9938271604938271 0.9131944444444444 0.9841820987654321 0.9036458333333334 0.9810956790123457 0.8967013888888888 0.9733796296296297 0.9053819444444444 0.9691358024691358 0.9144965277777778 0.9610339506172839 0.9192708333333334 0.9618055555555556
1 0.8190104166666666 0.9783950617283951 0.8220486111111112 0.9834104938271605 0.8216145833333334 0.9888117283950617 0.8190104166666666 0.9915123456790124 0.8107638888888888 0.9849537037037037 0.7999131944444444 0.9837962962962963 0.8003472222222222 0.9799382716049383 0.8029513888888888 0.9791666666666666 0.8185763888888888 0.9783950617283951
1 0.7391493055555556 0.9845679012345679 0.7421875 0.9891975308641975 0.7387152777777778 0.9926697530864198 0.7326388888888888 0.9880401234567902 0.7335069444444444 0.9841820987654321 0.7387152777777778 0.9845679012345679
1 0.6471354166666666 0.9251543209876543 0.64453125 0.9170524691358025 0.6540798611111112 0.9120370370370371 0.6575520833333334 0.9124228395061729 0.66015625 0.9182098765432098 0.6575520833333334 0.9340277777777778 0.6540798611111112 0.933641975308642 0.6475694444444444 0.9251543209876543
1 0.6267361111111112 0.9085648148148148 0.6319444444444444 0.9116512345679012 0.6336805555555556 0.9162808641975309 0.63671875 0.9155092592592593 0.6380208333333334 0.9251543209876543 0.625 0.9290123456790124 0.6193576388888888 0.933641975308642 0.6163194444444444 0.9313271604938271 0.6124131944444444 0.9224537037037037 0.6128472222222222 0.9158950617283951 0.6263020833333334 0.9089506172839507
1 0.6293402777777778 0.9074074074074074 0.6401909722222222 0.9093364197530864 0.6471354166666666 0.9182098765432098 0.6401909722222222 0.9263117283950617 0.625 0.9290123456790124 0.6197916666666666 0.9332561728395061 0.61328125 0.9243827160493827 0.6124131944444444 0.9178240740740741 0.6154513888888888 0.9135802469135802 0.62890625 0.9074074074074074
1 0.5642361111111112 0.9641203703703703 0.5672743055555556 0.9683641975308642 0.5672743055555556 0.9753086419753086 0.5603298611111112 0.9876543209876543 0.5551215277777778 0.9849537037037037 0.5533854166666666 0.9799382716049383 0.5590277777777778 0.9675925925925926 0.5638020833333334 0.9641203703703703
1 0.5562065972222222 0.9656635802469136 0.025607638888888888 0.020833333333333332
1 0.611328125 0.7962962962962963 0.013454861111111112 0.010802469135802469
1 0.4455295138888889 0.9756944444444444 0.013454861111111112 0.018518518518518517
1 0.45703125 0.9652777777777778 0.4631076388888889 0.9714506172839507 0.4600694444444444 0.9857253086419753 0.4561631944444444 0.9845679012345679 0.4513888888888889 0.9776234567901234 0.4487847222222222 0.9776234567901234 0.4422743055555556 0.9845679012345679 0.4388020833333333 0.9845679012345679 0.4418402777777778 0.9691358024691358 0.4457465277777778 0.9664351851851852 0.4565972222222222 0.9652777777777778
1 0.42578125 0.9911265432098766 0.4379340277777778 0.9911265432098766 0.4401041666666667 0.998070987654321 0.4401041666666667 0.9996141975308642 0.421875 0.9996141975308642 0.42578125 0.9915123456790124
1 0.8220486111111112 0.7916666666666666 0.8259548611111112 0.7939814814814815 0.8246527777777778 0.8001543209876543 0.81640625 0.7932098765432098 0.8216145833333334 0.7916666666666666
1 0.9440104166666666 0.59375 0.9505208333333334 0.5949074074074074 0.9596354166666666 0.5906635802469136 0.9635416666666666 0.5914351851851852 0.9583333333333334 0.6057098765432098 0.9605034722222222 0.6103395061728395 0.9652777777777778 0.6126543209876543 0.9652777777777778 0.6161265432098766 0.9596354166666666 0.6207561728395061 0.9357638888888888 0.6099537037037037 0.93359375 0.6057098765432098 0.9348958333333334 0.5952932098765432 0.9379340277777778 0.5929783950617284 0.9435763888888888 0.59375
1 0.76171875 0.6990740740740741 0.7673611111111112 0.7098765432098766 0.7586805555555556 0.7164351851851852 0.7534722222222222 0.7145061728395061 0.7504340277777778 0.7087191358024691 0.7578125 0.6994598765432098 0.7612847222222222 0.6990740740740741
1 0.4231770833333333 0.9895833333333334 0.4275173611111111 0.9911265432098766 0.4288194444444444 0.9945987654320988 0.4266493055555556 0.9996141975308642 0.4153645833333333 0.9996141975308642 0.4227430555555556 0.9895833333333334
1 0.5399305555555556 0.7978395061728395 0.5442708333333334 0.8005401234567902 0.5425347222222222 0.8070987654320988 0.5299479166666666 0.8128858024691358 0.5260416666666666 0.7982253086419753 0.5394965277777778 0.7978395061728395
1 0.8250868055555556 0.6126543209876543 0.8285590277777778 0.6161265432098766 0.8276909722222222 0.6234567901234568 0.8072916666666666 0.6238425925925926 0.80078125 0.6280864197530864 0.8003472222222222 0.6122685185185185 0.8246527777777778 0.6126543209876543
1 0.5329861111111112 0.7743055555555556 0.5373263888888888 0.7758487654320988 0.5425347222222222 0.7827932098765432 0.5364583333333334 0.7901234567901234 0.5260416666666666 0.7885802469135802 0.5212673611111112 0.783179012345679 0.5212673611111112 0.7797067901234568 0.5256076388888888 0.7758487654320988 0.5325520833333334 0.7743055555555556
1 0.4995659722222222 0.779320987654321 0.5078125 0.7816358024691358 0.5121527777777778 0.7889660493827161 0.51171875 0.8078703703703703 0.5069444444444444 0.8074845679012346 0.5004340277777778 0.7932098765432098 0.4995659722222222 0.7797067901234568
1 0.4956597222222222 0.7800925925925926 0.4991319444444444 0.7824074074074074 0.5004340277777778 0.7912808641975309 0.4978298611111111 0.8090277777777778 0.4917534722222222 0.8070987654320988 0.4887152777777778 0.7935956790123457 0.4891493055555556 0.7858796296296297 0.4913194444444444 0.7816358024691358 0.4952256944444444 0.7800925925925926
1 0.3355034722222222 0.9614197530864198 0.3402777777777778 0.9675925925925926 0.3385416666666667 0.972608024691358 0.3172743055555556 0.9772376543209876 0.3125 0.9764660493827161 0.3185763888888889 0.9675925925925926 0.328125 0.9621913580246914 0.3350694444444444 0.9614197530864198
1 0.2721354166666667 0.9579475308641975 0.2769097222222222 0.9656635802469136 0.2725694444444444 0.9768518518518519 0.2690972222222222 0.9768518518518519 0.265625 0.9675925925925926 0.2495659722222222 0.9695216049382716 0.2456597222222222 0.9672067901234568 0.2495659722222222 0.9637345679012346 0.2677951388888889 0.9564043209876543 0.2717013888888889 0.9579475308641975
1 0.2964409722222222 0.8360339506172839 0.3142361111111111 0.8383487654320988 0.3203125 0.841820987654321 0.3198784722222222 0.8452932098765432 0.3159722222222222 0.847608024691358 0.3055555555555556 0.8653549382716049 0.3012152777777778 0.8661265432098766 0.2994791666666667 0.8626543209876543 0.3012152777777778 0.8452932098765432 0.2955729166666667 0.8387345679012346 0.2964409722222222 0.8364197530864198
1 0.2144097222222222 0.9000771604938271 0.21961805555555555 0.9047067901234568 0.22005208333333334 0.9112654320987654 0.20963541666666666 0.9228395061728395 0.2065972222222222 0.9216820987654321 0.20789930555555555 0.9108796296296297 0.2109375 0.902391975308642 0.21397569444444445 0.9000771604938271
1 0.2026909722222222 0.8954475308641975 0.2087673611111111 0.8973765432098766 0.21006944444444445 0.904320987654321 0.20616319444444445 0.9097222222222222 0.19227430555555555 0.9182098765432098 0.1974826388888889 0.9008487654320988 0.2026909722222222 0.8958333333333334
1 0.1306423611111111 0.9513888888888888 0.13671875 0.9533179012345679 0.13758680555555555 0.9629629629629629 0.13151041666666666 0.9733796296296297 0.12369791666666667 0.9772376543209876 0.11979166666666667 0.9614197530864198 0.12630208333333334 0.9529320987654321 0.13020833333333334 0.9513888888888888
1 0.6901041666666666 0.5787037037037037 0.7052951388888888 0.5852623456790124 0.7074652777777778 0.5883487654320988 0.7057291666666666 0.5945216049382716 0.6827256944444444 0.5960648148148148 0.6783854166666666 0.59375 0.67578125 0.5821759259259259 0.6796875 0.5794753086419753 0.6896701388888888 0.5787037037037037
1 0.5833333333333334 0.6022376543209876 0.5946180555555556 0.6026234567901234 0.59765625 0.6080246913580247 0.5950520833333334 0.6114969135802469 0.5828993055555556 0.6060956790123457 0.5833333333333334 0.6026234567901234
1 0.5698784722222222 0.6022376543209876 0.5815972222222222 0.6022376543209876 0.5828993055555556 0.6057098765432098 0.578125 0.6141975308641975 0.5746527777777778 0.6141975308641975 0.5698784722222222 0.6026234567901234
1 0.9227430555555556 0.3549382716049383 0.921875 0.36419753086419754 0.9157986111111112 0.3715277777777778 0.91015625 0.3746141975308642 0.9040798611111112 0.3726851851851852 0.9032118055555556 0.36574074074074076 0.9105902777777778 0.35725308641975306 0.9223090277777778 0.3549382716049383
1 0.9348958333333334 0.3279320987654321 0.9435763888888888 0.3279320987654321 0.9461805555555556 0.33024691358024694 0.9466145833333334 0.3387345679012346 0.9427083333333334 0.341820987654321 0.9318576388888888 0.3441358024691358 0.9305555555555556 0.341820987654321 0.9383680555555556 0.3314043209876543 0.9353298611111112 0.3283179012345679
1 0.9470486111111112 0.32677469135802467 0.9522569444444444 0.3306327160493827 0.9565972222222222 0.3287037037037037 0.9583333333333334 0.3317901234567901 0.9431423611111112 0.3433641975308642 0.9392361111111112 0.3414351851851852 0.9322916666666666 0.3433641975308642 0.9314236111111112 0.3414351851851852 0.9370659722222222 0.33487654320987653 0.9344618055555556 0.3279320987654321 0.9466145833333334 0.32677469135802467
1 0.4366319444444444 0.6716820987654321 0.4392361111111111 0.6747685185185185 0.4396701388888889 0.6809413580246914 0.4266493055555556 0.6917438271604939 0.4171006944444444 0.6890432098765432 0.4275173611111111 0.6751543209876543 0.4361979166666667 0.6716820987654321
1 0.3589409722222222 0.7029320987654321 0.3628472222222222 0.7052469135802469 0.3624131944444444 0.7083333333333334 0.3524305555555556 0.7094907407407407 0.3519965277777778 0.7133487654320988 0.3489583333333333 0.714891975308642 0.3446180555555556 0.7133487654320988 0.3441840277777778 0.7037037037037037 0.3585069444444444 0.7029320987654321
1 0.3485243055555556 0.6853780864197531 0.022569444444444444 0.01890432098765432
1 0.3420138888888889 0.7017746913580247 0.3480902777777778 0.7037037037037037 0.359375 0.7033179012345679 0.3628472222222222 0.7060185185185185 0.3602430555555556 0.7087191358024691 0.3532986111111111 0.7087191358024691 0.3519965277777778 0.7133487654320988 0.3485243055555556 0.714891975308642 0.3446180555555556 0.7137345679012346 0.3420138888888889 0.7083333333333334 0.3289930555555556 0.714891975308642 0.3246527777777778 0.7098765432098766 0.3216145833333333 0.7133487654320988 0.3181423611111111 0.7133487654320988 0.3211805555555556 0.7029320987654321 0.3415798611111111 0.7017746913580247
1 0.2964409722222222 0.6682098765432098 0.3098958333333333 0.6751543209876543 0.3111979166666667 0.6786265432098766 0.3029513888888889 0.6782407407407407 0.2999131944444444 0.6805555555555556 0.2934027777777778 0.6763117283950617 0.2825520833333333 0.6751543209876543 0.2829861111111111 0.6689814814814815 0.2938368055555556 0.6705246913580247 0.2964409722222222 0.6685956790123457
1 0.2973090277777778 0.6693672839506173 0.3077256944444444 0.6751543209876543 0.3094618055555556 0.6786265432098766 0.30078125 0.6844135802469136 0.2938368055555556 0.6952160493827161 0.2821180555555556 0.689429012345679 0.2786458333333333 0.6782407407407407 0.2847222222222222 0.6701388888888888 0.2938368055555556 0.6712962962962963 0.296875 0.6693672839506173
1 0.5403645833333334 0.20679012345679013 0.5403645833333334 0.21334876543209877 0.5316840277777778 0.21334876543209877 0.5399305555555556 0.20679012345679013
1 0.4088541666666667 0.27353395061728397 0.4110243055555556 0.27237654320987653 0.4144965277777778 0.279320987654321 0.4140625 0.2824074074074074 0.4075520833333333 0.2827932098765432 0.4088541666666667 0.27391975308641975
1 0.4704861111111111 0.2056327160493827 0.4774305555555556 0.2056327160493827 0.484375 0.2010030864197531 0.48828125 0.21334876543209877 0.46875 0.21334876543209877 0.4678819444444444 0.20910493827160495 0.4700520833333333 0.20601851851851852
1 0.5594618055555556 0.16242283950617284 0.5694444444444444 0.16473765432098766 0.5625 0.17824074074074073 0.5542534722222222 0.18287037037037038 0.5464409722222222 0.17862654320987653 0.5460069444444444 0.1720679012345679 0.5516493055555556 0.16473765432098766 0.5590277777777778 0.16242283950617284
1 0.4427083333333333 0.36651234567901236 0.4466145833333333 0.36689814814814814 0.4526909722222222 0.37808641975308643 0.4509548611111111 0.38348765432098764 0.4457465277777778 0.3873456790123457 0.4275173611111111 0.38773148148148145 0.4088541666666667 0.3800154320987654 0.4184027777777778 0.3734567901234568 0.4392361111111111 0.3753858024691358 0.4427083333333333 0.36689814814814814
1 0.5134548611111112 0.16473765432098766 0.5225694444444444 0.16705246913580246 0.5325520833333334 0.1574074074074074 0.53515625 0.15856481481481483 0.5364583333333334 0.16358024691358025 0.5329861111111112 0.17669753086419754 0.5282118055555556 0.18094135802469136 0.5151909722222222 0.17901234567901234 0.5121527777777778 0.1693672839506173 0.5134548611111112 0.16512345679012347
1 0.3324652777777778 0.7021604938271605 0.3402777777777778 0.7029320987654321 0.3402777777777778 0.7067901234567902 0.3285590277777778 0.7152777777777778 0.3250868055555556 0.7106481481481481 0.3216145833333333 0.7137345679012346 0.3177083333333333 0.7133487654320988 0.3198784722222222 0.7040895061728395 0.33203125 0.7021604938271605
1 0.33203125 0.6724537037037037 0.33984375 0.6751543209876543 0.3420138888888889 0.6790123456790124 0.3381076388888889 0.6929012345679012 0.3315972222222222 0.6959876543209876 0.328125 0.6929012345679012 0.3263888888888889 0.6851851851851852 0.3276909722222222 0.6743827160493827 0.3315972222222222 0.6724537037037037
1 0.328125 0.6736111111111112 0.3328993055555556 0.6728395061728395 0.3424479166666667 0.6770833333333334 0.3563368055555556 0.6763117283950617 0.359375 0.6782407407407407 0.3572048611111111 0.685570987654321 0.3528645833333333 0.689429012345679 0.3402777777777778 0.6956018518518519 0.3315972222222222 0.6959876543209876 0.328125 0.6925154320987654 0.3263888888888889 0.6859567901234568 0.328125 0.6739969135802469
1 0.20399305555555555 0.6790123456790124 0.20833333333333334 0.6820987654320988 0.20833333333333334 0.6886574074074074 0.19661458333333334 0.6979166666666666 0.19140625 0.6959876543209876 0.1935763888888889 0.6890432098765432 0.1970486111111111 0.6820987654320988 0.2035590277777778 0.6790123456790124
1 0.2725694444444444 0.46334876543209874 0.2894965277777778 0.45794753086419754 0.2938368055555556 0.45949074074074076 0.29296875 0.470679012345679 0.2855902777777778 0.4807098765432099 0.2894965277777778 0.49151234567901236 0.2864583333333333 0.49151234567901236 0.2795138888888889 0.48572530864197533 0.2756076388888889 0.4876543209876543 0.2756076388888889 0.4799382716049383 0.2630208333333333 0.4791666666666667 0.2625868055555556 0.47685185185185186 0.2725694444444444 0.4637345679012346
1 0.2065972222222222 0.42669753086419754 0.21875 0.44367283950617287 0.2035590277777778 0.4425154320987654 0.20616319444444445 0.4270833333333333
1 0.2860243055555556 0.29282407407407407 0.2981770833333333 0.3001543209876543 0.2938368055555556 0.30362654320987653 0.2934027777777778 0.32098765432098764 0.2829861111111111 0.3113425925925926 0.2764756944444444 0.3005401234567901 0.2786458333333333 0.2932098765432099 0.2855902777777778 0.29282407407407407
1 0.1870659722222222 0.37114197530864196 0.2052951388888889 0.376929012345679 0.2113715277777778 0.38348765432098764 0.21006944444444445 0.3881172839506173 0.19270833333333334 0.3873456790123457 0.18229166666666666 0.3819444444444444 0.17317708333333334 0.3800154320987654 0.17578125 0.3765432098765432 0.18055555555555555 0.3753858024691358 0.18359375 0.3707561728395062 0.18663194444444445 0.37114197530864196
1 0.2630208333333333 0.2808641975308642 0.2677951388888889 0.283179012345679 0.2747395833333333 0.29398148148148145 0.2738715277777778 0.3005401234567901 0.26953125 0.3028549382716049 0.2651909722222222 0.3013117283950617 0.2604166666666667 0.2935956790123457 0.2586805555555556 0.2824074074074074 0.2625868055555556 0.2808641975308642
1 0.3578559027777778 0.2330246913580247 0.01171875 0.022376543209876542
1 0.4809027777777778 0.16358024691358025 0.4852430555555556 0.1732253086419753 0.4852430555555556 0.18209876543209877 0.4748263888888889 0.1871141975308642 0.4700520833333333 0.19212962962962962 0.4665798611111111 0.18904320987654322 0.46875 0.17862654320987653 0.47265625 0.1736111111111111 0.4739583333333333 0.16512345679012347 0.48046875 0.16358024691358025
1 0.5034722222222222 0.14891975308641975 0.5056423611111112 0.15046296296296297 0.5095486111111112 0.16820987654320987 0.5026041666666666 0.1716820987654321 0.4891493055555556 0.1736111111111111 0.4861111111111111 0.1720679012345679 0.4869791666666667 0.16512345679012347 0.4991319444444444 0.15007716049382716 0.5030381944444444 0.14891975308641975
1 0.4474826388888889 0.20794753086419754 0.4505208333333333 0.21026234567901234 0.4544270833333333 0.22337962962962962 0.4596354166666667 0.22878086419753085 0.4600694444444444 0.2345679012345679 0.44140625 0.23765432098765432 0.4322916666666667 0.24266975308641975 0.4309895833333333 0.23765432098765432 0.4353298611111111 0.2341820987654321 0.4340277777777778 0.23070987654320987 0.4418402777777778 0.22453703703703703 0.4435763888888889 0.21026234567901234 0.4470486111111111 0.20794753086419754
1 0.5047743055555556 0.14930555555555555 0.5104166666666666 0.16473765432098766 0.5095486111111112 0.16820987654320987 0.4878472222222222 0.17476851851851852 0.4848090277777778 0.1709104938271605 0.4830729166666667 0.16049382716049382 0.4913194444444444 0.15046296296296297 0.5043402777777778 0.14930555555555555
1 0.4318576388888889 0.16628086419753085 0.4440104166666667 0.17785493827160495 0.4392361111111111 0.1886574074074074 0.4353298611111111 0.19020061728395063 0.4327256944444444 0.1871141975308642 0.4270833333333333 0.18557098765432098 0.4171006944444444 0.17554012345679013 0.4184027777777778 0.1712962962962963 0.4253472222222222 0.1736111111111111 0.4314236111111111 0.16666666666666666
1 0.4865451388888889 0.14390432098765432 0.4930555555555556 0.14390432098765432 0.5047743055555556 0.14853395061728394 0.5091145833333334 0.16435185185185186 0.5086805555555556 0.16820987654320987 0.4874131944444444 0.1739969135802469 0.4822048611111111 0.16165123456790123 0.484375 0.15316358024691357 0.4809027777777778 0.15084876543209877 0.4865451388888889 0.14429012345679013
1 0.484375 0.14390432098765432 0.4921875 0.14351851851851852 0.5043402777777778 0.14737654320987653 0.5091145833333334 0.16435185185185186 0.5086805555555556 0.16820987654320987 0.5008680555555556 0.1701388888888889 0.4952256944444444 0.16512345679012347 0.4887152777777778 0.16319444444444445 0.4856770833333333 0.15200617283950618 0.4817708333333333 0.14737654320987653 0.484375 0.14429012345679013
1 0.4600694444444444 0.15162037037037038 0.4670138888888889 0.1712962962962963 0.4600694444444444 0.18287037037037038 0.4518229166666667 0.1720679012345679 0.4552951388888889 0.15393518518518517 0.4596354166666667 0.15162037037037038
1 0.4926215277777778 0.14351851851851852 0.5 0.14776234567901234 0.5013020833333334 0.15432098765432098 0.4982638888888889 0.16165123456790123 0.4895833333333333 0.16782407407407407 0.4908854166666667 0.1716820987654321 0.4891493055555556 0.1720679012345679 0.4865451388888889 0.1716820987654321 0.4856770833333333 0.16743827160493827 0.4817708333333333 0.16473765432098766 0.4735243055555556 0.16589506172839505 0.4700520833333333 0.15895061728395063 0.4691840277777778 0.14390432098765432 0.4778645833333333 0.14853395061728394 0.4848090277777778 0.1431327160493827 0.4921875 0.14351851851851852
1 0.4717881944444444 0.14351851851851852 0.4769965277777778 0.14814814814814814 0.4874131944444444 0.1423611111111111 0.5047743055555556 0.14814814814814814 0.5060763888888888 0.16165123456790123 0.5086805555555556 0.16512345679012347 0.5073784722222222 0.16820987654320987 0.5026041666666666 0.1697530864197531 0.4978298611111111 0.16628086419753085 0.4878472222222222 0.16666666666666666 0.4809027777777778 0.16358024691358025 0.4735243055555556 0.16666666666666666 0.4700520833333333 0.16165123456790123 0.46875 0.15316358024691357 0.46875 0.14390432098765432 0.4713541666666667 0.14351851851851852
1 0.4713541666666667 0.1423611111111111 0.4800347222222222 0.14814814814814814 0.4839409722222222 0.14390432098765432 0.4887152777777778 0.14390432098765432 0.4835069444444444 0.16126543209876543 0.4739583333333333 0.16782407407407407 0.4700520833333333 0.16280864197530864 0.4678819444444444 0.15239197530864199 0.4678819444444444 0.14390432098765432 0.4709201388888889 0.1423611111111111
1 0.4114583333333333 0.16473765432098766 0.4075520833333333 0.17862654320987653 0.4010416666666667 0.18557098765432098 0.3988715277777778 0.18209876543209877 0.3997395833333333 0.16859567901234568 0.4040798611111111 0.16473765432098766 0.4110243055555556 0.16473765432098766
1 0.4205729166666667 0.15432098765432098 0.4262152777777778 0.15432098765432098 0.43359375 0.16820987654320987 0.4288194444444444 0.1732253086419753 0.4240451388888889 0.1712962962962963 0.4214409722222222 0.16666666666666666 0.4205729166666667 0.15470679012345678
1 0.5568576388888888 0.09606481481481481 0.5711805555555556 0.10570987654320987 0.5594618055555556 0.10570987654320987 0.5555555555555556 0.09953703703703703 0.5564236111111112 0.09645061728395062
1 0.4526909722222222 0.11072530864197531 0.4600694444444444 0.11265432098765432 0.4665798611111111 0.11959876543209877 0.4665798611111111 0.12307098765432099 0.4635416666666667 0.125 0.4522569444444444 0.12307098765432099 0.4470486111111111 0.11959876543209877 0.4526909722222222 0.1111111111111111
1 0.6371527777777778 0.05787037037037037 0.6401909722222222 0.059027777777777776 0.6414930555555556 0.06751543209876543 0.6354166666666666 0.06635802469135803 0.63671875 0.058256172839506175
1 0.5486111111111112 0.07407407407407407 0.5516493055555556 0.0775462962962963 0.5512152777777778 0.08140432098765432 0.5434027777777778 0.08719135802469136 0.5399305555555556 0.08641975308641975 0.5377604166666666 0.0787037037037037 0.5425347222222222 0.07330246913580248 0.5481770833333334 0.07407407407407407
1 0.11371527777777778 0.9567901234567902 0.1193576388888889 0.9598765432098766 0.12196180555555555 0.9772376543209876 0.11371527777777778 0.9876543209876543 0.11631944444444445 0.9895833333333334 0.11588541666666667 0.9938271604938271 0.10677083333333333 0.9957561728395061 0.10243055555555555 0.9945987654320988 0.10199652777777778 0.9826388888888888 0.10416666666666667 0.9807098765432098 0.09852430555555555 0.9764660493827161 0.09765625 0.9729938271604939 0.1032986111111111 0.9633487654320988 0.10894097222222222 0.9575617283950617 0.11328125 0.9567901234567902
1 0.1328125 0.9517746913580247 0.1362847222222222 0.9529320987654321 0.13802083333333334 0.9564043209876543 0.13368055555555555 0.972608024691358 0.1171875 0.9857253086419753 0.11631944444444445 0.9938271604938271 0.10894097222222222 0.996141975308642 0.10199652777777778 0.9945987654320988 0.09722222222222222 0.9702932098765432 0.109375 0.9575617283950617 0.11284722222222222 0.9564043209876543 0.12022569444444445 0.9587191358024691 0.1271701388888889 0.9521604938271605 0.1323784722222222 0.9517746913580247
1 0.11284722222222222 0.7762345679012346 0.11848958333333333 0.7820216049382716 0.1189236111111111 0.7866512345679012 0.11067708333333333 0.8016975308641975 0.1032986111111111 0.8036265432098766 0.1032986111111111 0.7989969135802469 0.10677083333333333 0.7827932098765432 0.11241319444444445 0.7766203703703703
1 0.13802083333333334 0.6732253086419753 0.1488715277777778 0.6759259259259259 0.14366319444444445 0.685570987654321 0.13368055555555555 0.6925154320987654 0.12456597222222222 0.6925154320987654 0.1193576388888889 0.6956018518518519 0.1150173611111111 0.6940586419753086 0.11631944444444445 0.6820987654320988 0.13020833333333334 0.6739969135802469 0.13758680555555555 0.6732253086419753
1 0.11762152777777778 0.44058641975308643 0.12413194444444445 0.44212962962962965 0.1332465277777778 0.4529320987654321 0.15104166666666666 0.45794753086419754 0.1488715277777778 0.4691358024691358 0.15538194444444445 0.4737654320987654 0.15494791666666666 0.47723765432098764 0.1332465277777778 0.46566358024691357 0.12196180555555555 0.46296296296296297 0.11588541666666667 0.4533179012345679 0.11458333333333333 0.44212962962962965 0.1171875 0.44058641975308643
1 0.12803819444444445 0.36766975308641975 0.1384548611111111 0.3715277777777778 0.1410590277777778 0.3707561728395062 0.1440972222222222 0.36496913580246915 0.14713541666666666 0.36496913580246915 0.15364583333333334 0.37962962962962965 0.14756944444444445 0.3846450617283951 0.1371527777777778 0.38348765432098764 0.12109375 0.373070987654321 0.11805555555555555 0.36959876543209874 0.12760416666666666 0.36766975308641975
1 0.09288194444444445 0.36226851851851855 0.10112847222222222 0.36959876543209874 0.10286458333333333 0.376929012345679 0.10069444444444445 0.38078703703703703 0.08984375 0.3869598765432099 0.08116319444444445 0.38040123456790126 0.07899305555555555 0.36574074074074076 0.08072916666666667 0.3638117283950617 0.08506944444444445 0.3653549382716049 0.09244791666666667 0.36226851851851855
1 0.3936631944444444 0.16280864197530864 0.3988715277777778 0.16782407407407407 0.4040798611111111 0.16473765432098766 0.4110243055555556 0.16473765432098766 0.4075520833333333 0.17785493827160495 0.4010416666666667 0.18518518518518517 0.3897569444444444 0.17862654320987653 0.3897569444444444 0.16435185185185186 0.390625 0.16242283950617284 0.3932291666666667 0.16280864197530864
1 0.390625 0.16165123456790123 0.3980034722222222 0.16820987654320987 0.3988715277777778 0.18209876543209877 0.3923611111111111 0.18209876543209877 0.3893229166666667 0.17862654320987653 0.3901909722222222 0.16203703703703703
1 0.4396701388888889 0.09645061728395062 0.4466145833333333 0.09799382716049383 0.4535590277777778 0.1091820987654321 0.4474826388888889 0.11959876543209877 0.4427083333333333 0.11959876543209877 0.4388020833333333 0.11651234567901235 0.4361979166666667 0.09760802469135803 0.4392361111111111 0.09645061728395062
1 0.4943576388888889 0.06712962962962964 0.4973958333333333 0.0763888888888889 0.4956597222222222 0.08603395061728394 0.4913194444444444 0.08719135802469136 0.4878472222222222 0.08217592592592593 0.4878472222222222 0.0775462962962963 0.4939236111111111 0.06751543209876543
1 0.026041666666666668 0.779320987654321 0.03211805555555555 0.7827932098765432 0.033854166666666664 0.7889660493827161 0.0390625 0.7932098765432098 0.03211805555555555 0.7951388888888888 0.029513888888888888 0.7982253086419753 0.022569444444444444 0.7939814814814815 0.010850694444444444 0.7943672839506173 0.010850694444444444 0.7862654320987654 0.025607638888888888 0.779320987654321
1 0 0.5119598765432098 0.004774305555555556 0.5135030864197531 0.0078125 0.5239197530864198 0.020833333333333332 0.5258487654320988 0.012152777777777778 0.5412808641975309 0.010850694444444444 0.5489969135802469 0.00390625 0.5482253086419753 0 0.5408950617283951 0 0.5123456790123457
1 0.023003472222222224 0.41975308641975306 0.036458333333333336 0.4212962962962963 0.0390625 0.42901234567901236 0.03602430555555555 0.43132716049382713 0.018663194444444444 0.42862654320987653 0.017795138888888888 0.4212962962962963 0.022569444444444444 0.41975308641975306
1 0.5373263888888888 0.05864197530864197 0.5403645833333334 0.060570987654320986 0.5416666666666666 0.07175925925925926 0.5364583333333334 0.08024691358024691 0.53125 0.07098765432098765 0.5368923611111112 0.05864197530864197
1 0.5503472222222222 0.05131172839506173 0.5529513888888888 0.05324074074074074 0.5572916666666666 0.05131172839506173 0.5590277777777778 0.05324074074074074 0.5607638888888888 0.062114197530864196 0.5572916666666666 0.06442901234567901 0.5460069444444444 0.06404320987654322 0.5416666666666666 0.06172839506172839 0.5425347222222222 0.058256172839506175 0.5499131944444444 0.05131172839506173
1 0.24522569444444445 0.26427469135802467 0.2478298611111111 0.2654320987654321 0.2426215277777778 0.27237654320987653 0.24131944444444445 0.279320987654321 0.23697916666666666 0.2800925925925926 0.22960069444444445 0.279320987654321 0.23307291666666666 0.26851851851851855 0.234375 0.2665895061728395 0.24479166666666666 0.26427469135802467
1 0.2126736111111111 0.26967592592592593 0.22526041666666666 0.2716049382716049 0.2282986111111111 0.27546296296296297 0.2269965277777778 0.2797067901234568 0.21744791666666666 0.2808641975308642 0.2131076388888889 0.27662037037037035 0.2126736111111111 0.2700617283950617
1 0.2756076388888889 0.1404320987654321 0.2816840277777778 0.15084876543209877 0.2825520833333333 0.15432098765432098 0.2795138888888889 0.1558641975308642 0.2647569444444444 0.15432098765432098 0.2717013888888889 0.13618827160493827 0.2751736111111111 0.1404320987654321
1 0.4361979166666667 0.06442901234567901 0.4405381944444444 0.06751543209876543 0.4401041666666667 0.07523148148148148 0.4366319444444444 0.07908950617283951 0.4331597222222222 0.0783179012345679 0.4309895833333333 0.07445987654320987 0.4318576388888889 0.06751543209876543 0.4357638888888889 0.06442901234567901
1 0.2547743055555556 0.1412037037037037 0.2634548611111111 0.15354938271604937 0.2586805555555556 0.15625 0.2504340277777778 0.1550925925925926 0.2547743055555556 0.1415895061728395
1 0.4006076388888889 0.06751543209876543 0.4088541666666667 0.0779320987654321 0.4084201388888889 0.08526234567901235 0.4040798611111111 0.08526234567901235 0.3997395833333333 0.08140432098765432 0.3975694444444444 0.06905864197530864 0.4001736111111111 0.06790123456790123
1 0.4427083333333333 0.04552469135802469 0.4474826388888889 0.060570987654320986 0.4388020833333333 0.07214506172839506 0.4344618055555556 0.06674382716049383 0.4344618055555556 0.06327160493827161 0.4392361111111111 0.046296296296296294 0.4422743055555556 0.04552469135802469
1 0.3428819444444444 0.07214506172839506 0.3519965277777778 0.07330246913580248 0.3528645833333333 0.0787037037037037 0.3493923611111111 0.08333333333333333 0.3389756944444444 0.08564814814814815 0.3385416666666667 0.08834876543209877 0.3389756944444444 0.08487654320987655 0.3350694444444444 0.0779320987654321 0.3424479166666667 0.07214506172839506
1 0.3450520833333333 0.061342592592592594 0.3546006944444444 0.07445987654320987 0.3524305555555556 0.08140432098765432 0.3485243055555556 0.08333333333333333 0.3433159722222222 0.08140432098765432 0.3450520833333333 0.0779320987654321 0.3420138888888889 0.07484567901234568 0.3415798611111111 0.06404320987654322 0.3446180555555556 0.061342592592592594
1 0.052083333333333336 0.3611111111111111 0.06076388888888889 0.3753858024691358 0.06032986111111111 0.38387345679012347 0.053385416666666664 0.38233024691358025 0.04861111111111111 0.3761574074074074 0.046875 0.36419753086419754 0.04991319444444445 0.3599537037037037 0.05164930555555555 0.3611111111111111
1 0.3537326388888889 0.058256172839506175 0.3572048611111111 0.059027777777777776 0.3615451388888889 0.06828703703703703 0.3589409722222222 0.07716049382716049 0.3537326388888889 0.07600308641975309 0.3515625 0.06828703703703703 0.3537326388888889 0.05864197530864197
1 0.4908854166666667 0.05169753086419753 0.4874131944444444 0.05131172839506173 0.4861111111111111 0.04822530864197531 0.4874131944444444 0.03009259259259259 0.4917534722222222 0.030478395061728395 0.4943576388888889 0.038580246913580245 0.4943576388888889 0.047839506172839504 0.4913194444444444 0.05131172839506173
1 0.4670138888888889 0.021219135802469136 0.4704861111111111 0.022762345679012346 0.4774305555555556 0.03665123456790124 0.4774305555555556 0.04436728395061729 0.4605034722222222 0.03973765432098766 0.4631076388888889 0.02546296296296296 0.4665798611111111 0.021604938271604937
1 0.4609375 0.021219135802469136 0.4704861111111111 0.022376543209876542 0.4713541666666667 0.036265432098765434 0.4678819444444444 0.04128086419753087 0.4578993055555556 0.03973765432098766 0.4552951388888889 0.036265432098765434 0.4565972222222222 0.02546296296296296 0.4605034722222222 0.021219135802469136
1 0.4565972222222222 0.019290123456790122 0.4622395833333333 0.02199074074074074 0.4652777777777778 0.026234567901234566 0.4635416666666667 0.03935185185185185 0.4574652777777778 0.03973765432098766 0.4539930555555556 0.03587962962962963 0.4561631944444444 0.019675925925925927