1 0.9171006944444444 0.9758873456790124 0.04513888888888889 0.04359567901234568
1 0.8118489583333334 0.984375 0.025607638888888888 0.01890432098765432
1 0.5579427083333334 0.9728009259259259 0.03342013888888889 0.03279320987654321
1 0.4479166666666667 0.9772376543209876 0.034722222222222224 0.023919753086419752
1 0.3257378472222222 0.9701003086419753 0.03428819444444445 0.019675925925925927
1 0.2623697916666667 0.966820987654321 0.03602430555555555 0.024691358024691357
1 0.11783854166666667 0.9751157407407407 0.046440972222222224 0.048996913580246916
1 0.6280381944444444 0.9209104938271605 0.03298611111111111 0.033950617283950615
1 0.6521267361111112 0.9226466049382716 0.024739583333333332 0.02507716049382716
1 0.20052083333333334 0.9077932098765432 0.021701388888888888 0.02546296296296296
1 0.2131076388888889 0.9126157407407407 0.016493055555555556 0.02662037037037037
1 0.3083767361111111 0.8495370370370371 0.030815972222222224 0.036265432098765434
1 0.11067708333333333 0.7905092592592593 0.022569444444444444 0.029320987654320986
1 0.022135416666666668 0.7887731481481481 0.03732638888888889 0.022762345679012346
1 0.4950086805555556 0.7932098765432098 0.015190972222222222 0.033950617283950615
1 0.5067274305555556 0.7947530864197531 0.016059027777777776 0.030864197530864196
1 0.6121961805555556 0.7966820987654321 0.015190972222222222 0.013117283950617283
1 0.7595486111111112 0.7079475308641975 0.022569444444444444 0.019290123456790122
1 0.3415798611111111 0.7089120370370371 0.04774305555555555 0.016589506172839507
1 0.4283854166666667 0.6815200617283951 0.030381944444444444 0.025848765432098766
1 0.3337673611111111 0.6844135802469136 0.021701388888888888 0.027777777777777776
1 0.349609375 0.6861496913580247 0.023003472222222224 0.02353395061728395
1 0.2955729166666667 0.6826774691358025 0.03819444444444445 0.03510802469135803
1 0.19986979166666666 0.6884645061728395 0.023003472222222224 0.02353395061728395
1 0.13194444444444445 0.6847993827160493 0.04079861111111111 0.027777777777777776
1 0.8142361111111112 0.621141975308642 0.03211805555555555 0.023148148148148147
1 0.6937934027777778 0.5885416666666666 0.04210069444444445 0.021219135802469136
1 0.5844184027777778 0.609375 0.029947916666666668 0.016589506172839507
1 0.011501736111111112 0.5300925925925926 0.022135416666666668 0.043209876543209874
1 0.13606770833333334 0.45852623456790126 0.05164930555555555 0.04205246913580247
1 0.2786458333333333 0.4756944444444444 0.033854166666666664 0.037037037037037035
1 0.0915798611111111 0.3748070987654321 0.026909722222222224 0.028935185185185185
1 0.13671875 0.3753858024691358 0.0390625 0.023919753086419752
1 0.1916232638888889 0.3786651234567901 0.04383680555555555 0.022762345679012346
1 0.4301215277777778 0.37905092592592593 0.049479166666666664 0.027391975308641976
1 0.9142795138888888 0.3643904320987654 0.026475694444444444 0.025848765432098766
1 0.2667100694444444 0.2918595679012346 0.020399305555555556 0.025848765432098766
1 0.2890625 0.30767746913580246 0.028645833333333332 0.03125
1 0.3580729166666667 0.2332175925925926 0.014756944444444444 0.025848765432098766
1 0.4461805555555556 0.22627314814814814 0.03298611111111111 0.04050925925925926
1 0.4791666666666667 0.20775462962962962 0.025173611111111112 0.017361111111111112
1 0.4012586805555556 0.17380401234567902 0.026475694444444444 0.02507716049382716
1 0.4270833333333333 0.16454475308641975 0.016493055555555556 0.024305555555555556
1 0.4314236111111111 0.18074845679012347 0.03298611111111111 0.02816358024691358
1 0.458984375 0.1684027777777778 0.021267361111111112 0.03819444444444445
1 0.4741753472222222 0.18055555555555555 0.026475694444444444 0.030864197530864196
1 0.482421875 0.15914351851851852 0.032552083333333336 0.03742283950617284
1 0.4982638888888889 0.1579861111111111 0.024305555555555556 0.03279320987654321
1 0.5208333333333334 0.1728395061728395 0.028645833333333332 0.024691358024691357
1 0.5581597222222222 0.1720679012345679 0.028645833333333332 0.023919753086419752
1 0.9889322916666666 0.14602623456790123 0.022135416666666668 0.03202160493827161
1 0.4440104166666667 0.10686728395061729 0.019965277777777776 0.02854938271604938
1 0.4594184027777778 0.11844135802469136 0.018663194444444444 0.017746913580246913
1 0.5642361111111112 0.10127314814814815 0.019965277777777776 0.011959876543209876
1 0.5434027777777778 0.08043981481481481 0.020833333333333332 0.018132716049382717
1 0.5358072916666666 0.06944444444444445 0.012586805555555556 0.022376543209876542
1 0.5518663194444444 0.057484567901234566 0.020399305555555556 0.016975308641975308
1 0.4932725694444444 0.07735339506172839 0.012586805555555556 0.02199074074074074
1 0.4385850694444444 0.06944444444444445 0.020399305555555556 0.02546296296296296
1 0.4027777777777778 0.07696759259259259 0.016493055555555556 0.02199074074074074
1 0.3567708333333333 0.06790123456790123 0.013888888888888888 0.021604938271604937
1 0.3441840277777778 0.07542438271604938 0.019097222222222224 0.03202160493827161
1 0.4906684027777778 0.040123456790123455 0.013454861111111112 0.023919753086419752
1 0.4659288194444444 0.031635802469135804 0.029947916666666668 0.030864197530864196
1 0.8187934027777778 0.04070216049382716 0.029079861111111112 0.021219135802469136
1 0.9318576388888888 0.5945216049382716 0.9318576388888888 0.6003086419753086 0.9357638888888888 0.6084104938271605 0.9392361111111112 0.6114969135802469 0.9483506944444444 0.6145833333333334 0.9561631944444444 0.6203703703703703 0.9665798611111112 0.6161265432098766 0.9613715277777778 0.6118827160493827 0.9578993055555556 0.6060956790123457 0.9618055555555556 0.5987654320987654 0.9609375 0.5929783950617284
1 0.9348958333333334 0.3279320987654321 0.9366319444444444 0.33294753086419754 0.9305555555555556 0.341820987654321 0.9322916666666666 0.34375 0.9357638888888888 0.34375 0.9392361111111112 0.3410493827160494 0.9427083333333334 0.34375 0.9470486111111112 0.33834876543209874 0.9483506944444444 0.33101851851851855 0.9435763888888888 0.3275462962962963