1 0.9188368055555556 0.9614197530864198 0.9283854166666666 0.970679012345679 0.9292534722222222 0.9807098765432098 0.9231770833333334 0.9911265432098766 0.9157986111111112 0.9942129629629629 0.9114583333333334 0.9922839506172839 0.9123263888888888 0.9841820987654321 0.9010416666666666 0.9791666666666666 0.8971354166666666 0.9714506172839507 0.90625 0.96875 0.9136284722222222 0.9618055555555556 0.9184027777777778 0.9614197530864198
1 0.8181423611111112 0.9783950617283951 0.8220486111111112 0.9845679012345679 0.8177083333333334 0.9915123456790124 0.8107638888888888 0.9841820987654321 0.8003472222222222 0.9849537037037037 0.7994791666666666 0.9814814814814815 0.8029513888888888 0.9791666666666666 0.8177083333333334 0.9783950617283951
1 0.62109375 0.9131944444444444 0.6241319444444444 0.9220679012345679 0.6206597222222222 0.935570987654321 0.6167534722222222 0.9332561728395061 0.6115451388888888 0.9216820987654321 0.6137152777777778 0.9147376543209876 0.6206597222222222 0.9131944444444444
1 0.5642361111111112 0.9637345679012346 0.5672743055555556 0.9675925925925926 0.5672743055555556 0.9753086419753086 0.5603298611111112 0.9872685185185185 0.5542534722222222 0.9841820987654321 0.5529513888888888 0.9799382716049383 0.5590277777777778 0.9679783950617284 0.5638020833333334 0.9637345679012346
1 0.5672743055555556 0.9552469135802469 0.5655381944444444 0.9652777777777778 0.5594618055555556 0.96875 0.5564236111111112 0.9745370370370371 0.5503472222222222 0.9764660493827161 0.5442708333333334 0.9733796296296297 0.5438368055555556 0.9699074074074074 0.5512152777777778 0.9633487654320988 0.5668402777777778 0.9556327160493827
1 0.6163194444444444 0.7908950617283951 0.6163194444444444 0.8020833333333334 0.6059027777777778 0.7997685185185185 0.6050347222222222 0.7970679012345679 0.6076388888888888 0.7916666666666666 0.6158854166666666 0.7908950617283951
1 0.4574652777777778 0.9652777777777778 0.4631076388888889 0.9722222222222222 0.4600694444444444 0.9861111111111112 0.4565972222222222 0.9853395061728395 0.4539930555555556 0.9791666666666666 0.4505208333333333 0.9776234567901234 0.4427083333333333 0.9845679012345679 0.4388020833333333 0.9845679012345679 0.4409722222222222 0.9695216049382716 0.4448784722222222 0.9664351851851852 0.45703125 0.9652777777777778
1 0.5078125 0.7816358024691358 0.5121527777777778 0.7889660493827161 0.5108506944444444 0.8067129629629629 0.5056423611111112 0.8070987654320988 0.5013020833333334 0.7989969135802469 0.4982638888888889 0.8070987654320988 0.4952256944444444 0.8090277777777778 0.4926215277777778 0.8082561728395061 0.4934895833333333 0.8032407407407407 0.4891493055555556 0.7932098765432098 0.4891493055555556 0.7862654320987654 0.4943576388888889 0.7804783950617284 0.5047743055555556 0.779320987654321 0.5073784722222222 0.7816358024691358
1 0.3190104166666667 0.966820987654321 0.3255208333333333 0.9629629629629629 0.3350694444444444 0.9610339506172839 0.3402777777777778 0.9683641975308642 0.3368055555555556 0.9737654320987654 0.3168402777777778 0.9768518518518519 0.3142361111111111 0.9737654320987654 0.3190104166666667 0.9672067901234568
1 0.2712673611111111 0.9571759259259259 0.2769097222222222 0.9660493827160493 0.2756076388888889 0.9737654320987654 0.2725694444444444 0.9768518518518519 0.2690972222222222 0.9768518518518519 0.265625 0.9675925925925926 0.2495659722222222 0.9695216049382716 0.24522569444444445 0.966820987654321 0.2578125 0.9598765432098766 0.2682291666666667 0.9560185185185185 0.2708333333333333 0.9571759259259259
1 0.2973090277777778 0.8364197530864198 0.3138020833333333 0.8383487654320988 0.3203125 0.841820987654321 0.3198784722222222 0.8452932098765432 0.30859375 0.8580246913580247 0.3046875 0.8661265432098766 0.2999131944444444 0.8641975308641975 0.3012152777777778 0.8452932098765432 0.2955729166666667 0.8387345679012346 0.296875 0.8364197530864198
1 0.21571180555555555 0.9004629629629629 0.21961805555555555 0.904320987654321 0.22005208333333334 0.9112654320987654 0.21006944444444445 0.9228395061728395 0.20616319444444445 0.9216820987654321 0.20789930555555555 0.9093364197530864 0.2109375 0.9012345679012346 0.2152777777777778 0.9004629629629629
1 0.9457465277777778 0.5906635802469136 0.9522569444444444 0.5949074074074074 0.96484375 0.591820987654321 0.9613715277777778 0.6068672839506173 0.9626736111111112 0.6161265432098766 0.9565972222222222 0.6207561728395061 0.9392361111111112 0.6126543209876543 0.9348958333333334 0.6084104938271605 0.9314236111111112 0.5952932098765432 0.9453125 0.5906635802469136
1 0.7513020833333334 0.7064043209876543 0.7586805555555556 0.6990740740740741 0.76171875 0.6990740740740741 0.7673611111111112 0.7098765432098766 0.76171875 0.714891975308642 0.7560763888888888 0.7164351851851852 0.75 0.7098765432098766 0.7513020833333334 0.7067901234567902
1 0.8107638888888888 0.6122685185185185 0.82421875 0.6134259259259259 0.8268229166666666 0.625 0.82421875 0.6304012345679012 0.8198784722222222 0.6304012345679012 0.8138020833333334 0.6261574074074074 0.8094618055555556 0.6284722222222222 0.8068576388888888 0.6331018518518519 0.8042534722222222 0.6311728395061729 0.8016493055555556 0.6126543209876543 0.8103298611111112 0.6122685185185185
1 0.6935763888888888 0.5798611111111112 0.7083333333333334 0.5883487654320988 0.7122395833333334 0.591820987654321 0.7126736111111112 0.5952932098765432 0.6922743055555556 0.5922067901234568 0.6844618055555556 0.595679012345679 0.6788194444444444 0.5945216049382716 0.6753472222222222 0.5833333333333334 0.6779513888888888 0.5802469135802469 0.6848958333333334 0.5783179012345679 0.6931423611111112 0.5798611111111112
1 0.5720486111111112 0.6018518518518519 0.5946180555555556 0.6022376543209876 0.5972222222222222 0.6049382716049383 0.5954861111111112 0.6114969135802469 0.5863715277777778 0.6068672839506173 0.5811631944444444 0.6068672839506173 0.578125 0.6141975308641975 0.5711805555555556 0.6072530864197531 0.5716145833333334 0.6018518518518519
1 0.4288194444444444 0.6819058641975309 0.0234375 0.02044753086419753
1 0.3585069444444444 0.6763117283950617 0.3567708333333333 0.6871141975308642 0.33984375 0.6952160493827161 0.3359375 0.6925154320987654 0.3433159722222222 0.6786265432098766 0.3580729166666667 0.6763117283950617
1 0.9134114583333334 0.36477623456790126 0.021267361111111112 0.02044753086419753
1 0.4461805555555556 0.36612654320987653 0.4526909722222222 0.38040123456790126 0.4461805555555556 0.3873456790123457 0.4396701388888889 0.38850308641975306 0.4249131944444444 0.3869598765432099 0.4084201388888889 0.3800154320987654 0.4175347222222222 0.373070987654321 0.4392361111111111 0.375 0.4427083333333333 0.36766975308641975 0.4457465277777778 0.36612654320987653
1 0.4848090277777778 0.2010030864197531 0.4874131944444444 0.20987654320987653 0.4852430555555556 0.21334876543209877 0.4813368055555556 0.21373456790123457 0.4696180555555556 0.21373456790123457 0.4678819444444444 0.20987654320987653 0.4700520833333333 0.2056327160493827 0.4778645833333333 0.2048611111111111 0.484375 0.2010030864197531
1 0.4348958333333333 0.24537037037037038 0.4370659722222222 0.23804012345679013 0.4357638888888889 0.23032407407407407 0.4457465277777778 0.22106481481481483 0.4470486111111111 0.21103395061728394 0.44921875 0.20949074074074073 0.4526909722222222 0.21296296296296297 0.4578993055555556 0.23109567901234568 0.453125 0.2361111111111111 0.4353298611111111 0.24537037037037038
1 0.5577256944444444 0.16165123456790123 0.5694444444444444 0.16473765432098766 0.5625 0.17862654320987653 0.5542534722222222 0.18287037037037038 0.5464409722222222 0.17862654320987653 0.5455729166666666 0.1743827160493827 0.5503472222222222 0.16589506172839505 0.5572916666666666 0.16165123456790123
1 0.3328993055555556 0.6728395061728395 0.3394097222222222 0.6751543209876543 0.3411458333333333 0.6790123456790124 0.3381076388888889 0.6929012345679012 0.33203125 0.6959876543209876 0.328125 0.6929012345679012 0.3259548611111111 0.6820987654320988 0.328125 0.6736111111111112 0.3324652777777778 0.6728395061728395
1 0.19227430555555555 0.9182098765432098 0.1970486111111111 0.9012345679012346 0.203125 0.8950617283950617 0.2087673611111111 0.8973765432098766 0.21006944444444445 0.904320987654321 0.19618055555555555 0.9178240740740741 0.19270833333333334 0.9182098765432098
1 0.2973090277777778 0.6701388888888888 0.3068576388888889 0.6751543209876543 0.30859375 0.6786265432098766 0.3012152777777778 0.683641975308642 0.2942708333333333 0.6952160493827161 0.2816840277777778 0.6886574074074074 0.2786458333333333 0.6782407407407407 0.2825520833333333 0.6751543209876543 0.2834201388888889 0.6712962962962963 0.296875 0.6701388888888888
1 0.19791666666666666 0.4251543209876543 0.20572916666666666 0.42746913580246915 0.21875 0.4425154320987654 0.2170138888888889 0.4444444444444444 0.2035590277777778 0.44328703703703703 0.203125 0.4347993827160494 0.19791666666666666 0.42862654320987653 0.19791666666666666 0.4255401234567901
1 0.2864583333333333 0.29282407407407407 0.2977430555555556 0.29976851851851855 0.2938368055555556 0.30362654320987653 0.2951388888888889 0.31828703703703703 0.2934027777777778 0.32060185185185186 0.2825520833333333 0.3113425925925926 0.2769097222222222 0.3013117283950617 0.2782118055555556 0.29398148148148145 0.2860243055555556 0.29282407407407407
1 0.3580729166666667 0.2330246913580247 0.012152777777777778 0.022376543209876542
1 0.5260416666666666 0.16165123456790123 0.5295138888888888 0.16126543209876543 0.5321180555555556 0.1720679012345679 0.5290798611111112 0.18132716049382716 0.5256076388888888 0.18209876543209877 0.515625 0.17901234567901234 0.5108506944444444 0.16898148148148148 0.51171875 0.16358024691358025 0.5225694444444444 0.16743827160493827 0.5260416666666666 0.16203703703703703
1 0.4700520833333333 0.19251543209876543 0.46484375 0.1886574074074074 0.46875 0.1840277777777778 0.4691840277777778 0.17862654320987653 0.4756944444444444 0.16550925925925927 0.48046875 0.16435185185185186 0.4874131944444444 0.17476851851851852 0.484375 0.18325617283950618 0.4700520833333333 0.19212962962962962
1 0.4561631944444444 0.1527777777777778 0.4600694444444444 0.15162037037037038 0.4618055555555556 0.15354938271604937 0.4678819444444444 0.1716820987654321 0.4674479166666667 0.17592592592592593 0.4605034722222222 0.18132716049382716 0.4518229166666667 0.1732253086419753 0.4561631944444444 0.15316358024691357
1 0.4266493055555556 0.1701388888888889 0.4318576388888889 0.16666666666666666 0.4444444444444444 0.17785493827160495 0.4422743055555556 0.18518518518518517 0.4353298611111111 0.18942901234567902 0.4249131944444444 0.18441358024691357 0.4166666666666667 0.17515432098765432 0.41796875 0.1716820987654321 0.4253472222222222 0.1728395061728395 0.4266493055555556 0.1705246913580247
1 0.4210069444444444 0.15432098765432098 0.4270833333333333 0.1554783950617284 0.4331597222222222 0.16743827160493827 0.4327256944444444 0.1705246913580247 0.4292534722222222 0.1728395061728395 0.4236111111111111 0.1709104938271605 0.4210069444444444 0.15470679012345678
1 0.5581597222222222 0.09683641975308642 0.5707465277777778 0.10609567901234568 0.5581597222222222 0.10493827160493827 0.5555555555555556 0.09915123456790123 0.5577256944444444 0.09683641975308642
1 0.3940972222222222 0.16319444444444445 0.3984375 0.16782407407407407 0.4045138888888889 0.16435185185185186 0.4114583333333333 0.16589506172839505 0.4053819444444444 0.18209876543209877 0.4010416666666667 0.18518518518518517 0.3893229166666667 0.17785493827160495 0.3897569444444444 0.16396604938271606 0.390625 0.16242283950617284 0.3936631944444444 0.16319444444444445
1 0.4526909722222222 0.11033950617283951 0.4596354166666667 0.11226851851851852 0.4665798611111111 0.11959876543209877 0.4665798611111111 0.12307098765432099 0.4635416666666667 0.125 0.4526909722222222 0.12307098765432099 0.4474826388888889 0.11959876543209877 0.4526909722222222 0.11072530864197531
1 0.5464409722222222 0.07330246913580248 0.5503472222222222 0.07523148148148148 0.5516493055555556 0.0787037037037037 0.5486111111111112 0.08449074074074074 0.5434027777777778 0.08680555555555555 0.5386284722222222 0.08487654320987655 0.5373263888888888 0.0787037037037037 0.5407986111111112 0.07445987654320987 0.5460069444444444 0.07330246913580248
1 0.20399305555555555 0.6793981481481481 0.20833333333333334 0.6820987654320988 0.2087673611111111 0.6867283950617284 0.1987847222222222 0.6979166666666666 0.1931423611111111 0.6971450617283951 0.19227430555555555 0.6940586419753086 0.1970486111111111 0.6820987654320988 0.2035590277777778 0.6793981481481481
1 0.2756076388888889 0.4876543209876543 0.2756076388888889 0.4799382716049383 0.2638888888888889 0.4799382716049383 0.2625868055555556 0.47685185185185186 0.2738715277777778 0.46257716049382713 0.2894965277777778 0.4575617283950617 0.2947048611111111 0.45987654320987653 0.29296875 0.4702932098765432 0.2855902777777778 0.4807098765432099 0.2894965277777778 0.49189814814814814 0.2864583333333333 0.49151234567901236 0.2825520833333333 0.4868827160493827 0.2760416666666667 0.4876543209876543
1 0.11328125 0.7766203703703703 0.1189236111111111 0.7824074074074074 0.1189236111111111 0.7866512345679012 0.11197916666666667 0.8005401234567902 0.1072048611111111 0.8036265432098766 0.1037326388888889 0.8036265432098766 0.10286458333333333 0.8001543209876543 0.10546875 0.7870370370370371 0.11284722222222222 0.7766203703703703
1 0.14756944444444445 0.6755401234567902 0.14930555555555555 0.6786265432098766 0.140625 0.6890432098765432 0.13368055555555555 0.6925154320987654 0.1232638888888889 0.6929012345679012 0.11979166666666667 0.6959876543209876 0.1154513888888889 0.6959876543209876 0.11458333333333333 0.6909722222222222 0.11631944444444445 0.6828703703703703 0.12022569444444445 0.6786265432098766 0.12630208333333334 0.6786265432098766 0.13411458333333334 0.6751543209876543 0.14713541666666666 0.6755401234567902
1 0.1853298611111111 0.3707561728395062 0.20442708333333334 0.3753858024691358 0.2109375 0.38271604938271603 0.21180555555555555 0.3869598765432099 0.19444444444444445 0.3873456790123457 0.1753472222222222 0.3819444444444444 0.17447916666666666 0.3800154320987654 0.18489583333333334 0.37114197530864196
1 0.11848958333333333 0.44058641975308643 0.12456597222222222 0.44212962962962965 0.1349826388888889 0.45524691358024694 0.15104166666666666 0.4564043209876543 0.1519097222222222 0.45987654320987653 0.1480034722222222 0.4714506172839506 0.1401909722222222 0.4710648148148148 0.13411458333333334 0.466820987654321 0.1228298611111111 0.46412037037037035 0.1154513888888889 0.4513888888888889 0.11458333333333333 0.44212962962962965 0.11805555555555555 0.44058641975308643
1 0.2643229166666667 0.2808641975308642 0.2743055555555556 0.29282407407407407 0.2738715277777778 0.3005401234567901 0.2699652777777778 0.3028549382716049 0.2643229166666667 0.3001543209876543 0.2604166666666667 0.2924382716049383 0.2591145833333333 0.2824074074074074 0.2638888888888889 0.2808641975308642
1 0.12630208333333334 0.36728395061728397 0.1388888888888889 0.37191358024691357 0.1440972222222222 0.3653549382716049 0.14713541666666666 0.3653549382716049 0.15364583333333334 0.3765432098765432 0.15147569444444445 0.38348765432098764 0.140625 0.38425925925925924 0.1310763888888889 0.3800154320987654 0.1189236111111111 0.37114197530864196 0.1189236111111111 0.36921296296296297 0.12586805555555555 0.36766975308641975
1 0.08246527777777778 0.36342592592592593 0.0881076388888889 0.36496913580246915 0.0920138888888889 0.3626543209876543 0.10243055555555555 0.3715277777777778 0.1015625 0.3800154320987654 0.08940972222222222 0.3869598765432099 0.08116319444444445 0.3800154320987654 0.078125 0.36612654320987653 0.08203125 0.36342592592592593
1 0.4357638888888889 0.09529320987654322 0.4457465277777778 0.09722222222222222 0.4535590277777778 0.10841049382716049 0.44921875 0.11959876543209877 0.4422743055555556 0.11959876543209877 0.4370659722222222 0.11265432098765432 0.4357638888888889 0.09567901234567901
1 0.4943576388888889 0.06712962962962964 0.4973958333333333 0.07716049382716049 0.4956597222222222 0.08603395061728394 0.4913194444444444 0.08719135802469136 0.4874131944444444 0.08140432098765432 0.4939236111111111 0.06751543209876543
1 0.026909722222222224 0.7797067901234568 0.031684027777777776 0.7824074074074074 0.03342013888888889 0.7885802469135802 0.038628472222222224 0.7932098765432098 0.029079861111111112 0.7982253086419753 0.022135416666666668 0.7943672839506173 0.010850694444444444 0.7966820987654321 0.009982638888888888 0.7935956790123457 0.010416666666666666 0.7847222222222222 0.026475694444444444 0.7797067901234568
1 0 0.5127314814814815 0.005208333333333333 0.5142746913580247 0.0078125 0.5235339506172839 0.020399305555555556 0.5258487654320988 0.012586805555555556 0.5405092592592593 0.011284722222222222 0.5489969135802469 0.00390625 0.5478395061728395 0 0.5424382716049383 0 0.5131172839506173
1 0.5386284722222222 0.059027777777777776 0.5407986111111112 0.061342592592592594 0.5416666666666666 0.07253086419753087 0.5364583333333334 0.08024691358024691 0.5325520833333334 0.0763888888888889 0.53125 0.07060185185185185 0.5347222222222222 0.06095679012345679 0.5381944444444444 0.059027777777777776
1 0.5503472222222222 0.05131172839506173 0.5533854166666666 0.05324074074074074 0.5568576388888888 0.05092592592592592 0.55859375 0.052083333333333336 0.5611979166666666 0.060570987654320986 0.55859375 0.06442901234567901 0.5460069444444444 0.06404320987654322 0.5421006944444444 0.062114197530864196 0.5421006944444444 0.059027777777777776 0.5499131944444444 0.05131172839506173
1 0.2309027777777778 0.26157407407407407 0.23567708333333334 0.2658179012345679 0.2404513888888889 0.2797067901234568 0.2265625 0.279320987654321 0.23046875 0.2619598765432099
1 0.21354166666666666 0.2681327160493827 0.2265625 0.27276234567901236 0.22743055555555555 0.279320987654321 0.22526041666666666 0.2804783950617284 0.21614583333333334 0.279320987654321 0.20963541666666666 0.2692901234567901 0.2131076388888889 0.2681327160493827
1 0.2621527777777778 0.15084876543209877 0.2634548611111111 0.15432098765432098 0.2612847222222222 0.1558641975308642 0.2508680555555556 0.1554783950617284 0.2547743055555556 0.1415895061728395 0.26171875 0.15084876543209877
1 0.2725694444444444 0.13310185185185186 0.28125 0.15200617283950618 0.2799479166666667 0.1558641975308642 0.2643229166666667 0.15432098765432098 0.2721354166666667 0.13310185185185186
1 0.4006076388888889 0.06751543209876543 0.4092881944444444 0.0779320987654321 0.4088541666666667 0.08526234567901235 0.4045138888888889 0.08564814814814815 0.3997395833333333 0.08140432098765432 0.3975694444444444 0.06905864197530864 0.4001736111111111 0.06790123456790123
1 0.4440104166666667 0.056712962962962965 0.4470486111111111 0.07175925925925926 0.4418402777777778 0.07908950617283951 0.4322916666666667 0.07716049382716049 0.4309895833333333 0.0628858024691358 0.4322916666666667 0.06018518518518518 0.4375 0.06018518518518518 0.4435763888888889 0.056712962962962965
1 0.3454861111111111 0.062114197530864196 0.3506944444444444 0.06751543209876543 0.3537326388888889 0.0783179012345679 0.3498263888888889 0.08333333333333333 0.3415798611111111 0.08680555555555555 0.3350694444444444 0.0779320987654321 0.3411458333333333 0.07330246913580248 0.3420138888888889 0.06327160493827161 0.3450520833333333 0.062114197530864196
1 0.03298611111111111 0.42052469135802467 0.03689236111111111 0.4224537037037037 0.03819444444444445 0.42939814814814814 0.036458333333333336 0.43132716049382713 0.022569444444444444 0.42978395061728397 0.017361111111111112 0.42592592592592593 0.019097222222222224 0.42052469135802467 0.032552083333333336 0.42052469135802467
1 0.3559027777777778 0.057484567901234566 0.3619791666666667 0.06828703703703703 0.3615451388888889 0.07407407407407407 0.3559027777777778 0.0775462962962963 0.3511284722222222 0.06751543209876543 0.35546875 0.057484567901234566
1 0.4874131944444444 0.02970679012345679 0.4921875 0.03125 0.4943576388888889 0.03819444444444445 0.4930555555555556 0.05015432098765432 0.4869791666666667 0.05092592592592592 0.4874131944444444 0.03009259259259259
1 0.9600694444444444 0.33603395061728397 0.9644097222222222 0.33834876543209874 0.9752604166666666 0.33834876543209874 0.9761284722222222 0.341820987654321 0.9674479166666666 0.3506944444444444 0.9513888888888888 0.35378086419753085 0.9422743055555556 0.3533950617283951 0.9422743055555556 0.34837962962962965 0.9496527777777778 0.3387345679012346 0.9596354166666666 0.33603395061728397