1 0.9188368055555556 0.9614197530864198 0.9288194444444444 0.9702932098765432 0.9292534722222222 0.9772376543209876 0.9188368055555556 0.9810956790123457 0.9079861111111112 0.9818672839506173 0.9001736111111112 0.9780092592592593 0.8971354166666666 0.9702932098765432 0.9053819444444444 0.9691358024691358 0.9140625 0.9614197530864198 0.9184027777777778 0.9614197530864198
1 0.8159722222222222 0.9780092592592593 0.8207465277777778 0.9803240740740741 0.8216145833333334 0.9837962962962963 0.8211805555555556 0.9891975308641975 0.8181423611111112 0.9915123456790124 0.8107638888888888 0.9845679012345679 0.8003472222222222 0.9849537037037037 0.8003472222222222 0.9807098765432098 0.8155381944444444 0.9780092592592593
1 0.7378472222222222 0.9837962962962963 0.7417534722222222 0.9876543209876543 0.7413194444444444 0.9911265432098766 0.73828125 0.9926697530864198 0.7348090277777778 0.9911265432098766 0.7322048611111112 0.9849537037037037 0.7374131944444444 0.9837962962962963
1 0.65625 0.9124228395061729 0.66015625 0.9185956790123457 0.65625 0.933641975308642 0.6540798611111112 0.933641975308642 0.6436631944444444 0.9216820987654321 0.6453993055555556 0.9162808641975309 0.6558159722222222 0.9124228395061729
1 0.6401909722222222 0.9093364197530864 0.6467013888888888 0.9182098765432098 0.6440972222222222 0.9247685185185185 0.6358506944444444 0.9189814814814815 0.6323784722222222 0.9112654320987654 0.6397569444444444 0.9093364197530864
1 0.625 0.9077932098765432 0.6315104166666666 0.9108796296296297 0.6401909722222222 0.9093364197530864 0.6497395833333334 0.9178240740740741 0.6480034722222222 0.9251543209876543 0.6371527777777778 0.9286265432098766 0.6328125 0.9251543209876543 0.625 0.908179012345679
1 0.6263020833333334 0.9066358024691358 0.6371527777777778 0.9139660493827161 0.6414930555555556 0.9216820987654321 0.640625 0.9266975308641975 0.6362847222222222 0.9278549382716049 0.6263020833333334 0.9259259259259259 0.6219618055555556 0.9147376543209876 0.6232638888888888 0.9077932098765432 0.6258680555555556 0.9070216049382716
1 0.8359375 0.7087191358024691 0.8376736111111112 0.7098765432098766 0.8359375 0.7137345679012346 0.8307291666666666 0.7098765432098766 0.8355034722222222 0.7087191358024691
1 0.8229166666666666 0.7924382716049383 0.8259548611111112 0.7955246913580247 0.8250868055555556 0.8001543209876543 0.81640625 0.7932098765432098 0.8224826388888888 0.7924382716049383
1 0.6280381944444444 0.9074074074074074 0.6341145833333334 0.9147376543209876 0.6349826388888888 0.9216820987654321 0.6310763888888888 0.9251543209876543 0.6263020833333334 0.9243827160493827 0.6215277777777778 0.9131944444444444 0.6232638888888888 0.9074074074074074 0.6276041666666666 0.9074074074074074
1 0.6193576388888888 0.9131944444444444 0.6284722222222222 0.9251543209876543 0.6202256944444444 0.935570987654321 0.6176215277777778 0.9344135802469136 0.6119791666666666 0.9220679012345679 0.6137152777777778 0.9147376543209876 0.6189236111111112 0.9131944444444444
1 0.5659722222222222 0.9664351851851852 0.5672743055555556 0.9753086419753086 0.5603298611111112 0.9868827160493827 0.5551215277777778 0.9849537037037037 0.5533854166666666 0.9803240740740741 0.5590277777777778 0.9675925925925926 0.5655381944444444 0.9664351851851852
1 0.5520833333333334 0.9633487654320988 0.5681423611111112 0.9564043209876543 0.5659722222222222 0.9625771604938271 0.5672743055555556 0.9749228395061729 0.5603298611111112 0.9868827160493827 0.5546875 0.9841820987654321 0.5538194444444444 0.9764660493827161 0.5447048611111112 0.9729938271604939 0.5442708333333334 0.9699074074074074 0.5520833333333334 0.9637345679012346
1 0.5564236111111112 0.9658564814814815 0.026041666666666668 0.02044753086419753
1 0.6158854166666666 0.7905092592592593 0.6176215277777778 0.7932098765432098 0.6163194444444444 0.8016975308641975 0.60546875 0.7982253086419753 0.6067708333333334 0.7920524691358025 0.6154513888888888 0.7905092592592593
1 0.4509548611111111 0.9664351851851852 0.4505208333333333 0.9768518518518519 0.4427083333333333 0.9841820987654321 0.4396701388888889 0.9845679012345679 0.44140625 0.96875 0.4505208333333333 0.9664351851851852
1 0.45703125 0.9652777777777778 0.4605034722222222 0.966820987654321 0.4631076388888889 0.9733796296296297 0.4600694444444444 0.9857253086419753 0.4561631944444444 0.9841820987654321 0.4526909722222222 0.9776234567901234 0.4483506944444444 0.9780092592592593 0.4422743055555556 0.9845679012345679 0.4388020833333333 0.9841820987654321 0.4418402777777778 0.9691358024691358 0.4457465277777778 0.9664351851851852 0.4565972222222222 0.9652777777777778
1 0.4301215277777778 0.9895833333333334 0.4392361111111111 0.9915123456790124 0.4396701388888889 0.9996141975308642 0.4184027777777778 0.9996141975308642 0.4210069444444444 0.9899691358024691 0.4296875 0.9895833333333334
1 0.9631076388888888 0.5906635802469136 0.9635416666666666 0.5960648148148148 0.9578993055555556 0.6057098765432098 0.9657118055555556 0.6161265432098766 0.9561631944444444 0.6203703703703703 0.9513888888888888 0.6165123456790124 0.9392361111111112 0.6122685185185185 0.93359375 0.6057098765432098 0.9344618055555556 0.5987654320987654 0.9388020833333334 0.5941358024691358 0.9565972222222222 0.595679012345679 0.9626736111111112 0.5910493827160493
1 0.7604166666666666 0.6990740740740741 0.7673611111111112 0.7102623456790124 0.7582465277777778 0.7160493827160493 0.7526041666666666 0.7133487654320988 0.7504340277777778 0.7091049382716049 0.7599826388888888 0.6990740740740741
1 0.5256076388888888 0.7924382716049383 0.5277777777777778 0.7974537037037037 0.5364583333333334 0.7974537037037037 0.5394965277777778 0.7928240740740741 0.5533854166666666 0.7928240740740741 0.5538194444444444 0.8005401234567902 0.5477430555555556 0.8016975308641975 0.5394965277777778 0.8097993827160493 0.5290798611111112 0.8125 0.52734375 0.8047839506172839 0.5234375 0.8001543209876543 0.5256076388888888 0.7962962962962963 0.5221354166666666 0.7932098765432098 0.5251736111111112 0.7928240740740741
1 0.5329861111111112 0.7743055555555556 0.5416666666666666 0.7800925925925926 0.5416666666666666 0.7843364197530864 0.5386284722222222 0.7878086419753086 0.5256076388888888 0.7874228395061729 0.5212673611111112 0.7827932098765432 0.5212673611111112 0.779320987654321 0.5260416666666666 0.7754629629629629 0.5325520833333334 0.7743055555555556
1 0.5377604166666666 0.7866512345679012 0.5438368055555556 0.7912808641975309 0.5533854166666666 0.7928240740740741 0.5533854166666666 0.7947530864197531 0.5503472222222222 0.7932098765432098 0.546875 0.7962962962962963 0.546875 0.8009259259259259 0.5295138888888888 0.8016975308641975 0.5225694444444444 0.8001543209876543 0.5225694444444444 0.7966820987654321 0.5169270833333334 0.7932098765432098 0.5182291666666666 0.7897376543209876 0.5308159722222222 0.7858796296296297 0.5373263888888888 0.7866512345679012
1 0.5355902777777778 0.7862654320987654 0.5434027777777778 0.7908950617283951 0.5538194444444444 0.7932098765432098 0.5538194444444444 0.8001543209876543 0.5451388888888888 0.8020833333333334 0.5182291666666666 0.8005401234567902 0.51953125 0.7966820987654321 0.5121527777777778 0.7939814814814815 0.5177951388888888 0.7897376543209876 0.53515625 0.7862654320987654
1 0.5047743055555556 0.7797067901234568 0.5086805555555556 0.7824074074074074 0.5121527777777778 0.7893518518518519 0.5112847222222222 0.8082561728395061 0.5065104166666666 0.8070987654320988 0.5008680555555556 0.7951388888888888 0.4991319444444444 0.7816358024691358 0.5 0.779320987654321 0.5043402777777778 0.7797067901234568
1 0.4982638888888889 0.7808641975308642 0.5004340277777778 0.7970679012345679 0.4978298611111111 0.808641975308642 0.4921875 0.8070987654320988 0.4887152777777778 0.7932098765432098 0.4908854166666667 0.7824074074074074 0.4943576388888889 0.7797067901234568 0.4978298611111111 0.7808641975308642
1 0.3363715277777778 0.9621913580246914 0.33984375 0.9664351851851852 0.3381076388888889 0.9729938271604939 0.3185763888888889 0.9772376543209876 0.3133680555555556 0.9772376543209876 0.3129340277777778 0.9737654320987654 0.3190104166666667 0.966820987654321 0.3307291666666667 0.9614197530864198 0.3359375 0.9621913580246914
1 0.2964409722222222 0.8360339506172839 0.3038194444444444 0.8383487654320988 0.3142361111111111 0.8383487654320988 0.3203125 0.841820987654321 0.3055555555555556 0.8653549382716049 0.3016493055555556 0.8661265432098766 0.2999131944444444 0.8641975308641975 0.3012152777777778 0.8452932098765432 0.2960069444444444 0.8395061728395061 0.2964409722222222 0.8364197530864198
1 0.2703993055555556 0.9571759259259259 0.27734375 0.966820987654321 0.2721354166666667 0.9772376543209876 0.2690972222222222 0.9764660493827161 0.265625 0.9679783950617284 0.2495659722222222 0.9695216049382716 0.2456597222222222 0.9672067901234568 0.2582465277777778 0.9598765432098766 0.2699652777777778 0.9571759259259259
1 0.2144097222222222 0.9000771604938271 0.21961805555555555 0.904320987654321 0.22005208333333334 0.9112654320987654 0.2105034722222222 0.9224537037037037 0.20703125 0.9216820987654321 0.20789930555555555 0.9077932098765432 0.2113715277777778 0.9008487654320988 0.21397569444444445 0.9000771604938271
1 0.20203993055555555 0.9064429012345679 0.018663194444444444 0.02199074074074074
1 0.1306423611111111 0.9517746913580247 0.1371527777777778 0.9544753086419753 0.13758680555555555 0.9633487654320988 0.1328125 0.972608024691358 0.1232638888888889 0.9791666666666666 0.11979166666666667 0.972608024691358 0.1193576388888889 0.9629629629629629 0.12586805555555555 0.9529320987654321 0.13020833333333334 0.9517746913580247
1 0.11458333333333333 0.9567901234567902 0.11848958333333333 0.9598765432098766 0.12022569444444445 0.9714506172839507 0.11979166666666667 0.9807098765432098 0.11588541666666667 0.9857253086419753 0.0993923611111111 0.9741512345679012 0.1015625 0.964891975308642 0.10980902777777778 0.9571759259259259 0.11414930555555555 0.9567901234567902
1 0.11371527777777778 0.9571759259259259 0.11762152777777778 0.9598765432098766 0.12022569444444445 0.9807098765432098 0.11631944444444445 0.9872685185185185 0.11631944444444445 0.9945987654320988 0.109375 0.9972993827160493 0.10199652777777778 0.9949845679012346 0.1015625 0.9841820987654321 0.10460069444444445 0.9803240740740741 0.09895833333333333 0.9729938271604939 0.10026041666666667 0.966820987654321 0.11328125 0.9571759259259259
1 0.8003472222222222 0.6126543209876543 0.8315972222222222 0.6130401234567902 0.8350694444444444 0.6161265432098766 0.8237847222222222 0.623070987654321 0.8103298611111112 0.6246141975308642 0.8033854166666666 0.6292438271604939 0.8012152777777778 0.6265432098765432 0.8003472222222222 0.6130401234567902
1 0.9227430555555556 0.3549382716049383 0.9205729166666666 0.36612654320987653 0.9140625 0.373070987654321 0.9084201388888888 0.375 0.9045138888888888 0.3734567901234568 0.90234375 0.36959876543209874 0.9045138888888888 0.3638117283950617 0.9110243055555556 0.3568672839506173 0.9223090277777778 0.3549382716049383
1 0.9600694444444444 0.33641975308641975 0.9626736111111112 0.33834876543209874 0.9739583333333334 0.33834876543209874 0.9761284722222222 0.3422067901234568 0.9683159722222222 0.3506944444444444 0.9500868055555556 0.3549382716049383 0.9422743055555556 0.35300925925925924 0.9422743055555556 0.3479938271604938 0.9496527777777778 0.3395061728395062 0.9596354166666666 0.33641975308641975
1 0.9461805555555556 0.3275462962962963 0.9587673611111112 0.3314043209876543 0.9635416666666666 0.33912037037037035 0.9735243055555556 0.33912037037037035 0.9752604166666666 0.3410493827160494 0.9670138888888888 0.3506944444444444 0.9518229166666666 0.35455246913580246 0.9422743055555556 0.35223765432098764 0.9435763888888888 0.3449074074074074 0.9409722222222222 0.3414351851851852 0.9405381944444444 0.33449074074074076 0.9353298611111112 0.3283179012345679 0.9457465277777778 0.3275462962962963
1 0.6940104166666666 0.5798611111111112 0.7087673611111112 0.5883487654320988 0.7096354166666666 0.591820987654321 0.703125 0.5949074074074074 0.6922743055555556 0.5925925925925926 0.6822916666666666 0.5960648148148148 0.6788194444444444 0.5945216049382716 0.67578125 0.5879629629629629 0.6762152777777778 0.5814043209876543 0.68359375 0.5790895061728395 0.6935763888888888 0.5798611111111112
1 0.5833333333333334 0.6022376543209876 0.5954861111111112 0.6030092592592593 0.59765625 0.6084104938271605 0.5950520833333334 0.6122685185185185 0.5824652777777778 0.6057098765432098 0.5833333333333334 0.6026234567901234
1 0.576171875 0.6091820987654321 0.012586805555555556 0.013888888888888888
1 0.4175347222222222 0.6890432098765432 0.4244791666666667 0.6786265432098766 0.4327256944444444 0.6720679012345679 0.4361979166666667 0.6716820987654321 0.4396701388888889 0.6763117283950617 0.4392361111111111 0.6820987654320988 0.4279513888888889 0.691358024691358 0.41796875 0.689429012345679
1 0.359375 0.7033179012345679 0.3624131944444444 0.7071759259259259 0.3598090277777778 0.7091049382716049 0.3524305555555556 0.7091049382716049 0.3515625 0.7133487654320988 0.3485243055555556 0.714891975308642 0.3441840277777778 0.7129629629629629 0.3441840277777778 0.7044753086419753 0.3589409722222222 0.7033179012345679
1 0.3585069444444444 0.6763117283950617 0.3572048611111111 0.6859567901234568 0.3420138888888889 0.6948302469135802 0.3372395833333333 0.6925154320987654 0.34375 0.6786265432098766 0.3580729166666667 0.6763117283950617
1 0.3315972222222222 0.7114197530864198 0.3272569444444444 0.7091049382716049 0.3211805555555556 0.7137345679012346 0.3168402777777778 0.7133487654320988 0.3207465277777778 0.7021604938271605 0.3333333333333333 0.7029320987654321 0.3346354166666667 0.7098765432098766 0.3315972222222222 0.7110339506172839
1 0.3333333333333333 0.6728395061728395 0.3402777777777778 0.6751543209876543 0.3415798611111111 0.6786265432098766 0.3376736111111111 0.6959876543209876 0.3311631944444444 0.6959876543209876 0.3276909722222222 0.6909722222222222 0.3272569444444444 0.6755401234567902 0.328125 0.6732253086419753 0.3328993055555556 0.6728395061728395
1 0.33203125 0.7025462962962963 0.3606770833333333 0.7052469135802469 0.3598090277777778 0.7079475308641975 0.3528645833333333 0.7075617283950617 0.3489583333333333 0.7145061728395061 0.3450520833333333 0.7141203703703703 0.3420138888888889 0.7087191358024691 0.3315972222222222 0.7125771604938271 0.3289930555555556 0.7087191358024691 0.3250868055555556 0.7087191358024691 0.3211805555555556 0.7133487654320988 0.3177083333333333 0.7133487654320988 0.3211805555555556 0.7029320987654321 0.3315972222222222 0.7025462962962963
1 0.3033854166666667 0.6770833333333334 0.3033854166666667 0.6820987654320988 0.2938368055555556 0.6948302469135802 0.2816840277777778 0.6886574074074074 0.2790798611111111 0.6778549382716049 0.2912326388888889 0.6763117283950617 0.2994791666666667 0.6793981481481481 0.3029513888888889 0.6774691358024691
1 0.2973090277777778 0.6685956790123457 0.3090277777777778 0.6751543209876543 0.3107638888888889 0.6793981481481481 0.2816840277777778 0.6751543209876543 0.2838541666666667 0.6685956790123457 0.2912326388888889 0.6705246913580247 0.296875 0.6685956790123457
1 0.2973090277777778 0.6693672839506173 0.3107638888888889 0.6786265432098766 0.3042534722222222 0.6809413580246914 0.2942708333333333 0.6948302469135802 0.2816840277777778 0.6886574074074074 0.2786458333333333 0.6786265432098766 0.2825520833333333 0.6751543209876543 0.2829861111111111 0.6709104938271605 0.2938368055555556 0.6712962962962963 0.296875 0.6693672839506173
1 0.4461805555555556 0.36651234567901236 0.4526909722222222 0.3800154320987654 0.4461805555555556 0.3869598765432099 0.4388020833333333 0.38850308641975306 0.4249131944444444 0.3869598765432099 0.4088541666666667 0.37962962962962965 0.4184027777777778 0.373070987654321 0.4392361111111111 0.3753858024691358 0.4427083333333333 0.36689814814814814 0.4457465277777778 0.36651234567901236
1 0.2912326388888889 0.45794753086419754 0.2947048611111111 0.45949074074074076 0.2938368055555556 0.46875 0.2855902777777778 0.4807098765432099 0.2894965277777778 0.49189814814814814 0.2864583333333333 0.49151234567901236 0.2829861111111111 0.4868827160493827 0.2756076388888889 0.4876543209876543 0.2756076388888889 0.4799382716049383 0.2651909722222222 0.4799382716049383 0.2625868055555556 0.47723765432098764 0.2747395833333333 0.4618055555555556 0.2907986111111111 0.45794753086419754
1 0.20616319444444445 0.6793981481481481 0.2087673611111111 0.683641975308642 0.20833333333333334 0.6882716049382716 0.1970486111111111 0.6979166666666666 0.19140625 0.6963734567901234 0.1948784722222222 0.685570987654321 0.20008680555555555 0.6797839506172839 0.20572916666666666 0.6793981481481481
1 0.2065972222222222 0.42746913580246915 0.21788194444444445 0.4398148148148148 0.2191840277777778 0.44290123456790126 0.2170138888888889 0.44483024691358025 0.203125 0.4425154320987654 0.2026909722222222 0.42862654320987653 0.20616319444444445 0.42746913580246915
1 0.9375 0.33641975308641975 0.9396701388888888 0.341820987654321 0.9357638888888888 0.3445216049382716 0.9318576388888888 0.3445216049382716 0.9305555555555556 0.341820987654321 0.9370659722222222 0.33641975308641975
1 0.9357638888888888 0.3271604938271605 0.9461805555555556 0.3275462962962963 0.9587673611111112 0.3314043209876543 0.9596354166666666 0.33796296296296297 0.9435763888888888 0.3433641975308642 0.9405381944444444 0.3410493827160494 0.9401041666666666 0.33487654320987653 0.9353298611111112 0.3275462962962963
1 0.5299479166666666 0.21334876543209877 0.5394965277777778 0.20679012345679013 0.5399305555555556 0.21334876543209877 0.5303819444444444 0.21334876543209877
1 0.4839409722222222 0.2006172839506173 0.48828125 0.21334876543209877 0.46875 0.21257716049382716 0.4691840277777778 0.20601851851851852 0.4774305555555556 0.2056327160493827 0.4835069444444444 0.2010030864197531
1 0.4743923611111111 0.16473765432098766 0.4813368055555556 0.16396604938271606 0.4856770833333333 0.17592592592592593 0.4835069444444444 0.1840277777777778 0.4756944444444444 0.1867283950617284 0.4700520833333333 0.19251543209876543 0.4665798611111111 0.18981481481481483 0.4743923611111111 0.16512345679012347
1 0.2894965277777778 0.2932098765432099 0.2981770833333333 0.29976851851851855 0.2938368055555556 0.30324074074074076 0.2934027777777778 0.32060185185185186 0.2907986111111111 0.32021604938271603 0.2825520833333333 0.3109567901234568 0.2760416666666667 0.2978395061728395 0.2790798611111111 0.2924382716049383 0.2890625 0.2932098765432099
1 0.3589409722222222 0.2222222222222222 0.3637152777777778 0.2349537037037037 0.3615451388888889 0.24112654320987653 0.3580729166666667 0.24382716049382716 0.3532986111111111 0.24112654320987653 0.3519965277777778 0.2322530864197531 0.35546875 0.2222222222222222 0.3585069444444444 0.2222222222222222
1 0.4318576388888889 0.16782407407407407 0.4422743055555556 0.17476851851851852 0.4440104166666667 0.17824074074074073 0.4388020833333333 0.1886574074074074 0.4357638888888889 0.18981481481481483 0.4249131944444444 0.18441358024691357 0.4166666666666667 0.17515432098765432 0.41796875 0.1720679012345679 0.4253472222222222 0.1739969135802469 0.4318576388888889 0.16820987654320987
1 0.4596354166666667 0.18325617283950618 0.4518229166666667 0.1724537037037037 0.4552951388888889 0.15393518518518517 0.4596354166666667 0.15123456790123457 0.4670138888888889 0.1716820987654321 0.4600694444444444 0.18325617283950618
1 0.5577256944444444 0.09606481481481481 0.5711805555555556 0.10570987654320987 0.5594618055555556 0.10532407407407407 0.5559895833333334 0.09953703703703703 0.5572916666666666 0.09606481481481481
1 0.41015625 0.16435185185185186 0.4123263888888889 0.16820987654320987 0.4058159722222222 0.18171296296296297 0.4010416666666667 0.18557098765432098 0.3993055555555556 0.18209876543209877 0.4001736111111111 0.16820987654320987 0.4045138888888889 0.16473765432098766 0.4097222222222222 0.16435185185185186
1 0.390625 0.16319444444444445 0.3936631944444444 0.16358024691358025 0.3975694444444444 0.16820987654320987 0.4053819444444444 0.16435185185185186 0.4114583333333333 0.16473765432098766 0.4118923611111111 0.16782407407407407 0.4058159722222222 0.18171296296296297 0.4010416666666667 0.18557098765432098 0.3901909722222222 0.17901234567901234 0.390625 0.16358024691358025
1 0.3901909722222222 0.16203703703703703 0.3975694444444444 0.16743827160493827 0.4019097222222222 0.18209876543209877 0.3971354166666667 0.18325617283950618 0.390625 0.18055555555555555 0.3888888888888889 0.17592592592592593 0.3901909722222222 0.16242283950617284
1 0.4526909722222222 0.11033950617283951 0.4605034722222222 0.11265432098765432 0.4661458333333333 0.11921296296296297 0.4661458333333333 0.12307098765432099 0.4622395833333333 0.125 0.4479166666666667 0.12037037037037036 0.4479166666666667 0.11651234567901235 0.4526909722222222 0.11072530864197531
1 0.5442708333333334 0.07330246913580248 0.5516493055555556 0.0779320987654321 0.5481770833333334 0.08487654320987655 0.54296875 0.08757716049382716 0.5386284722222222 0.08564814814814815 0.5373263888888888 0.0779320987654321 0.5438368055555556 0.07330246913580248
1 0.6332465277777778 0.05709876543209876 0.6401909722222222 0.059027777777777776 0.6414930555555556 0.06327160493827161 0.6414930555555556 0.06751543209876543 0.6341145833333334 0.06751543209876543 0.6332465277777778 0.057484567901234566
1 0.4926215277777778 0.0775462962962963 0.010416666666666666 0.020061728395061727
1 0.12977430555555555 0.9513888888888888 0.1371527777777778 0.9548611111111112 0.1371527777777778 0.9645061728395061 0.1332465277777778 0.9733796296296297 0.1293402777777778 0.9745370370370371 0.11675347222222222 0.9868827160493827 0.11588541666666667 0.9945987654320988 0.10590277777777778 0.9965277777777778 0.10286458333333333 0.9942129629629629 0.10286458333333333 0.9841820987654321 0.10590277777777778 0.9803240740740741 0.09895833333333333 0.9741512345679012 0.0998263888888889 0.966820987654321 0.109375 0.9575617283950617 0.11328125 0.9564043209876543 0.11979166666666667 0.9594907407407407 0.1293402777777778 0.9517746913580247
1 0.11284722222222222 0.7766203703703703 0.1189236111111111 0.7827932098765432 0.1189236111111111 0.7862654320987654 0.1111111111111111 0.8013117283950617 0.1037326388888889 0.8036265432098766 0.1032986111111111 0.7989969135802469 0.10677083333333333 0.783179012345679 0.11241319444444445 0.7770061728395061
1 0.13758680555555555 0.6736111111111112 0.1488715277777778 0.6751543209876543 0.14973958333333334 0.6786265432098766 0.140625 0.6890432098765432 0.13368055555555555 0.6909722222222222 0.13020833333333334 0.6909722222222222 0.13020833333333334 0.685570987654321 0.1254340277777778 0.6786265432098766 0.1306423611111111 0.6739969135802469 0.1371527777777778 0.6736111111111112
1 0.12977430555555555 0.6751543209876543 0.1371527777777778 0.6739969135802469 0.14756944444444445 0.6751543209876543 0.1488715277777778 0.6770833333333334 0.1401909722222222 0.689429012345679 0.1154513888888889 0.6959876543209876 0.11631944444444445 0.6820987654320988 0.11979166666666667 0.6786265432098766 0.1271701388888889 0.6778549382716049 0.12977430555555555 0.6755401234567902
1 0.13802083333333334 0.6739969135802469 0.1484375 0.6751543209876543 0.14930555555555555 0.6778549382716049 0.1410590277777778 0.6886574074074074 0.11762152777777778 0.6959876543209876 0.1154513888888889 0.6959876543209876 0.11458333333333333 0.6932870370370371 0.11631944444444445 0.6820987654320988 0.12065972222222222 0.6782407407407407 0.1267361111111111 0.6778549382716049 0.1332465277777778 0.6736111111111112 0.13758680555555555 0.6739969135802469
1 0.026909722222222224 0.7800925925925926 0.03211805555555555 0.783179012345679 0.03342013888888889 0.7893518518518519 0.039496527777777776 0.7928240740740741 0.029513888888888888 0.7970679012345679 0.022569444444444444 0.7935956790123457 0.013020833333333334 0.7959104938271605 0.010416666666666666 0.7935956790123457 0.011284722222222222 0.7854938271604939 0.026475694444444444 0.7800925925925926
1 0.1879340277777778 0.3707561728395062 0.20572916666666666 0.3765432098765432 0.2109375 0.38348765432098764 0.21006944444444445 0.3881172839506173 0.19140625 0.3869598765432099 0.1762152777777778 0.38155864197530864 0.1753472222222222 0.3800154320987654 0.1818576388888889 0.3753858024691358 0.18359375 0.3715277777777778 0.1875 0.3707561728395062
1 0.12630208333333334 0.36766975308641975 0.13758680555555555 0.3715277777777778 0.14756944444444445 0.36496913580246915 0.15364583333333334 0.3765432098765432 0.15234375 0.38233024691358025 0.1484375 0.38425925925925924 0.13758680555555555 0.38348765432098764 0.12065972222222222 0.373070987654321 0.11848958333333333 0.36959876543209874 0.12586805555555555 0.36766975308641975
1 0.09288194444444445 0.36342592592592593 0.1015625 0.3699845679012346 0.10286458333333333 0.3742283950617284 0.1015625 0.3800154320987654 0.09027777777777778 0.3869598765432099 0.08506944444444445 0.3854166666666667 0.08116319444444445 0.3800154320987654 0.078125 0.3645833333333333 0.0798611111111111 0.3626543209876543 0.08506944444444445 0.3653549382716049 0.09244791666666667 0.36342592592592593
1 0.053385416666666664 0.38271604938271603 0.047309027777777776 0.3722993827160494 0.046875 0.3626543209876543 0.04991319444444445 0.3599537037037037 0.057291666666666664 0.36651234567901236 0.0625 0.3765432098765432 0.061197916666666664 0.3846450617283951 0.05381944444444445 0.38271604938271603
1 0.05164930555555555 0.36072530864197533 0.062065972222222224 0.3746141975308642 0.06293402777777778 0.3800154320987654 0.06076388888888889 0.38503086419753085 0.053385416666666664 0.38271604938271603 0.04861111111111111 0.376929012345679 0.046440972222222224 0.3645833333333333 0.04904513888888889 0.3603395061728395 0.051215277777777776 0.36072530864197533
1 0.023871527777777776 0.4201388888888889 0.03515625 0.4216820987654321 0.03819444444444445 0.42862654320987653 0.03689236111111111 0.4305555555555556 0.019097222222222224 0.42862654320987653 0.018229166666666668 0.4201388888888889 0.0234375 0.4201388888888889
1 0.5360243055555556 0.0798611111111111 0.5325520833333334 0.07600308641975309 0.5316840277777778 0.06944444444444445 0.5364583333333334 0.05864197530864197 0.5403645833333334 0.06018518518518518 0.5416666666666666 0.07098765432098765 0.5364583333333334 0.0798611111111111
1 0.5503472222222222 0.05092592592592592 0.5533854166666666 0.05324074074074074 0.5572916666666666 0.05131172839506173 0.5594618055555556 0.05439814814814815 0.5607638888888888 0.061342592592592594 0.5577256944444444 0.06442901234567901 0.5421006944444444 0.062114197530864196 0.5425347222222222 0.058256172839506175 0.5499131944444444 0.05092592592592592
1 0.2660590277777778 0.28125 0.2751736111111111 0.2966820987654321 0.2743055555555556 0.3001543209876543 0.2690972222222222 0.3028549382716049 0.26171875 0.2966820987654321 0.2582465277777778 0.283179012345679 0.2591145833333333 0.2804783950617284 0.265625 0.28125
1 0.24869791666666666 0.2665895061728395 0.2508680555555556 0.2689043209876543 0.24088541666666666 0.2804783950617284 0.23697916666666666 0.2808641975308642 0.22960069444444445 0.2797067901234568 0.234375 0.2692901234567901 0.2482638888888889 0.2665895061728395
1 0.4036458333333333 0.07696759259259259 0.012152777777777778 0.018132716049382717
1 0.4357638888888889 0.059799382716049385 0.4405381944444444 0.07098765432098765 0.4392361111111111 0.0779320987654321 0.4357638888888889 0.08063271604938271 0.4309895833333333 0.07175925925925926 0.4318576388888889 0.062114197530864196 0.4353298611111111 0.059799382716049385
1 0.4429253472222222 0.057484567901234566 0.01171875 0.024691358024691357
1 0.7790798611111112 0.022376543209876542 0.7829861111111112 0.025848765432098766 0.7838541666666666 0.03279320987654321 0.7795138888888888 0.03819444444444445 0.7751736111111112 0.03973765432098766 0.7547743055555556 0.036265432098765434 0.7547743055555556 0.025848765432098766 0.7651909722222222 0.022376543209876542 0.7786458333333334 0.022762345679012346
1 0.4913194444444444 0.030478395061728395 0.4943576388888889 0.047839506172839504 0.4908854166666667 0.05131172839506173 0.4874131944444444 0.05131172839506173 0.4861111111111111 0.04861111111111111 0.4865451388888889 0.03202160493827161 0.4878472222222222 0.02970679012345679 0.4908854166666667 0.030478395061728395
1 0.4700520833333333 0.023148148148148147 0.4735243055555556 0.025848765432098766 0.4730902777777778 0.029320987654320986 0.4778645833333333 0.036265432098765434 0.4782986111111111 0.044753086419753084 0.4631076388888889 0.03973765432098766 0.4657118055555556 0.036265432098765434 0.4670138888888889 0.025848765432098766 0.4696180555555556 0.02353395061728395
1 0.4717881944444444 0.023148148148148147 0.4748263888888889 0.025848765432098766 0.4774305555555556 0.04398148148148148 0.4635416666666667 0.03973765432098766 0.4644097222222222 0.024305555555555556 0.4657118055555556 0.022376543209876542 0.4713541666666667 0.023148148148148147
1 0.2786458333333333 0.10570987654320987 0.2825520833333333 0.09452160493827161 0.2860243055555556 0.0933641975308642 0.2921006944444444 0.10570987654320987 0.2790798611111111 0.10609567901234568
1 0.3559027777777778 0.05787037037037037 0.3619791666666667 0.07060185185185185 0.3611111111111111 0.07445987654320987 0.3559027777777778 0.0775462962962963 0.3515625 0.06751543209876543 0.3528645833333333 0.06018518518518518 0.35546875 0.05787037037037037
1 0.4600694444444444 0.02044753086419753 0.4661458333333333 0.022376543209876542 0.4674479166666667 0.025848765432098766 0.46484375 0.037037037037037035 0.4613715277777778 0.040123456790123455 0.4565972222222222 0.03973765432098766 0.4535590277777778 0.033950617283950615 0.4557291666666667 0.021604938271604937 0.4596354166666667 0.02044753086419753
1 0.2556423611111111 0.1423611111111111 0.2634548611111111 0.15432098765432098 0.2582465277777778 0.15625 0.25 0.15470679012345678 0.2552083333333333 0.1423611111111111
1 0.2736545138888889 0.14467592592592593 0.018663194444444444 0.022376543209876542
1 0.3450520833333333 0.06327160493827161 0.3524305555555556 0.07291666666666667 0.3537326388888889 0.0779320987654321 0.3519965277777778 0.08101851851851852 0.3376736111111111 0.08834876543209877 0.3385416666666667 0.08371913580246913 0.3355034722222222 0.0779320987654321 0.34375 0.07098765432098765 0.3446180555555556 0.06365740740740741
1 0.3450520833333333 0.061342592592592594 0.35546875 0.07484567901234568 0.3515625 0.08179012345679013 0.3424479166666667 0.08487654320987655 0.3368055555555556 0.0779320987654321 0.3411458333333333 0.07523148148148148 0.3415798611111111 0.06365740740740741 0.3446180555555556 0.061342592592592594
1 0.21006944444444445 0.2689043209876543 0.2265625 0.27199074074074076 0.2282986111111111 0.27546296296296297 0.2265625 0.2808641975308642 0.22005208333333334 0.2816358024691358 0.2131076388888889 0.2762345679012346 0.21006944444444445 0.2692901234567901
1 0.4075520833333333 0.27469135802469136 0.4075520833333333 0.2827932098765432 0.4153645833333333 0.2827932098765432 0.4162326388888889 0.279320987654321 0.4136284722222222 0.2777777777777778 0.4118923611111111 0.27314814814814814 0.4088541666666667 0.27314814814814814
1 0.3706597222222222 0.35455246913580246 0.3741319444444444 0.3591820987654321 0.3767361111111111 0.3603395061728395 0.3793402777777778 0.3591820987654321 0.3767361111111111 0.3549382716049383
1 0.4309895833333333 0.23765432098765432 0.4305555555555556 0.24112654320987653 0.4322916666666667 0.24266975308641975 0.44140625 0.23842592592592593 0.4565972222222222 0.23726851851851852 0.4622395833333333 0.2341820987654321 0.4605034722222222 0.22916666666666666 0.4574652777777778 0.22800925925925927 0.4466145833333333 0.23109567901234568 0.4427083333333333 0.22916666666666666 0.4353298611111111 0.22955246913580246 0.4340277777777778 0.23070987654320987 0.4348958333333333 0.2337962962962963
1 0.4444444444444444 0.21064814814814814 0.4444444444444444 0.21720679012345678 0.4392361111111111 0.22723765432098766 0.44140625 0.22839506172839505 0.4561631944444444 0.22762345679012347 0.44921875 0.21026234567901234 0.4457465277777778 0.20910493827160495
1 0.4370659722222222 0.09683641975308642 0.4388020833333333 0.11535493827160494 0.4427083333333333 0.11844135802469136 0.44921875 0.11844135802469136 0.4526909722222222 0.1087962962962963 0.4457465277777778 0.09799382716049383 0.4392361111111111 0.09567901234567901
1 0.421875 0.1558641975308642 0.421875 0.16859567901234568 0.4249131944444444 0.1716820987654321 0.4292534722222222 0.1728395061728395 0.4340277777777778 0.16859567901234568 0.4327256944444444 0.16473765432098766 0.4249131944444444 0.1550925925925926
1 0.4865451388888889 0.16898148148148148 0.4874131944444444 0.1739969135802469 0.4908854166666667 0.1743827160493827 0.5065104166666666 0.1705246913580247 0.5091145833333334 0.16820987654320987 0.5095486111111112 0.16473765432098766 0.5065104166666666 0.16049382716049382 0.5030381944444444 0.1597222222222222 0.4904513888888889 0.16319444444444445 0.4878472222222222 0.16512345679012347
1 0.4678819444444444 0.14390432098765432 0.4674479166666667 0.15084876543209877 0.4700520833333333 0.15432098765432098 0.4787326388888889 0.15084876543209877 0.4774305555555556 0.14737654320987653 0.47265625 0.14390432098765432
1 0.4822048611111111 0.14429012345679013 0.4791666666666667 0.14737654320987653 0.4809027777777778 0.15123456790123457 0.4947916666666667 0.14930555555555555 0.4982638888888889 0.14737654320987653 0.4965277777777778 0.14390432098765432 0.4934895833333333 0.1427469135802469 0.4856770833333333 0.1423611111111111
1 0.5559895833333334 0.1716820987654321 0.5538194444444444 0.18287037037037038 0.5572916666666666 0.18287037037037038 0.5625564236111111 0.1799934413580247 0.5734092881944445 0.16379822530864196 0.5603298611111112 0.16396604938271606 0.5594618055555556 0.16820987654320987
1 0.5464409722222222 0.1712962962962963 0.546875 0.17862654320987653 0.5503472222222222 0.18209876543209877 0.5533854166666666 0.18209876543209877 0.5577256944444444 0.16550925925925927 0.5572916666666666 0.16049382716049382 0.5533854166666666 0.16280864197530864
1 0.5260416666666666 0.16512345679012347 0.5238715277777778 0.1716820987654321 0.5251736111111112 0.18209876543209877 0.5290798611111112 0.18248456790123457 0.5329861111111112 0.17862654320987653 0.5329861111111112 0.16820987654320987 0.5321180555555556 0.16473765432098766 0.5295138888888888 0.16319444444444445
1 0.51171875 0.16435185185185186 0.5112847222222222 0.1705246913580247 0.5147569444444444 0.18016975308641975 0.5186631944444444 0.18248456790123457 0.5234375 0.18209876543209877 0.5217013888888888 0.1716820987654321 0.5151909722222222 0.16396604938271606
1 0.11458333333333333 0.44135802469135804 0.11588541666666667 0.4529320987654321 0.12369791666666667 0.46489197530864196 0.13020833333333334 0.46566358024691357 0.14192708333333334 0.4710648148148148 0.1484375 0.4702932098765432 0.15104166666666666 0.46141975308641975 0.14930555555555555 0.4564043209876543 0.14583333333333334 0.45601851851851855 0.1384548611111111 0.4583333333333333 0.1323784722222222 0.45447530864197533 0.12413194444444445 0.4425154320987654 0.11805555555555555 0.44058641975308643
1 0.003472222222222222 0.5243055555555556 0 0.5243055555555556 0 0.5416666666666666 0.008680555555555556 0.5501543209876543 0.010416666666666666 0.5478395061728395 0.011284722222222222 0.5393518518518519 0.015625 0.5316358024691358 0.014756944444444444 0.529320987654321