1 0.9188368055555556 0.9614197530864198 0.9227430555555556 0.9633487654320988 0.9296875 0.9733796296296297 0.9288194444444444 0.9799382716049383 0.9253472222222222 0.9826388888888888 0.9045138888888888 0.9803240740740741 0.8971354166666666 0.9737654320987654 0.8975694444444444 0.970679012345679 0.9053819444444444 0.9695216049382716 0.9149305555555556 0.9610339506172839 0.9184027777777778 0.9614197530864198
1 0.81640625 0.9780092592592593 0.8203125 0.9791666666666666 0.8220486111111112 0.9830246913580247 0.8220486111111112 0.9876543209876543 0.8185763888888888 0.9899691358024691 0.8103298611111112 0.9849537037037037 0.8003472222222222 0.9841820987654321 0.7990451388888888 0.9810956790123457 0.8159722222222222 0.9780092592592593
1 0.6549479166666666 0.9120370370370371 0.6575520833333334 0.9128086419753086 0.6627604166666666 0.9212962962962963 0.6575520833333334 0.9340277777777778 0.6545138888888888 0.9324845679012346 0.6519097222222222 0.9251543209876543 0.6462673611111112 0.9185956790123457 0.6467013888888888 0.9147376543209876 0.6545138888888888 0.9120370370370371
1 0.6271701388888888 0.9077932098765432 0.63671875 0.9131944444444444 0.6401909722222222 0.9112654320987654 0.6432291666666666 0.9178240740740741 0.640625 0.9278549382716049 0.6302083333333334 0.9332561728395061 0.6263020833333334 0.9290123456790124 0.6267361111111112 0.9220679012345679 0.6228298611111112 0.9151234567901234 0.6232638888888888 0.9108796296296297 0.6267361111111112 0.9077932098765432
1 0.6197916666666666 0.9128086419753086 0.6241319444444444 0.9212962962962963 0.6202256944444444 0.935570987654321 0.6167534722222222 0.9332561728395061 0.6124131944444444 0.9228395061728395 0.6141493055555556 0.9147376543209876 0.6193576388888888 0.9128086419753086
1 0.560546875 0.9760802469135802 0.015190972222222222 0.022376543209876542
1 0.54296875 0.9702932098765432 0.5512152777777778 0.9633487654320988 0.5677083333333334 0.9556327160493827 0.5646701388888888 0.9664351851851852 0.5603298611111112 0.9675925925925926 0.5538194444444444 0.9745370370370371 0.5451388888888888 0.9741512345679012 0.5434027777777778 0.970679012345679
1 0.6158854166666666 0.7905092592592593 0.6176215277777778 0.7932098765432098 0.6163194444444444 0.8016975308641975 0.6059027777777778 0.7993827160493827 0.6050347222222222 0.7974537037037037 0.6063368055555556 0.7920524691358025 0.6154513888888888 0.7905092592592593
1 0.8016493055555556 0.6126543209876543 0.82421875 0.6138117283950617 0.8272569444444444 0.6219135802469136 0.82421875 0.6300154320987654 0.8138020833333334 0.6257716049382716 0.8068576388888888 0.6315586419753086 0.8046875 0.6311728395061729 0.8016493055555556 0.6130401234567902
1 0.5295138888888888 0.7743055555555556 0.5364583333333334 0.7754629629629629 0.5416666666666666 0.779320987654321 0.5403645833333334 0.7870370370370371 0.5243055555555556 0.7870370370370371 0.5208333333333334 0.783179012345679 0.5208333333333334 0.779320987654321 0.5290798611111112 0.7746913580246914
1 0.5052083333333334 0.7789351851851852 0.5125868055555556 0.7893518518518519 0.51171875 0.8070987654320988 0.5095486111111112 0.808641975308642 0.5047743055555556 0.8070987654320988 0.5004340277777778 0.7943672839506173 0.5 0.7808641975308642 0.5047743055555556 0.7789351851851852
1 0.4947916666666667 0.7797067901234568 0.4982638888888889 0.7808641975308642 0.5 0.785108024691358 0.5008680555555556 0.7970679012345679 0.4986979166666667 0.808641975308642 0.4943576388888889 0.810570987654321 0.4934895833333333 0.8024691358024691 0.4891493055555556 0.7932098765432098 0.4904513888888889 0.7835648148148148 0.4943576388888889 0.7800925925925926
1 0.3346354166666667 0.9610339506172839 0.33984375 0.9660493827160493 0.3394097222222222 0.9722222222222222 0.3168402777777778 0.9772376543209876 0.3125 0.9756944444444444 0.3168402777777778 0.96875 0.3246527777777778 0.9633487654320988 0.3342013888888889 0.9610339506172839
1 0.2708333333333333 0.9571759259259259 0.2769097222222222 0.9660493827160493 0.2756076388888889 0.9733796296296297 0.2721354166666667 0.9768518518518519 0.2686631944444444 0.9756944444444444 0.265625 0.9679783950617284 0.2508680555555556 0.9699074074074074 0.2456597222222222 0.966820987654321 0.2582465277777778 0.9598765432098766 0.2703993055555556 0.9571759259259259
1 0.2964409722222222 0.8364197530864198 0.3142361111111111 0.8383487654320988 0.3203125 0.841820987654321 0.30859375 0.8576388888888888 0.3059895833333333 0.8649691358024691 0.3012152777777778 0.8661265432098766 0.3012152777777778 0.8452932098765432 0.2964409722222222 0.8402777777777778 0.2964409722222222 0.8368055555555556
1 0.2144097222222222 0.8996913580246914 0.21961805555555555 0.904320987654321 0.22005208333333334 0.9112654320987654 0.21006944444444445 0.9228395061728395 0.2065972222222222 0.9216820987654321 0.20789930555555555 0.910108024691358 0.2105034722222222 0.9008487654320988 0.21397569444444445 0.8996913580246914
1 0.95703125 0.5891203703703703 0.9592013888888888 0.5910493827160493 0.9583333333333334 0.5995370370370371 0.9683159722222222 0.6018518518518519 0.9605034722222222 0.6084104938271605 0.96484375 0.6134259259259259 0.9644097222222222 0.6161265432098766 0.9587673611111112 0.6203703703703703 0.9392361111111112 0.6122685185185185 0.93359375 0.6049382716049383 0.9353298611111112 0.5972222222222222 0.9422743055555556 0.591820987654321 0.9565972222222222 0.5891203703703703
1 0.7586805555555556 0.6986882716049383 0.7621527777777778 0.6994598765432098 0.7664930555555556 0.7110339506172839 0.7582465277777778 0.716820987654321 0.7521701388888888 0.7133487654320988 0.7513020833333334 0.7064043209876543 0.7556423611111112 0.7040895061728395 0.7582465277777778 0.6990740740740741
1 0.6896701388888888 0.5783179012345679 0.6966145833333334 0.5810185185185185 0.7105034722222222 0.591820987654321 0.7044270833333334 0.5949074074074074 0.6922743055555556 0.5925925925925926 0.6848958333333334 0.595679012345679 0.6788194444444444 0.5945216049382716 0.6753472222222222 0.5837191358024691 0.6788194444444444 0.5794753086419753 0.6892361111111112 0.5783179012345679
1 0.5907118055555556 0.6018518518518519 0.5967881944444444 0.6045524691358025 0.5959201388888888 0.6114969135802469 0.5828993055555556 0.6064814814814815 0.5794270833333334 0.6080246913580247 0.5785590277777778 0.6138117283950617 0.5737847222222222 0.6107253086419753 0.5707465277777778 0.6022376543209876 0.5902777777777778 0.6018518518518519
1 0.4361979166666667 0.6716820987654321 0.4392361111111111 0.6755401234567902 0.4392361111111111 0.6813271604938271 0.4266493055555556 0.691358024691358 0.4171006944444444 0.6890432098765432 0.41796875 0.6859567901234568 0.4279513888888889 0.6747685185185185 0.4357638888888889 0.6716820987654321
1 0.9214409722222222 0.3549382716049383 0.9223090277777778 0.3626543209876543 0.9144965277777778 0.373070987654321 0.9058159722222222 0.3742283950617284 0.90234375 0.36959876543209874 0.9027777777777778 0.36651234567901236 0.9097222222222222 0.35802469135802467 0.9210069444444444 0.35532407407407407
1 0.9353298611111112 0.3275462962962963 0.9526909722222222 0.33024691358024694 0.9565972222222222 0.3290895061728395 0.9622395833333334 0.33757716049382713 0.9743923611111112 0.33834876543209874 0.9761284722222222 0.34066358024691357 0.9670138888888888 0.35108024691358025 0.9427083333333334 0.35300925925925924 0.9435763888888888 0.3452932098765432 0.9409722222222222 0.33449074074074076 0.9353298611111112 0.3279320987654321
1 0.4461805555555556 0.36651234567901236 0.4526909722222222 0.3800154320987654 0.4466145833333333 0.3869598765432099 0.4396701388888889 0.38850308641975306 0.4249131944444444 0.3869598765432099 0.4079861111111111 0.3800154320987654 0.4175347222222222 0.373070987654321 0.4392361111111111 0.3753858024691358 0.4427083333333333 0.3680555555555556 0.4457465277777778 0.36651234567901236
1 0.48046875 0.19984567901234568 0.48828125 0.21334876543209877 0.4782986111111111 0.21450617283950618 0.4674479166666667 0.21296296296296297 0.46875 0.20717592592592593 0.4756944444444444 0.20601851851851852 0.48046875 0.20023148148148148
1 0.3415798611111111 0.7029320987654321 0.359375 0.7029320987654321 0.3624131944444444 0.7064043209876543 0.3611111111111111 0.7098765432098766 0.3541666666666667 0.7098765432098766 0.34765625 0.714891975308642 0.3446180555555556 0.7137345679012346 0.3415798611111111 0.7033179012345679
1 0.3576388888888889 0.6759259259259259 0.359375 0.6793981481481481 0.3567708333333333 0.6867283950617284 0.3415798611111111 0.6948302469135802 0.3376736111111111 0.6948302469135802 0.3355034722222222 0.6925154320987654 0.3433159722222222 0.6786265432098766 0.3572048611111111 0.6759259259259259
1 0.2026909722222222 0.8954475308641975 0.2092013888888889 0.8977623456790124 0.21006944444444445 0.9035493827160493 0.20616319444444445 0.9093364197530864 0.19270833333333334 0.9182098765432098 0.1974826388888889 0.9008487654320988 0.2026909722222222 0.8958333333333334
1 0.2981770833333333 0.6701388888888888 0.3072916666666667 0.6751543209876543 0.3090277777777778 0.6786265432098766 0.3016493055555556 0.6832561728395061 0.2942708333333333 0.6948302469135802 0.2816840277777778 0.6890432098765432 0.2786458333333333 0.6782407407407407 0.2860243055555556 0.6701388888888888 0.2890625 0.6716820987654321 0.2977430555555556 0.6701388888888888
1 0.13368055555555555 0.6736111111111112 0.1480034722222222 0.6751543209876543 0.14756944444444445 0.6790123456790124 0.1401909722222222 0.6890432098765432 0.1193576388888889 0.6952160493827161 0.1154513888888889 0.6940586419753086 0.11588541666666667 0.683641975308642 0.1193576388888889 0.6786265432098766 0.1267361111111111 0.6782407407407407 0.1332465277777778 0.6739969135802469
1 0.1987847222222222 0.4251543209876543 0.2052951388888889 0.42746913580246915 0.21875 0.4425154320987654 0.2170138888888889 0.4444444444444444 0.203125 0.44290123456790126 0.203125 0.4351851851851852 0.1987847222222222 0.4255401234567901
1 0.2864583333333333 0.29282407407407407 0.2981770833333333 0.3001543209876543 0.2938368055555556 0.30324074074074076 0.2951388888888889 0.31790123456790126 0.2934027777777778 0.32098765432098764 0.2825520833333333 0.3109567901234568 0.2760416666666667 0.29899691358024694 0.27734375 0.2932098765432099 0.2860243055555556 0.29282407407407407
1 0.2625868055555556 0.2804783950617284 0.2677951388888889 0.283179012345679 0.2747395833333333 0.2932098765432099 0.2743055555555556 0.29976851851851855 0.26953125 0.3028549382716049 0.2660590277777778 0.30169753086419754 0.2612847222222222 0.29552469135802467 0.2591145833333333 0.2816358024691358 0.2621527777777778 0.2804783950617284
1 0.3580729166666667 0.2330246913580247 0.012152777777777778 0.022376543209876542
1 0.3203125 0.7029320987654321 0.3363715277777778 0.7029320987654321 0.3376736111111111 0.7064043209876543 0.3315972222222222 0.7160493827160493 0.328125 0.7106481481481481 0.3177083333333333 0.714891975308642 0.3203125 0.7033179012345679
1 0.3350694444444444 0.6732253086419753 0.3402777777777778 0.6751543209876543 0.3420138888888889 0.6786265432098766 0.3381076388888889 0.6925154320987654 0.3346354166666667 0.6956018518518519 0.328125 0.6932870370370371 0.3259548611111111 0.6820987654320988 0.328125 0.6736111111111112 0.3346354166666667 0.6732253086419753
1 0.4596354166666667 0.15123456790123457 0.4678819444444444 0.1709104938271605 0.4644097222222222 0.18055555555555555 0.4600694444444444 0.18209876543209877 0.4505208333333333 0.1716820987654321 0.4552951388888889 0.15393518518518517 0.4592013888888889 0.15162037037037038
1 0.5594618055555556 0.09722222222222222 0.5711805555555556 0.10609567901234568 0.5590277777777778 0.10570987654320987 0.5555555555555556 0.09876543209876543 0.5568576388888888 0.09645061728395062 0.5590277777777778 0.09722222222222222
1 0.4526909722222222 0.11033950617283951 0.4600694444444444 0.11265432098765432 0.4665798611111111 0.11959876543209877 0.4665798611111111 0.12307098765432099 0.4639756944444444 0.1246141975308642 0.4526909722222222 0.12307098765432099 0.4474826388888889 0.11959876543209877 0.4526909722222222 0.11072530864197531
1 0.5473090277777778 0.07368827160493827 0.5516493055555556 0.0775462962962963 0.5512152777777778 0.08140432098765432 0.5434027777777778 0.08719135802469136 0.5386284722222222 0.08487654320987655 0.5373263888888888 0.0779320987654321 0.5416666666666666 0.07368827160493827 0.546875 0.07368827160493827
1 0.20616319444444445 0.6797839506172839 0.20833333333333334 0.6875 0.19921875 0.6975308641975309 0.19140625 0.6959876543209876 0.1948784722222222 0.685570987654321 0.1996527777777778 0.6801697530864198 0.20572916666666666 0.6797839506172839
1 0.2916666666666667 0.45871913580246915 0.29296875 0.470679012345679 0.2855902777777778 0.48032407407407407 0.2894965277777778 0.49189814814814814 0.2808159722222222 0.4861111111111111 0.2756076388888889 0.4876543209876543 0.2756076388888889 0.47955246913580246 0.2634548611111111 0.47955246913580246 0.2621527777777778 0.47723765432098764 0.2747395833333333 0.46219135802469136 0.2912326388888889 0.45871913580246915
1 0.11328125 0.7766203703703703 0.11848958333333333 0.7820216049382716 0.1189236111111111 0.7866512345679012 0.11197916666666667 0.8005401234567902 0.10677083333333333 0.8036265432098766 0.1032986111111111 0.8024691358024691 0.10546875 0.7874228395061729 0.11284722222222222 0.7766203703703703
1 0.4926215277777778 0.0777391975308642 0.010416666666666666 0.019675925925925927
1 0.02734375 0.7800925925925926 0.031684027777777776 0.7827932098765432 0.03819444444444445 0.7928240740740741 0.03211805555555555 0.7943672839506173 0.029513888888888888 0.7974537037037037 0.022569444444444444 0.7939814814814815 0.01171875 0.7951388888888888 0.010416666666666666 0.7932098765432098 0.009982638888888888 0.7858796296296297 0.026909722222222224 0.7800925925925926
1 0 0.5111882716049383 0.004340277777777778 0.5131172839506173 0.0078125 0.5239197530864198 0.020399305555555556 0.5258487654320988 0.010850694444444444 0.5489969135802469 0.008246527777777778 0.5497685185185185 0.0030381944444444445 0.5470679012345679 0 0.5443672839506173 0 0.5115740740740741
1 0.022569444444444444 0.4185956790123457 0.036458333333333336 0.4209104938271605 0.038628472222222224 0.42669753086419754 0.03689236111111111 0.43132716049382713 0.019097222222222224 0.42862654320987653 0.016493055555555556 0.4251543209876543 0.017361111111111112 0.4216820987654321 0.022135416666666668 0.4185956790123457
1 0.5399305555555556 0.05941358024691358 0.5416666666666666 0.07214506172839506 0.5364583333333334 0.08024691358024691 0.53125 0.07098765432098765 0.5360243055555556 0.059027777777777776 0.5394965277777778 0.05941358024691358
1 0.5503472222222222 0.05092592592592592 0.5542534722222222 0.05324074074074074 0.5572916666666666 0.050540123456790126 0.5590277777777778 0.05285493827160494 0.5607638888888888 0.06172839506172839 0.5577256944444444 0.06442901234567901 0.5460069444444444 0.06404320987654322 0.5421006944444444 0.06172839506172839 0.5425347222222222 0.05864197530864197 0.5499131944444444 0.05092592592592592
1 0.24479166666666666 0.2619598765432099 0.2417534722222222 0.279320987654321 0.23914930555555555 0.2804783950617284 0.2287326388888889 0.2797067901234568 0.2287326388888889 0.27546296296296297 0.2339409722222222 0.2673611111111111 0.2443576388888889 0.2619598765432099
1 0.2144097222222222 0.26774691358024694 0.22743055555555555 0.27276234567901236 0.22786458333333334 0.279320987654321 0.2204861111111111 0.2808641975308642 0.21571180555555555 0.279320987654321 0.2109375 0.27237654320987653 0.21006944444444445 0.2689043209876543 0.21397569444444445 0.26774691358024694
1 0.2547743055555556 0.1419753086419753 0.2634548611111111 0.15432098765432098 0.2556423611111111 0.1566358024691358 0.2508680555555556 0.1554783950617284 0.2547743055555556 0.1423611111111111
1 0.2638888888888889 0.15432098765432098 0.2725694444444444 0.13348765432098766 0.2821180555555556 0.15432098765432098 0.2643229166666667 0.15470679012345678
1 0.4010416666666667 0.06790123456790123 0.4092881944444444 0.0783179012345679 0.4075520833333333 0.08564814814814815 0.4032118055555556 0.08487654320987655 0.3997395833333333 0.08140432098765432 0.3975694444444444 0.06944444444444445 0.4006076388888889 0.06790123456790123
1 0.4327256944444444 0.059799382716049385 0.4357638888888889 0.062114197530864196 0.4422743055555556 0.05594135802469136 0.4457465277777778 0.05709876543209876 0.4466145833333333 0.07137345679012345 0.4435763888888889 0.07716049382716049 0.4401041666666667 0.0787037037037037 0.4331597222222222 0.0779320987654321 0.4309895833333333 0.07445987654320987 0.4322916666666667 0.059799382716049385
1 0.3450520833333333 0.0625 0.3511284722222222 0.06790123456790123 0.3546006944444444 0.07523148148148148 0.3498263888888889 0.08333333333333333 0.3420138888888889 0.08603395061728394 0.3350694444444444 0.0779320987654321 0.3415798611111111 0.07291666666666667 0.3415798611111111 0.06404320987654322 0.3446180555555556 0.0625
1 0.3511284722222222 0.06751543209876543 0.3528645833333333 0.060570987654320986 0.3559027777777778 0.05787037037037037 0.3619791666666667 0.06790123456790123 0.3611111111111111 0.07445987654320987 0.3589409722222222 0.07677469135802469 0.3550347222222222 0.07677469135802469 0.3515625 0.06790123456790123
1 0.4874131944444444 0.03009259259259259 0.4917534722222222 0.030864197530864196 0.4943576388888889 0.03780864197530864 0.4930555555555556 0.05015432098765432 0.4865451388888889 0.050540123456790126 0.4874131944444444 0.030478395061728395
1 0.46168619791666665 0.028696373456790124 0.46109027777777783 0.036772376543209875 0.4634739583333334 0.04167052469135803 0.4707738715277778 0.04365625 0.4789674479166666 0.045377314814814815 0.4776267361111111 0.04021412037037037 0.47032682291666666 0.036904706790123455 0.46853906249999994 0.027769675925925927 0.4696180555555556 0.022762345679012346 0.4654105902777778 0.02260686728395062 0.4637717013888889 0.023930555555555556 0.46302690972222227 0.02538695987654321
1 0.4548611111111111 0.02854938271604938 0.453125 0.03279320987654321 0.4548611111111111 0.03780864197530864 0.4578993055555556 0.03973765432098766 0.4618055555555556 0.03973765432098766 0.4626736111111111 0.03587962962962963 0.4593025173611111 0.022739197530864196 0.4565972222222222 0.025848765432098766
1 0.3958333333333333 0.27662037037037035 0.3953993055555556 0.2800925925925926 0.3993055555555556 0.2827932098765432 0.4214409722222222 0.2827932098765432 0.4236111111111111 0.2808641975308642 0.4231770833333333 0.2777777777777778 0.4188368055555556 0.27546296296296297 0.4144965277777778 0.27584876543209874 0.4075520833333333 0.279320987654321 0.3975694444444444 0.27469135802469136
1 0.3697916666666667 0.35455246913580246 0.3728298611111111 0.3591820987654321 0.3793402777777778 0.3591820987654321 0.3776041666666667 0.35532407407407407
1 0.4197048611111111 0.9945987654320988 0.4192708333333333 0.9996141975308642 0.4405381944444444 0.9996141975308642 0.4388020833333333 0.9915123456790124 0.4357638888888889 0.9899691358024691 0.421875 0.9903549382716049
1 0.4544270833333333 0.9660493827160493 0.4535590277777778 0.9772376543209876 0.4552951388888889 0.9830246913580247 0.45703125 0.9853395061728395 0.4605034722222222 0.9857253086419753 0.4622395833333333 0.9841820987654321 0.4631076388888889 0.970679012345679 0.4600694444444444 0.9660493827160493
1 0.4392361111111111 0.9783950617283951 0.4396701388888889 0.9849537037037037 0.4509548611111111 0.9764660493827161 0.4526909722222222 0.9722222222222222 0.4518229166666667 0.9664351851851852 0.4422743055555556 0.966820987654321
1 0.5607638888888888 0.16435185185185186 0.5522322048611111 0.1818888888888889 0.5563893229166667 0.18324344135802467 0.5603298611111112 0.18016975308641975 0.5638020833333334 0.17669753086419754 0.5668402777777778 0.16550925925925927 0.5646701388888888 0.16358024691358025
1 0.5464409722222222 0.1712962962962963 0.5464409722222222 0.17669753086419754 0.5503472222222222 0.18132716049382716 0.5516493055555556 0.18094135802469136 0.5574982638888889 0.16994367283950618 0.5597152777777779 0.16181597222222224 0.5568576388888888 0.16242283950617284 0.5507078993055555 0.16735763888888888
1 0.5230034722222222 0.16859567901234568 0.5238715277777778 0.17978395061728394 0.5256076388888888 0.18209876543209877 0.5295138888888888 0.18132716049382716 0.5325520833333334 0.17708333333333334 0.5295138888888888 0.16126543209876543 0.5260416666666666 0.16165123456790123
1 0.5078125 0.16165123456790123 0.51190625 0.16674189814814813 0.5123216145833333 0.17191396604938272 0.5143229166666666 0.17824074074074073 0.5190972222222222 0.18016975308641975 0.5243055555555556 0.18016975308641975 0.5225694444444444 0.1716820987654321 0.5151909722222222 0.16396604938271606
1 0.4611519097222222 0.19050887345679013 0.4689123263888889 0.18903124999999998 0.46877387152777783 0.19469598765432097 0.47154513888888894 0.1960505401234568 0.47459418402777775 0.1877997685185185 0.4839409722222222 0.18441358024691357 0.4852430555555556 0.18248456790123457 0.484375 0.17746913580246915 0.4765625 0.17862654320987653 0.4735243055555556 0.17746913580246915
1 0.4739583333333333 0.1720679012345679 0.4739583333333333 0.17669753086419754 0.4809027777777778 0.18209876543209877 0.4835069444444444 0.18094135802469136 0.4852430555555556 0.1743827160493827 0.4817708333333333 0.16358024691358025 0.4761284722222222 0.16473765432098766
1 0.3893229166666667 0.16473765432098766 0.3897569444444444 0.17862654320987653 0.3936631944444444 0.18248456790123457 0.3975694444444444 0.18287037037037038 0.3997395833333333 0.17901234567901234 0.3975694444444444 0.16859567901234568 0.3936631944444444 0.16319444444444445 0.390625 0.16242283950617284
1 0.4001736111111111 0.1705246913580247 0.3993055555555556 0.18209876543209877 0.4010416666666667 0.18479938271604937 0.4049479166666667 0.18287037037037038 0.4091506076388889 0.17188541666666665 0.4118923611111111 0.16782407407407407 0.4079861111111111 0.16473765432098766 0.4053819444444444 0.16512345679012347
1 0.4223090277777778 0.15432098765432098 0.4227430555555556 0.16898148148148148 0.4249131944444444 0.1728395061728395 0.4288194444444444 0.1739969135802469 0.4327256944444444 0.1716820987654321 0.4322916666666667 0.16473765432098766 0.4262152777777778 0.1558641975308642
1 0.4453125 0.21219135802469136 0.4453125 0.22067901234567902 0.4405381944444444 0.22723765432098766 0.4561631944444444 0.23070987654320987 0.45703125 0.22723765432098766 0.4518229166666667 0.21720679012345678 0.4509548611111111 0.21026234567901234 0.4466145833333333 0.20987654320987653
1 0.4357638888888889 0.23070987654320987 0.4383680555555556 0.2341820987654321 0.4340277777777778 0.24112654320987653 0.4331597222222222 0.24459876543209877 0.4348958333333333 0.24575617283950618 0.4496527777777778 0.2368827160493827 0.4565972222222222 0.23070987654320987 0.4535590277777778 0.22723765432098766 0.44140625 0.22839506172839505
1 0.1193576388888889 0.3680555555555556 0.11848958333333333 0.3699845679012346 0.12196180555555555 0.373070987654321 0.13758680555555555 0.38348765432098764 0.1440972222222222 0.38425925925925924 0.1457417534722222 0.3846940586419753 0.14630815972222222 0.3826813271604938 0.1472990451388889 0.38016512345679015 0.14390147569444445 0.37878125 0.1410590277777778 0.37191358024691357 0.13671875 0.37191358024691357 0.1228298611111111 0.36728395061728397
1 0.14192708333333334 0.3699845679012346 0.13932291666666666 0.37962962962962965 0.140625 0.38348765432098764 0.1519097222222222 0.38348765432098764 0.15364583333333334 0.3784722222222222 0.1480034722222222 0.36574074074074076 0.1440972222222222 0.3653549382716049
1 0.18880208333333334 0.373070987654321 0.1814236111111111 0.3753858024691358 0.1714409722222222 0.373070987654321 0.1714409722222222 0.375 0.1875 0.3869598765432099 0.1948784722222222 0.3869598765432099 0.1935763888888889 0.3765432098765432
1 0.1840277777777778 0.3761574074074074 0.19203385416666668 0.3804166666666666 0.19854600694444444 0.3865810185185185 0.2109375 0.3869598765432099 0.21006944444444445 0.3819444444444444 0.203125 0.3757716049382716 0.1879340277777778 0.3726851851851852
1 0.08984375 0.3645833333333333 0.08897569444444445 0.37191358024691357 0.09114583333333333 0.38155864197530864 0.08940972222222222 0.38348765432098764 0.0915798611111111 0.38387345679012347 0.09852430555555555 0.38233024691358025 0.1015625 0.3800154320987654 0.10286458333333333 0.373070987654321 0.09505208333333333 0.36419753086419754 0.0915798611111111 0.3626543209876543
1 0.07769097222222222 0.3645833333333333 0.07769097222222222 0.373070987654321 0.0798611111111111 0.3792438271604938 0.0842013888888889 0.3846450617283951 0.08854166666666667 0.3869598765432099 0.09244791666666667 0.38348765432098764 0.08854166666666667 0.36766975308641975
1 0.04991319444444445 0.36612654320987653 0.048177083333333336 0.36921296296296297 0.04861111111111111 0.3765432098765432 0.053385416666666664 0.38657407407407407 0.057291666666666664 0.3881172839506173 0.06076388888888889 0.38348765432098764 0.06163194444444445 0.376929012345679 0.05772569444444445 0.37037037037037035
1 0.022569444444444444 0.36072530864197533 0.021701388888888888 0.36651234567901236 0.023871527777777776 0.36959876543209874 0.024305555555555556 0.3765432098765432 0.029513888888888888 0.38040123456790126 0.038628472222222224 0.38040123456790126 0.04079861111111111 0.3726851851851852 0.03428819444444445 0.36226851851851855 0.029513888888888888 0.3584104938271605
1 0.1150173611111111 0.44135802469135804 0.11588541666666667 0.4533179012345679 0.12239583333333333 0.46412037037037035 0.125 0.4652777777777778 0.1332465277777778 0.46489197530864196 0.1345486111111111 0.46141975308641975 0.1332465277777778 0.4564043209876543 0.12413194444444445 0.4425154320987654 0.11762152777777778 0.44058641975308643
1 0.1371527777777778 0.46489197530864196 0.13671875 0.466820987654321 0.14366319444444445 0.4729938271604938 0.1579861111111111 0.47530864197530864 0.1579861111111111 0.47337962962962965 0.15234375 0.4710648148148148 0.1506076388888889 0.45871913580246915 0.14366319444444445 0.45987654320987653 0.1384548611111111 0.46257716049382713
1 0.8146701388888888 0.7920524691358025 0.8138020833333334 0.7932098765432098 0.8194444444444444 0.7974537037037037 0.82421875 0.8001543209876543 0.8263888888888888 0.7989969135802469 0.8268229166666666 0.7959104938271605 0.8246527777777778 0.7920524691358025 0.8190104166666666 0.7908950617283951
1 0.8315972222222222 0.7091049382716049 0.8311631944444444 0.7106481481481481 0.8355034722222222 0.7145061728395061 0.8368055555555556 0.7098765432098766
1 0.4175347222222222 0.1739969135802469 0.4166666666666667 0.17515432098765432 0.4184027777777778 0.17824074074074073 0.4262152777777778 0.18518518518518517 0.43359375 0.1875 0.4357638888888889 0.18981481481481483 0.4431423611111111 0.18325617283950618 0.4422743055555556 0.17515432098765432 0.43359375 0.1739969135802469 0.4253472222222222 0.17554012345679013
1 0.4375 0.09760802469135803 0.4388020833333333 0.11574074074074074 0.4427083333333333 0.11882716049382716 0.4483506944444444 0.11921296296296297 0.4526909722222222 0.1091820987654321 0.4453125 0.09876543209876543 0.4396701388888889 0.09683641975308642
1 0.4774305555555556 0.059027777777777776 0.4761284722222222 0.06018518518518518 0.4774305555555556 0.06442901234567901 0.4813368055555556 0.06365740740740741 0.4839409722222222 0.06095679012345679 0.4817708333333333 0.05787037037037037