1 0.91796875 0.9610339506172839 0.9288194444444444 0.9702932098765432 0.9296875 0.9760802469135802 0.9288194444444444 0.9780092592592593 0.9127604166666666 0.9814814814814815 0.9036458333333334 0.9807098765432098 0.8967013888888888 0.9737654320987654 0.8967013888888888 0.9702932098765432 0.9049479166666666 0.9695216049382716 0.9118923611111112 0.9625771604938271 0.9175347222222222 0.9610339506172839
1 0.8177083333333334 0.9783950617283951 0.8216145833333334 0.9830246913580247 0.8216145833333334 0.9884259259259259 0.8190104166666666 0.9911265432098766 0.8107638888888888 0.9845679012345679 0.7999131944444444 0.9845679012345679 0.8016493055555556 0.9795524691358025 0.8172743055555556 0.9783950617283951
1 0.9535590277777778 0.5945216049382716 0.9587673611111112 0.5952932098765432 0.9635416666666666 0.5933641975308642 0.96484375 0.5949074074074074 0.9592013888888888 0.6060956790123457 0.9652777777777778 0.6161265432098766 0.9565972222222222 0.6203703703703703 0.9388020833333334 0.6122685185185185 0.93359375 0.6057098765432098 0.9361979166666666 0.5952932098765432 0.9427083333333334 0.5933641975308642 0.953125 0.5945216049382716
1 0.65625 0.9124228395061729 0.6636284722222222 0.9216820987654321 0.6575520833333334 0.933641975308642 0.6540798611111112 0.9324845679012346 0.6519097222222222 0.9270833333333334 0.64453125 0.9216820987654321 0.6462673611111112 0.9174382716049383 0.6558159722222222 0.9124228395061729
1 0.6193576388888888 0.9124228395061729 0.6236979166666666 0.9178240740740741 0.6206597222222222 0.935570987654321 0.6171875 0.9344135802469136 0.6119791666666666 0.9216820987654321 0.6141493055555556 0.9147376543209876 0.6189236111111112 0.9128086419753086
1 0.7593315972222222 0.7079475308641975 0.016927083333333332 0.017746913580246913
1 0.6158854166666666 0.7905092592592593 0.6176215277777778 0.7924382716049383 0.6158854166666666 0.8020833333333334 0.6098090277777778 0.7993827160493827 0.6059027777777778 0.8001543209876543 0.6050347222222222 0.7982253086419753 0.6067708333333334 0.7916666666666666 0.6154513888888888 0.7905092592592593
1 0.8103298611111112 0.6118827160493827 0.8259548611111112 0.6126543209876543 0.8289930555555556 0.6176697530864198 0.8276909722222222 0.623070987654321 0.8207465277777778 0.626929012345679 0.8072916666666666 0.6242283950617284 0.8003472222222222 0.6284722222222222 0.7999131944444444 0.6126543209876543 0.8098958333333334 0.6118827160493827
1 0.5529513888888888 0.9807098765432098 0.5590277777777778 0.9679783950617284 0.5642361111111112 0.964891975308642 0.5672743055555556 0.96875 0.5646701388888888 0.9807098765432098 0.5603298611111112 0.9868827160493827 0.5559895833333334 0.9857253086419753 0.5533854166666666 0.9810956790123457
1 0.5451388888888888 0.966820987654321 0.5681423611111112 0.9560185185185185 0.5646701388888888 0.9664351851851852 0.5538194444444444 0.9756944444444444 0.5503472222222222 0.9764660493827161 0.5434027777777778 0.9737654320987654 0.5425347222222222 0.9702932098765432 0.5451388888888888 0.9672067901234568
1 0.4583333333333333 0.9656635802469136 0.4631076388888889 0.9722222222222222 0.4600694444444444 0.9861111111111112 0.4561631944444444 0.9841820987654321 0.4526909722222222 0.9776234567901234 0.4487847222222222 0.9776234567901234 0.4431423611111111 0.9841820987654321 0.4388020833333333 0.9845679012345679 0.4418402777777778 0.9683641975308642 0.4461805555555556 0.9660493827160493 0.4578993055555556 0.9656635802469136
1 0.5334201388888888 0.7743055555555556 0.5412326388888888 0.7789351851851852 0.5421006944444444 0.7839506172839507 0.5394965277777778 0.7874228395061729 0.5260416666666666 0.7881944444444444 0.5212673611111112 0.783179012345679 0.5217013888888888 0.779320987654321 0.5256076388888888 0.7758487654320988 0.5329861111111112 0.7743055555555556
1 0.4995659722222222 0.779320987654321 0.5082465277777778 0.7820216049382716 0.5121527777777778 0.7889660493827161 0.51171875 0.8078703703703703 0.5078125 0.8082561728395061 0.5008680555555556 0.7951388888888888 0.4995659722222222 0.7797067901234568
1 0.4969618055555556 0.7804783950617284 0.4995659722222222 0.7843364197530864 0.5004340277777778 0.7932098765432098 0.4982638888888889 0.8090277777777778 0.4917534722222222 0.8074845679012346 0.4887152777777778 0.7932098765432098 0.4913194444444444 0.7816358024691358 0.4965277777777778 0.7804783950617284
1 0.3350694444444444 0.9614197530864198 0.3402777777777778 0.966820987654321 0.3394097222222222 0.9718364197530864 0.3181423611111111 0.9772376543209876 0.3125 0.9772376543209876 0.3129340277777778 0.9737654320987654 0.3190104166666667 0.9672067901234568 0.3255208333333333 0.9629629629629629 0.3346354166666667 0.9614197530864198
1 0.26953125 0.9564043209876543 0.27734375 0.966820987654321 0.2725694444444444 0.9772376543209876 0.2690972222222222 0.9764660493827161 0.2651909722222222 0.9675925925925926 0.2482638888888889 0.9695216049382716 0.24522569444444445 0.966820987654321 0.2690972222222222 0.9564043209876543
1 0.2990451388888889 0.8368055555555556 0.3142361111111111 0.8383487654320988 0.3203125 0.8414351851851852 0.3198784722222222 0.8449074074074074 0.3155381944444444 0.8472222222222222 0.3042534722222222 0.8665123456790124 0.3003472222222222 0.8653549382716049 0.3012152777777778 0.8449074074074074 0.2960069444444444 0.8391203703703703 0.2960069444444444 0.8371913580246914 0.2986111111111111 0.8368055555555556
1 0.2144097222222222 0.9000771604938271 0.21961805555555555 0.904320987654321 0.22005208333333334 0.9112654320987654 0.21006944444444445 0.9228395061728395 0.2065972222222222 0.9216820987654321 0.2074652777777778 0.9120370370370371 0.21006944444444445 0.9016203703703703 0.21397569444444445 0.9000771604938271
1 0.6901041666666666 0.5790895061728395 0.7013888888888888 0.5848765432098766 0.7061631944444444 0.5952932098765432 0.6922743055555556 0.5929783950617284 0.6848958333333334 0.595679012345679 0.6788194444444444 0.5952932098765432 0.6753472222222222 0.5833333333333334 0.6783854166666666 0.5798611111111112 0.6896701388888888 0.5790895061728395
1 0.5881076388888888 0.6018518518518519 0.5989583333333334 0.6041666666666666 0.5989583333333334 0.6107253086419753 0.5954861111111112 0.6126543209876543 0.5915798611111112 0.6091820987654321 0.5815972222222222 0.6099537037037037 0.57421875 0.6053240740740741 0.57421875 0.6018518518518519 0.5876736111111112 0.6018518518518519
1 0.4357638888888889 0.6716820987654321 0.4396701388888889 0.6766975308641975 0.4392361111111111 0.6817129629629629 0.4283854166666667 0.691358024691358 0.4253472222222222 0.6917438271604939 0.4175347222222222 0.6890432098765432 0.4270833333333333 0.6759259259259259 0.4353298611111111 0.6716820987654321
1 0.3567708333333333 0.6759259259259259 0.3589409722222222 0.6770833333333334 0.3576388888888889 0.685570987654321 0.3454861111111111 0.6929012345679012 0.3411458333333333 0.6925154320987654 0.34375 0.6790123456790124 0.3563368055555556 0.6759259259259259
1 0.3359375 0.6736111111111112 0.3428819444444444 0.6790123456790124 0.33984375 0.6851851851851852 0.3420138888888889 0.6925154320987654 0.3355034722222222 0.6956018518518519 0.3311631944444444 0.6956018518518519 0.328125 0.6929012345679012 0.3263888888888889 0.6832561728395061 0.328125 0.6739969135802469 0.3311631944444444 0.6724537037037037 0.3355034722222222 0.6736111111111112
1 0.20008680555555555 0.8973765432098766 0.20616319444444445 0.8954475308641975 0.2105034722222222 0.9004629629629629 0.2065972222222222 0.9093364197530864 0.1957465277777778 0.9178240740740741 0.19227430555555555 0.9182098765432098 0.20008680555555555 0.8977623456790124
1 0.296875 0.6689814814814815 0.3081597222222222 0.6751543209876543 0.3103298611111111 0.6786265432098766 0.3051215277777778 0.6797839506172839 0.3012152777777778 0.683641975308642 0.2964409722222222 0.6936728395061729 0.2921006944444444 0.6948302469135802 0.2829861111111111 0.6905864197530864 0.2786458333333333 0.6805555555555556 0.2834201388888889 0.6709104938271605 0.2860243055555556 0.6693672839506173 0.2934027777777778 0.6712962962962963 0.2964409722222222 0.6693672839506173
1 0.1306423611111111 0.9517746913580247 0.13671875 0.9537037037037037 0.13758680555555555 0.9633487654320988 0.1328125 0.9733796296296297 0.12369791666666667 0.9780092592592593 0.1193576388888889 0.9629629629629629 0.12586805555555555 0.9533179012345679 0.13020833333333334 0.9517746913580247
1 0.20442708333333334 0.6793981481481481 0.20833333333333334 0.6824845679012346 0.20833333333333334 0.6878858024691358 0.1974826388888889 0.6979166666666666 0.1931423611111111 0.6975308641975309 0.19140625 0.6952160493827161 0.1970486111111111 0.6820987654320988 0.20399305555555555 0.6793981481481481
1 0.921875 0.3549382716049383 0.9227430555555556 0.3626543209876543 0.9114583333333334 0.3746141975308642 0.9040798611111112 0.3726851851851852 0.9027777777777778 0.36612654320987653 0.9105902777777778 0.35725308641975306 0.9214409722222222 0.3549382716049383
1 0.953125 0.33217592592592593 0.95703125 0.33294753086419754 0.9631076388888888 0.33834876543209874 0.9752604166666666 0.33912037037037035 0.9756944444444444 0.3422067901234568 0.9709201388888888 0.3487654320987654 0.9544270833333334 0.35378086419753085 0.9427083333333334 0.35300925925925924 0.9422743055555556 0.34837962962962965 0.94921875 0.33449074074074076 0.9526909722222222 0.3325617283950617
1 0.2916666666666667 0.4583333333333333 0.29296875 0.470679012345679 0.2860243055555556 0.4799382716049383 0.2894965277777778 0.49228395061728397 0.2829861111111111 0.4868827160493827 0.2760416666666667 0.4880401234567901 0.2756076388888889 0.48032407407407407 0.2643229166666667 0.4799382716049383 0.2630208333333333 0.47685185185185186 0.2747395833333333 0.46141975308641975 0.2912326388888889 0.4583333333333333
1 0.2013888888888889 0.4425154320987654 0.19835069444444445 0.43016975308641975 0.1996527777777778 0.42746913580246915 0.20572916666666666 0.42592592592592593 0.21875 0.44328703703703703 0.2131076388888889 0.4444444444444444 0.20182291666666666 0.4425154320987654
1 0.2873263888888889 0.2932098765432099 0.2986111111111111 0.3001543209876543 0.2938368055555556 0.30478395061728397 0.2947048611111111 0.31867283950617287 0.29296875 0.32098765432098764 0.2825520833333333 0.3109567901234568 0.2764756944444444 0.3005401234567901 0.2786458333333333 0.2932098765432099 0.2868923611111111 0.2932098765432099
1 0.1371527777777778 0.6739969135802469 0.1488715277777778 0.6751543209876543 0.140625 0.6890432098765432 0.13368055555555555 0.6925154320987654 0.12369791666666667 0.6925154320987654 0.1171875 0.6956018518518519 0.11458333333333333 0.6932870370370371 0.11631944444444445 0.6824845679012346 0.12977430555555555 0.6747685185185185 0.13671875 0.6739969135802469
1 0.1870659722222222 0.3707561728395062 0.2065972222222222 0.3773148148148148 0.2113715277777778 0.38348765432098764 0.21006944444444445 0.3881172839506173 0.19270833333333334 0.3873456790123457 0.1736111111111111 0.3800154320987654 0.17578125 0.3765432098765432 0.1814236111111111 0.3742283950617284 0.1831597222222222 0.37037037037037035 0.18663194444444445 0.3707561728395062
1 0.265625 0.28125 0.2747395833333333 0.2932098765432099 0.2743055555555556 0.3001543209876543 0.2699652777777778 0.3028549382716049 0.2643229166666667 0.3001543209876543 0.2604166666666667 0.2924382716049383 0.2591145833333333 0.2820216049382716 0.2651909722222222 0.28125
1 0.484375 0.2010030864197531 0.48828125 0.21334876543209877 0.4852430555555556 0.21373456790123457 0.4670138888888889 0.21334876543209877 0.46875 0.20640432098765432 0.4778645833333333 0.2052469135802469 0.4839409722222222 0.2010030864197531
1 0.3580729166666667 0.2332175925925926 0.012152777777777778 0.022762345679012346
1 0.4765625 0.17824074074074073 0.019097222222222224 0.029320987654320986
1 0.5577256944444444 0.09606481481481481 0.5698784722222222 0.10609567901234568 0.55859375 0.10532407407407407 0.5555555555555556 0.09915123456790123 0.5572916666666666 0.09606481481481481
1 0.4526909722222222 0.1095679012345679 0.4605034722222222 0.11265432098765432 0.4661458333333333 0.11921296296296297 0.4661458333333333 0.12307098765432099 0.4631076388888889 0.125 0.4526909722222222 0.12307098765432099 0.4479166666666667 0.11998456790123457 0.4526909722222222 0.1099537037037037
1 0.5486111111111112 0.07445987654320987 0.5516493055555556 0.0779320987654321 0.5512152777777778 0.08140432098765432 0.5447048611111112 0.08680555555555555 0.5386284722222222 0.08487654320987655 0.5373263888888888 0.0787037037037037 0.5425347222222222 0.07368827160493827 0.5481770833333334 0.07445987654320987
1 0.11328125 0.7766203703703703 0.11848958333333333 0.7820216049382716 0.1189236111111111 0.7862654320987654 0.11197916666666667 0.8005401234567902 0.10590277777777778 0.8040123456790124 0.1032986111111111 0.8036265432098766 0.10590277777777778 0.7854938271604939 0.11284722222222222 0.7766203703703703
1 0.125 0.4425154320987654 0.1332465277777778 0.4521604938271605 0.1506076388888889 0.45717592592592593 0.14930555555555555 0.4702932098765432 0.15321180555555555 0.47453703703703703 0.14713541666666666 0.4714506172839506 0.1401909722222222 0.4710648148148148 0.13411458333333334 0.46566358024691357 0.12196180555555555 0.46334876543209874 0.11588541666666667 0.4533179012345679 0.11458333333333333 0.44212962962962965 0.1171875 0.44058641975308643 0.12456597222222222 0.4425154320987654
1 0.14756944444444445 0.3653549382716049 0.15321180555555555 0.38040123456790126 0.15104166666666666 0.38348765432098764 0.1462673611111111 0.3846450617283951 0.1332465277777778 0.38155864197530864 0.11848958333333333 0.36959876543209874 0.12630208333333334 0.36728395061728397 0.1388888888888889 0.3715277777777778 0.14713541666666666 0.3653549382716049
1 0.0920138888888889 0.36226851851851855 0.10069444444444445 0.36959876543209874 0.10286458333333333 0.376929012345679 0.0998263888888889 0.38155864197530864 0.08940972222222222 0.3869598765432099 0.08159722222222222 0.3800154320987654 0.0798611111111111 0.36574074074074076 0.08116319444444445 0.3630401234567901 0.0915798611111111 0.36226851851851855
1 0.4366319444444444 0.09606481481481481 0.4461805555555556 0.09760802469135803 0.4535590277777778 0.1087962962962963 0.4496527777777778 0.11959876543209877 0.4409722222222222 0.11844135802469136 0.4370659722222222 0.1111111111111111 0.4366319444444444 0.09645061728395062
1 0.4947916666666667 0.06712962962962964 0.4973958333333333 0.08024691358024691 0.4943576388888889 0.08719135802469136 0.4913194444444444 0.08719135802469136 0.4878472222222222 0.08217592592592593 0.4878472222222222 0.0775462962962963 0.4943576388888889 0.06712962962962964
1 0.026475694444444444 0.7797067901234568 0.031684027777777776 0.7827932098765432 0.03298611111111111 0.7893518518518519 0.038628472222222224 0.7928240740740741 0.029513888888888888 0.7986111111111112 0.022135416666666668 0.7935956790123457 0.012586805555555556 0.7966820987654321 0.011284722222222222 0.7955246913580247 0.009982638888888888 0.7858796296296297 0.026041666666666668 0.7797067901234568
1 0 0.5115740740740741 0.004774305555555556 0.5135030864197531 0.0078125 0.5243055555555556 0.020833333333333332 0.5258487654320988 0.012152777777777778 0.5416666666666666 0.010850694444444444 0.5489969135802469 0.004774305555555556 0.5482253086419753 0 0.5420524691358025 0 0.5119598765432098
1 0.036458333333333336 0.41975308641975306 0.038628472222222224 0.4270833333333333 0.036458333333333336 0.43171296296296297 0.022135416666666668 0.42978395061728397 0.016493055555555556 0.4251543209876543 0.018663194444444444 0.42052469135802467 0.03602430555555555 0.41975308641975306
1 0.8146701388888888 0.034722222222222224 0.8307291666666666 0.03973765432098766 0.8298611111111112 0.0466820987654321 0.8255208333333334 0.05015432098765432 0.8051215277777778 0.0466820987654321 0.8068576388888888 0.03819444444444445 0.8142361111111112 0.034722222222222224
1 0.5373263888888888 0.058256172839506175 0.5407986111111112 0.061342592592592594 0.5416666666666666 0.07175925925925926 0.5364583333333334 0.0798611111111111 0.53125 0.07098765432098765 0.5368923611111112 0.058256172839506175
1 0.5512152777777778 0.05169753086419753 0.5533854166666666 0.05324074074074074 0.55859375 0.052083333333333336 0.5607638888888888 0.05787037037037037 0.5603298611111112 0.06404320987654322 0.55859375 0.06442901234567901 0.5421006944444444 0.062114197530864196 0.5477430555555556 0.052083333333333336 0.55078125 0.05169753086419753
1 0.24522569444444445 0.2650462962962963 0.24739583333333334 0.2654320987654321 0.2421875 0.27199074074074076 0.24131944444444445 0.2797067901234568 0.2361111111111111 0.2808641975308642 0.22916666666666666 0.279320987654321 0.23307291666666666 0.2689043209876543 0.24479166666666666 0.2650462962962963
1 0.2144097222222222 0.2681327160493827 0.2269965277777778 0.27276234567901236 0.22786458333333334 0.2789351851851852 0.22395833333333334 0.2804783950617284 0.2170138888888889 0.2797067901234568 0.2131076388888889 0.27662037037037035 0.2109375 0.2689043209876543 0.21397569444444445 0.2681327160493827
1 0.2547743055555556 0.1423611111111111 0.2630208333333333 0.15393518518518517 0.2599826388888889 0.15625 0.2508680555555556 0.15625 0.2547743055555556 0.1427469135802469
1 0.2721354166666667 0.13348765432098766 0.2821180555555556 0.15316358024691357 0.2795138888888889 0.1566358024691358 0.2638888888888889 0.15432098765432098 0.2721354166666667 0.13387345679012347
1 0.4038628472222222 0.07677469135802469 0.012586805555555556 0.018518518518518517
1 0.4427083333333333 0.04513888888888889 0.4453125 0.0466820987654321 0.4474826388888889 0.06095679012345679 0.4401041666666667 0.07021604938271606 0.4388020833333333 0.0775462962962963 0.4357638888888889 0.07908950617283951 0.4322916666666667 0.07600308641975309 0.4314236111111111 0.06520061728395062 0.4422743055555556 0.04552469135802469
1 0.3489583333333333 0.06597222222222222 0.3515625 0.06751543209876543 0.3546006944444444 0.07600308641975309 0.3524305555555556 0.08140432098765432 0.3454861111111111 0.08449074074074074 0.3385416666666667 0.08217592592592593 0.3372395833333333 0.0779320987654321 0.3420138888888889 0.07330246913580248 0.3420138888888889 0.0625 0.3450520833333333 0.061342592592592594 0.3485243055555556 0.06597222222222222
1 0.35546875 0.057484567901234566 0.3619791666666667 0.06905864197530864 0.3589409722222222 0.07716049382716049 0.3541666666666667 0.0763888888888889 0.3511284722222222 0.06751543209876543 0.3550347222222222 0.05787037037037037
1 0.4906684027777778 0.04089506172839506 0.009114583333333334 0.022376543209876542
1 0.4427083333333333 0.21489197530864199 0.4422743055555556 0.22119328703703703 0.4396701388888889 0.22723765432098766 0.4422743055555556 0.22839506172839505 0.4565972222222222 0.22800925925925927 0.4613715277777778 0.21026234567901234 0.4605034722222222 0.2052469135802469 0.4565972222222222 0.2056327160493827 0.453125 0.20987654320987653 0.4440104166666667 0.21296296296296297
1 0.4301215277777778 0.23958333333333334 0.4314236111111111 0.24266975308641975 0.4340277777777778 0.24266975308641975 0.4422743055555556 0.23842592592592593 0.4565972222222222 0.23765432098765432 0.4613715277777778 0.2337962962962963 0.4596354166666667 0.22955246913580246 0.4561631944444444 0.22878086419753085 0.4388020833333333 0.22955246913580246 0.4353298611111111 0.23032407407407407 0.4348958333333333 0.2349537037037037
1 0.4548611111111111 0.1570216049382716 0.453125 0.1716820987654321 0.4596354166666667 0.18132716049382716 0.4626736111111111 0.18094135802469136 0.4665798611111111 0.17515432098765432 0.4670138888888889 0.1705246913580247 0.4622395833333333 0.1597222222222222 0.4618055555555556 0.15432098765432098 0.4600694444444444 0.1527777777777778 0.4565972222222222 0.15316358024691357
1 0.5 0.15084876543209877 0.5008680555555556 0.1693672839506173 0.4995659722222222 0.1716820987654321 0.5030381944444444 0.1720679012345679 0.5086805555555556 0.1697530864197531 0.5095486111111112 0.16396604938271606 0.5047743055555556 0.14853395061728394 0.5017361111111112 0.14853395061728394
1 0.5611979166666666 0.16473765432098766 0.5512408854166666 0.18412461419753084 0.5560642361111111 0.18433873456790123 0.5603298611111112 0.18055555555555555 0.5638020833333334 0.17785493827160495 0.5685763888888888 0.16550925925925927 0.5668402777777778 0.16319444444444445 0.5629340277777778 0.16319444444444445
1 0.5525173611111112 0.16473765432098766 0.5435238715277778 0.17576658950617283 0.5507586805555555 0.18562461419753087 0.5538194444444444 0.17746913580246915 0.5572916666666666 0.1720679012345679 0.5581597222222222 0.16126543209876543 0.5564236111111112 0.16049382716049382
1 0.5256076388888888 0.16820987654320987 0.5238715277777778 0.1716820987654321 0.5251736111111112 0.17746913580246915 0.5264756944444444 0.18132716049382716 0.5295138888888888 0.18209876543209877 0.5338541666666666 0.17824074074074073 0.5360243055555556 0.16435185185185186 0.5325520833333334 0.16319444444444445 0.5286458333333334 0.16743827160493827
1 0.51171875 0.16396604938271606 0.5112847222222222 0.1693672839506173 0.5143229166666666 0.17901234567901234 0.5182291666666666 0.18055555555555555 0.5247395833333334 0.17978395061728394 0.5256076388888888 0.17708333333333334 0.5230034722222222 0.1716820987654321 0.5160590277777778 0.16435185185185186
1 0.421875 0.15625 0.421875 0.16859567901234568 0.4231770833333333 0.1716820987654321 0.4288194444444444 0.17515432098765432 0.4353298611111111 0.1716820987654321 0.4344618055555556 0.16820987654320987 0.4266493055555556 0.1566358024691358 0.4249131944444444 0.1554783950617284
1 0.4166666666666667 0.1743827160493827 0.41796875 0.17785493827160495 0.4253472222222222 0.18557098765432098 0.4353298611111111 0.19058641975308643 0.4427083333333333 0.18557098765432098 0.4435763888888889 0.17785493827160495 0.4422743055555556 0.17592592592592593 0.4348958333333333 0.1743827160493827 0.4283854166666667 0.17669753086419754 0.4184027777777778 0.1728395061728395
1 0.4006076388888889 0.16820987654320987 0.4001736111111111 0.18364197530864199 0.4014756944444444 0.18595679012345678 0.4045138888888889 0.18441358024691357 0.4123263888888889 0.16782407407407407 0.41015625 0.16473765432098766 0.4071180555555556 0.16435185185185186
1 0.3888888888888889 0.16435185185185186 0.3888888888888889 0.17862654320987653 0.3927951388888889 0.18248456790123457 0.3975694444444444 0.18325617283950618 0.3997395833333333 0.17901234567901234 0.3975694444444444 0.16898148148148148 0.3940972222222222 0.16319444444444445 0.3901909722222222 0.16203703703703703
1 0.4079861111111111 0.27469135802469136 0.4075520833333333 0.2827932098765432 0.4144965277777778 0.2827932098765432 0.4153645833333333 0.279320987654321 0.4114583333333333 0.27199074074074076
1 0.4405381944444444 0.3742283950617284 0.4401041666666667 0.3800154320987654 0.4422743055555556 0.38657407407407407 0.4466145833333333 0.3873456790123457 0.44921875 0.3861882716049383 0.453125 0.3792438271604938 0.4461805555555556 0.36612654320987653 0.4427083333333333 0.36651234567901236
1 0.4092881944444444 0.3792438271604938 0.4088541666666667 0.38040123456790126 0.4153645833333333 0.38503086419753085 0.4249131944444444 0.3888888888888889 0.4361979166666667 0.3900462962962963 0.4431423611111111 0.3869598765432099 0.4357638888888889 0.375 0.4201388888888889 0.3738425925925926 0.4114583333333333 0.376929012345679
1 0.3693576388888889 0.35455246913580246 0.3689236111111111 0.3560956790123457 0.3723958333333333 0.3599537037037037 0.37890625 0.3599537037037037 0.3771701388888889 0.3557098765432099
1 0.5277777777777778 0.8028549382716049 0.5295138888888888 0.8132716049382716 0.5325520833333334 0.8140432098765432 0.5355902777777778 0.8121141975308642 0.5394965277777778 0.8121141975308642 0.5434027777777778 0.8082561728395061 0.5438368055555556 0.8036265432098766 0.5416666666666666 0.8024691358024691 0.5308159722222222 0.8016975308641975
1 0.3441840277777778 0.7025462962962963 0.3441840277777778 0.7110339506172839 0.3459201388888889 0.714891975308642 0.3502604166666667 0.7145061728395061 0.3524305555555556 0.7106481481481481 0.3602430555555556 0.7110339506172839 0.3628472222222222 0.7083333333333334 0.36328125 0.7060185185185185 0.3602430555555556 0.7033179012345679
1 0.3203125 0.7040895061728395 0.3177083333333333 0.7141203703703703 0.3224826388888889 0.7133487654320988 0.3307291666666667 0.7029320987654321 0.3237847222222222 0.7025462962962963
1 0.3311631944444444 0.7025462962962963 0.3302951388888889 0.7098765432098766 0.3381076388888889 0.7160493827160493 0.3393450520833333 0.7083503086419753 0.34482725694444444 0.7051489197530865 0.3389756944444444 0.7029320987654321
1 0.7330729166666666 0.9834104938271605 0.7313368055555556 0.9841820987654321 0.7326388888888888 0.9895833333333334 0.7356770833333334 0.9922839506172839 0.7408854166666666 0.9922839506172839 0.7426215277777778 0.9895833333333334 0.7413194444444444 0.9853395061728395 0.7374131944444444 0.9834104938271605
1 0.8159722222222222 0.7924382716049383 0.8203125 0.7978395061728395 0.82421875 0.8001543209876543 0.8263888888888888 0.7997685185185185 0.8272569444444444 0.7966820987654321 0.82421875 0.7920524691358025 0.8172743055555556 0.7912808641975309
1 0.8311631944444444 0.7087191358024691 0.8298611111111112 0.7098765432098766 0.8342013888888888 0.7141203703703703 0.8376736111111112 0.7133487654320988 0.8372395833333334 0.7094907407407407