1 0.9188368055555556 0.9618055555555556 0.9227430555555556 0.9633487654320988 0.9275173611111112 0.9702932098765432 0.9292534722222222 0.9826388888888888 0.9231770833333334 0.9942129629629629 0.9184027777777778 0.996141975308642 0.9105902777777778 0.9945987654320988 0.8988715277777778 0.9741512345679012 0.9001736111111112 0.970679012345679 0.90625 0.9695216049382716 0.9123263888888888 0.9629629629629629 0.9184027777777778 0.9618055555555556
1 0.8181423611111112 0.9780092592592593 0.8220486111111112 0.9807098765432098 0.8220486111111112 0.9853395061728395 0.8177083333333334 0.9911265432098766 0.8138020833333334 0.9903549382716049 0.8090277777777778 0.9853395061728395 0.8003472222222222 0.9849537037037037 0.7986111111111112 0.9822530864197531 0.8003472222222222 0.9791666666666666 0.8177083333333334 0.9780092592592593
1 0.6549479166666666 0.9120370370370371 0.6575520833333334 0.9128086419753086 0.6614583333333334 0.9216820987654321 0.6575520833333334 0.9340277777777778 0.6545138888888888 0.9324845679012346 0.6475694444444444 0.9185956790123457 0.6488715277777778 0.9151234567901234 0.6545138888888888 0.9120370370370371
1 0.6306423611111112 0.9124228395061729 0.640625 0.9108796296296297 0.6467013888888888 0.9185956790123457 0.6397569444444444 0.9293981481481481 0.6302083333333334 0.9328703703703703 0.6280381944444444 0.9290123456790124 0.6284722222222222 0.9139660493827161 0.6302083333333334 0.9124228395061729
1 0.6202256944444444 0.9131944444444444 0.6241319444444444 0.9216820987654321 0.6202256944444444 0.935570987654321 0.6167534722222222 0.9332561728395061 0.6119791666666666 0.9220679012345679 0.6141493055555556 0.9151234567901234 0.6197916666666666 0.9131944444444444
1 0.5642361111111112 0.9645061728395061 0.5672743055555556 0.96875 0.5672743055555556 0.9753086419753086 0.5603298611111112 0.9861111111111112 0.5542534722222222 0.9841820987654321 0.5529513888888888 0.9799382716049383 0.5590277777777778 0.9672067901234568 0.5638020833333334 0.9645061728395061
1 0.5562065972222222 0.9660493827160493 0.025607638888888888 0.020833333333333332
1 0.60546875 0.8001543209876543 0.60546875 0.7932098765432098 0.6098090277777778 0.7908950617283951 0.6171875 0.7920524691358025 0.6167534722222222 0.8009259259259259 0.6059027777777778 0.8001543209876543
1 0.4596354166666667 0.9660493827160493 0.4631076388888889 0.9722222222222222 0.4596354166666667 0.9861111111111112 0.4509548611111111 0.9772376543209876 0.4422743055555556 0.9845679012345679 0.4388020833333333 0.9845679012345679 0.4418402777777778 0.9691358024691358 0.4461805555555556 0.9664351851851852 0.4592013888888889 0.9660493827160493
1 0.8020833333333334 0.6126543209876543 0.8233506944444444 0.6134259259259259 0.8276909722222222 0.6226851851851852 0.8246527777777778 0.6296296296296297 0.8138020833333334 0.6257716049382716 0.8033854166666666 0.6334876543209876 0.8020833333333334 0.6130401234567902
1 0.5368923611111112 0.7754629629629629 0.5425347222222222 0.7827932098765432 0.5403645833333334 0.7870370370370371 0.5364583333333334 0.7881944444444444 0.5256076388888888 0.7878086419753086 0.5203993055555556 0.7827932098765432 0.5208333333333334 0.779320987654321 0.5251736111111112 0.7758487654320988 0.5286458333333334 0.7743055555555556 0.5364583333333334 0.7754629629629629
1 0.5052083333333334 0.7781635802469136 0.5125868055555556 0.7893518518518519 0.5108506944444444 0.8028549382716049 0.5052083333333334 0.8047839506172839 0.5013020833333334 0.7993827160493827 0.4982638888888889 0.8070987654320988 0.4947916666666667 0.808641975308642 0.4895833333333333 0.7912808641975309 0.4908854166666667 0.7827932098765432 0.49609375 0.779320987654321 0.5047743055555556 0.7781635802469136
1 0.3350694444444444 0.9614197530864198 0.3402777777777778 0.9664351851851852 0.3394097222222222 0.9722222222222222 0.3177083333333333 0.9772376543209876 0.3133680555555556 0.9772376543209876 0.3125 0.9745370370370371 0.31640625 0.9691358024691358 0.3259548611111111 0.9629629629629629 0.3346354166666667 0.9614197530864198
1 0.2699652777777778 0.9564043209876543 0.2764756944444444 0.9645061728395061 0.2756076388888889 0.972608024691358 0.2721354166666667 0.9768518518518519 0.2686631944444444 0.9760802469135802 0.265625 0.9675925925925926 0.25 0.9695216049382716 0.24522569444444445 0.966820987654321 0.2495659722222222 0.9633487654320988 0.26953125 0.9564043209876543
1 0.2977430555555556 0.8364197530864198 0.3146701388888889 0.8383487654320988 0.3207465277777778 0.841820987654321 0.3203125 0.8452932098765432 0.3155381944444444 0.847608024691358 0.3038194444444444 0.8665123456790124 0.2999131944444444 0.8645833333333334 0.3012152777777778 0.8452932098765432 0.2955729166666667 0.8387345679012346 0.2973090277777778 0.8364197530864198
1 0.21397569444444445 0.9000771604938271 0.21961805555555555 0.904320987654321 0.22005208333333334 0.9112654320987654 0.21006944444444445 0.9228395061728395 0.2065972222222222 0.9216820987654321 0.2074652777777778 0.9108796296296297 0.21006944444444445 0.9016203703703703 0.21354166666666666 0.9000771604938271
1 0.9457465277777778 0.5910493827160493 0.9500868055555556 0.5949074074074074 0.9652777777777778 0.597608024691358 0.9644097222222222 0.6014660493827161 0.9592013888888888 0.6053240740740741 0.9596354166666666 0.6091820987654321 0.9652777777777778 0.6126543209876543 0.96484375 0.6161265432098766 0.9587673611111112 0.6203703703703703 0.9353298611111112 0.6091820987654321 0.9344618055555556 0.5987654320987654 0.9453125 0.5910493827160493
1 0.7582465277777778 0.6990740740740741 0.7621527777777778 0.6994598765432098 0.7673611111111112 0.7098765432098766 0.7586805555555556 0.7164351851851852 0.7521701388888888 0.7137345679012346 0.7508680555555556 0.7071759259259259 0.7582465277777778 0.6994598765432098
1 0.9040798611111112 0.373070987654321 0.9027777777777778 0.36689814814814814 0.9079861111111112 0.3595679012345679 0.9110243055555556 0.3568672839506173 0.9214409722222222 0.35455246913580246 0.9227430555555556 0.36149691358024694 0.9149305555555556 0.3726851851851852 0.9110243055555556 0.3746141975308642 0.9045138888888888 0.373070987654321
1 0.9596354166666666 0.33564814814814814 0.9639756944444444 0.33834876543209874 0.9748263888888888 0.33834876543209874 0.9761284722222222 0.341820987654321 0.96875 0.35030864197530864 0.9513888888888888 0.35455246913580246 0.9422743055555556 0.35300925925925924 0.9422743055555556 0.34760802469135804 0.9496527777777778 0.33834876543209874 0.9592013888888888 0.33564814814814814
1 0.9405381944444444 0.3271604938271605 0.9565972222222222 0.3298611111111111 0.9635416666666666 0.33834876543209874 0.9735243055555556 0.33834876543209874 0.9752604166666666 0.3402777777777778 0.9665798611111112 0.35108024691358025 0.9513888888888888 0.3541666666666667 0.9418402777777778 0.35223765432098764 0.9435763888888888 0.3452932098765432 0.9409722222222222 0.33487654320987653 0.9353298611111112 0.3283179012345679 0.9401041666666666 0.3271604938271605
1 0.6901041666666666 0.5760030864197531 0.7113715277777778 0.591820987654321 0.7057291666666666 0.5949074074074074 0.6909722222222222 0.591820987654321 0.6822916666666666 0.595679012345679 0.6788194444444444 0.5945216049382716 0.6753472222222222 0.5837191358024691 0.6818576388888888 0.5779320987654321 0.6896701388888888 0.5760030864197531
1 0.5720486111111112 0.6018518518518519 0.5946180555555556 0.6022376543209876 0.5967881944444444 0.6045524691358025 0.5954861111111112 0.6107253086419753 0.5850694444444444 0.6064814814814815 0.5807291666666666 0.6068672839506173 0.5785590277777778 0.6138117283950617 0.5711805555555556 0.6072530864197531 0.5716145833333334 0.6018518518518519
1 0.4361979166666667 0.6716820987654321 0.4392361111111111 0.6751543209876543 0.4396701388888889 0.6805555555555556 0.4270833333333333 0.691358024691358 0.4171006944444444 0.6890432098765432 0.4236111111111111 0.6786265432098766 0.4322916666666667 0.6720679012345679 0.4357638888888889 0.6716820987654321
1 0.3580729166666667 0.6763117283950617 0.3589409722222222 0.6820987654320988 0.3563368055555556 0.6871141975308642 0.3394097222222222 0.6956018518518519 0.3355034722222222 0.6921296296296297 0.3428819444444444 0.6790123456790124 0.3576388888888889 0.6763117283950617
1 0.4752604166666667 0.19560185185185186 0.4852430555555556 0.20871913580246915 0.4973958333333333 0.21334876543209877 0.4973958333333333 0.21489197530864199 0.4817708333333333 0.21334876543209877 0.4704861111111111 0.21604938271604937 0.4678819444444444 0.21373456790123457 0.4678819444444444 0.20949074074074073 0.4722222222222222 0.2021604938271605 0.47265625 0.19598765432098766 0.4748263888888889 0.19560185185185186
1 0.5577256944444444 0.16165123456790123 0.5694444444444444 0.16473765432098766 0.5625 0.17862654320987653 0.5542534722222222 0.18287037037037038 0.5464409722222222 0.17862654320987653 0.5455729166666666 0.1743827160493827 0.5499131944444444 0.16666666666666666 0.5572916666666666 0.16165123456790123
1 0.3333333333333333 0.6728395061728395 0.3394097222222222 0.6751543209876543 0.3407118055555556 0.6778549382716049 0.3376736111111111 0.6925154320987654 0.3350694444444444 0.6956018518518519 0.3285590277777778 0.6936728395061729 0.3259548611111111 0.6820987654320988 0.328125 0.6736111111111112 0.3328993055555556 0.6728395061728395
1 0.5295138888888888 0.16126543209876543 0.5325520833333334 0.17515432098765432 0.5303819444444444 0.18055555555555555 0.52734375 0.18209876543209877 0.5151909722222222 0.17824074074074073 0.5104166666666666 0.16473765432098766 0.5121527777777778 0.16319444444444445 0.5190972222222222 0.16782407407407407 0.5221354166666666 0.16743827160493827 0.5256076388888888 0.16242283950617284 0.5290798611111112 0.16126543209876543
1 0.20008680555555555 0.8973765432098766 0.20616319444444445 0.8954475308641975 0.2105034722222222 0.9004629629629629 0.20703125 0.9089506172839507 0.19270833333333334 0.9182098765432098 0.1970486111111111 0.9016203703703703 0.20008680555555555 0.8977623456790124
1 0.296875 0.6689814814814815 0.3103298611111111 0.6786265432098766 0.3055555555555556 0.6797839506172839 0.30078125 0.6844135802469136 0.2964409722222222 0.6932870370370371 0.2925347222222222 0.6948302469135802 0.2825520833333333 0.6898148148148148 0.2786458333333333 0.6820987654320988 0.2829861111111111 0.6712962962962963 0.2860243055555556 0.6697530864197531 0.2938368055555556 0.6712962962962963 0.2964409722222222 0.6693672839506173
1 0.20616319444444445 0.6797839506172839 0.2087673611111111 0.6844135802469136 0.20789930555555555 0.6886574074074074 0.1970486111111111 0.6979166666666666 0.1909722222222222 0.6963734567901234 0.19444444444444445 0.6859567901234568 0.1996527777777778 0.6801697530864198 0.20572916666666666 0.6797839506172839
1 0.1996527777777778 0.42592592592592593 0.2052951388888889 0.4278549382716049 0.21875 0.4425154320987654 0.21744791666666666 0.4444444444444444 0.20225694444444445 0.4425154320987654 0.203125 0.4351851851851852 0.1987847222222222 0.42862654320987653 0.1996527777777778 0.4263117283950617
1 0.2855902777777778 0.2916666666666667 0.2986111111111111 0.3001543209876543 0.2938368055555556 0.30401234567901236 0.2934027777777778 0.32021604938271603 0.2825520833333333 0.3117283950617284 0.2764756944444444 0.30092592592592593 0.27734375 0.2935956790123457 0.28515625 0.2916666666666667
1 0.3559027777777778 0.22145061728395063 0.3598090277777778 0.22299382716049382 0.3637152777777778 0.2341820987654321 0.3589409722222222 0.24382716049382716 0.3532986111111111 0.24112654320987653 0.3519965277777778 0.2326388888888889 0.3559027777777778 0.22183641975308643
1 0.4596354166666667 0.16724537037037038 0.017361111111111112 0.030478395061728395
1 0.4231770833333333 0.15779320987654322 0.4253472222222222 0.15625 0.4275173611111111 0.15817901234567902 0.43359375 0.16820987654320987 0.4431423611111111 0.17554012345679013 0.4444444444444444 0.17901234567901234 0.4427083333333333 0.18479938271604937 0.4366319444444444 0.18942901234567902 0.4227430555555556 0.18248456790123457 0.4166666666666667 0.17476851851851852 0.41796875 0.1709104938271605 0.421875 0.1728395061728395 0.4244791666666667 0.1716820987654321 0.4236111111111111 0.15817901234567902
1 0.5594618055555556 0.09722222222222222 0.5711805555555556 0.10570987654320987 0.5651041666666666 0.10609567901234568 0.5572916666666666 0.10416666666666667 0.5555555555555556 0.09876543209876543 0.5568576388888888 0.09645061728395062 0.5590277777777778 0.09722222222222222
1 0.390625 0.16242283950617284 0.3971354166666667 0.16782407407407407 0.4010416666666667 0.16820987654320987 0.4049479166666667 0.16435185185185186 0.4110243055555556 0.16628086419753085 0.4053819444444444 0.18209876543209877 0.4010416666666667 0.18557098765432098 0.3901909722222222 0.17901234567901234 0.390625 0.16280864197530864
1 0.4539930555555556 0.11033950617283951 0.4644097222222222 0.11612654320987655 0.4665798611111111 0.12345679012345678 0.4639756944444444 0.125 0.4522569444444444 0.12307098765432099 0.4470486111111111 0.11959876543209877 0.4535590277777778 0.11033950617283951
1 0.4392361111111111 0.09567901234567901 0.4461805555555556 0.09760802469135803 0.453125 0.1076388888888889 0.4539930555555556 0.11265432098765432 0.4487847222222222 0.11998456790123457 0.4418402777777778 0.11959876543209877 0.4370659722222222 0.11265432098765432 0.4357638888888889 0.09760802469135803 0.4388020833333333 0.09567901234567901
1 0.5455729166666666 0.07330246913580248 0.5490451388888888 0.07445987654320987 0.5516493055555556 0.0787037037037037 0.5490451388888888 0.08410493827160494 0.5447048611111112 0.08680555555555555 0.5399305555555556 0.08641975308641975 0.5368923611111112 0.08101851851851852 0.5390625 0.07600308641975309 0.5451388888888888 0.07330246913580248
1 0.27734375 0.45987654320987653 0.2829861111111111 0.4618055555555556 0.2899305555555556 0.45949074074074076 0.2925347222222222 0.46334876543209874 0.2934027777777778 0.4702932098765432 0.2855902777777778 0.4807098765432099 0.2894965277777778 0.49151234567901236 0.2864583333333333 0.49151234567901236 0.2795138888888889 0.48572530864197533 0.2756076388888889 0.4876543209876543 0.2756076388888889 0.48032407407407407 0.2651909722222222 0.4799382716049383 0.2625868055555556 0.47800925925925924 0.2725694444444444 0.46141975308641975 0.2769097222222222 0.45987654320987653
1 0.14756944444444445 0.6751543209876543 0.14756944444444445 0.6790123456790124 0.13975694444444445 0.6890432098765432 0.1193576388888889 0.6956018518518519 0.11588541666666667 0.6952160493827161 0.11458333333333333 0.691358024691358 0.11631944444444445 0.6824845679012346 0.11979166666666667 0.6786265432098766 0.13194444444444445 0.6743827160493827 0.14713541666666666 0.6751543209876543
1 0.19053819444444445 0.3722993827160494 0.2065972222222222 0.3777006172839506 0.2113715277777778 0.38425925925925924 0.21006944444444445 0.3881172839506173 0.19618055555555555 0.38773148148148145 0.1831597222222222 0.38348765432098764 0.1753472222222222 0.38348765432098764 0.1762152777777778 0.3800154320987654 0.1814236111111111 0.3773148148148148 0.18272569444444445 0.3726851851851852 0.19010416666666666 0.3722993827160494
1 0.2630208333333333 0.2804783950617284 0.2677951388888889 0.2827932098765432 0.2747395833333333 0.29398148148148145 0.2738715277777778 0.3005401234567901 0.26953125 0.3028549382716049 0.2660590277777778 0.30169753086419754 0.2612847222222222 0.29552469135802467 0.2586805555555556 0.2827932098765432 0.2625868055555556 0.2804783950617284
1 0.11284722222222222 0.7762345679012346 0.1189236111111111 0.7820216049382716 0.1193576388888889 0.7854938271604939 0.1115451388888889 0.8009259259259259 0.1037326388888889 0.8036265432098766 0.1032986111111111 0.7986111111111112 0.10590277777777778 0.7854938271604939 0.11241319444444445 0.7766203703703703
1 0.12803819444444445 0.3680555555555556 0.13932291666666666 0.37114197530864196 0.1440972222222222 0.3653549382716049 0.14756944444444445 0.36574074074074076 0.15364583333333334 0.38040123456790126 0.15147569444444445 0.38348765432098764 0.14453125 0.3846450617283951 0.13671875 0.38310185185185186 0.11979166666666667 0.3722993827160494 0.11979166666666667 0.36844135802469136 0.12760416666666666 0.3680555555555556
1 0.09288194444444445 0.36226851851851855 0.10112847222222222 0.3699845679012346 0.10286458333333333 0.375 0.09895833333333333 0.38233024691358025 0.08854166666666667 0.3873456790123457 0.08116319444444445 0.3800154320987654 0.07725694444444445 0.36496913580246915 0.078125 0.3626543209876543 0.08246527777777778 0.3626543209876543 0.08506944444444445 0.36496913580246915 0.09244791666666667 0.36226851851851855
1 0.4943576388888889 0.06712962962962964 0.4973958333333333 0.07677469135802469 0.4952256944444444 0.08680555555555555 0.4913194444444444 0.08719135802469136 0.4874131944444444 0.08140432098765432 0.4939236111111111 0.06751543209876543
1 0.5360243055555556 0.08024691358024691 0.53125 0.07098765432098765 0.5364583333333334 0.05864197530864197 0.5407986111111112 0.06018518518518518 0.5416666666666666 0.07021604938271606 0.5412326388888888 0.07445987654320987 0.5364583333333334 0.08024691358024691
1 0.5503472222222222 0.05131172839506173 0.5533854166666666 0.05324074074074074 0.5568576388888888 0.050540123456790126 0.55859375 0.05169753086419753 0.5607638888888888 0.062114197530864196 0.5577256944444444 0.06442901234567901 0.5455729166666666 0.06404320987654322 0.5416666666666666 0.06172839506172839 0.54296875 0.057484567901234566 0.5499131944444444 0.05131172839506173
1 0.24479166666666666 0.26157407407407407 0.2465277777777778 0.2654320987654321 0.24088541666666666 0.2804783950617284 0.23046875 0.2804783950617284 0.22786458333333334 0.27739197530864196 0.23177083333333334 0.2689043209876543 0.24088541666666666 0.2619598765432099 0.2443576388888889 0.26157407407407407
1 0.026041666666666668 0.7797067901234568 0.03125 0.7827932098765432 0.03298611111111111 0.7862654320987654 0.031684027777777776 0.7897376543209876 0.03689236111111111 0.7932098765432098 0.029079861111111112 0.7970679012345679 0.019097222222222224 0.7939814814814815 0.009982638888888888 0.7966820987654321 0.009982638888888888 0.7862654320987654 0.025607638888888888 0.7797067901234568
1 0 0.5119598765432098 0.00390625 0.5146604938271605 0.008246527777777778 0.5243055555555556 0.020833333333333332 0.5258487654320988 0.011284722222222222 0.5486111111111112 0.004340277777777778 0.5482253086419753 0 0.5432098765432098 0 0.5123456790123457
1 0.2131076388888889 0.26697530864197533 0.2265625 0.27199074074074076 0.22743055555555555 0.279320987654321 0.2165798611111111 0.2797067901234568 0.21223958333333334 0.27353395061728397 0.2126736111111111 0.2673611111111111
1 0.2547743055555556 0.1419753086419753 0.2625868055555556 0.15393518518518517 0.2565104166666667 0.15625 0.25 0.15470679012345678 0.2547743055555556 0.1423611111111111
1 0.2634548611111111 0.15432098765432098 0.2721354166666667 0.13425925925925927 0.2825520833333333 0.15432098765432098 0.2638888888888889 0.15432098765432098
1 0.4006076388888889 0.06751543209876543 0.4092881944444444 0.0783179012345679 0.4079861111111111 0.08526234567901235 0.4036458333333333 0.08487654320987655 0.3997395833333333 0.08101851851851852 0.3975694444444444 0.06905864197530864 0.4001736111111111 0.06751543209876543
1 0.4457465277777778 0.05632716049382716 0.4466145833333333 0.07175925925925926 0.4440104166666667 0.07677469135802469 0.4401041666666667 0.0787037037037037 0.4348958333333333 0.0787037037037037 0.4314236111111111 0.07561728395061729 0.4309895833333333 0.060570987654320986 0.4361979166666667 0.061342592592592594 0.4422743055555556 0.05632716049382716 0.4453125 0.05632716049382716
1 0.3450520833333333 0.06172839506172839 0.3506944444444444 0.06751543209876543 0.3537326388888889 0.0783179012345679 0.3493923611111111 0.08371913580246913 0.3385416666666667 0.08912037037037036 0.33984375 0.08449074074074074 0.3355034722222222 0.0779320987654321 0.3415798611111111 0.07291666666666667 0.3420138888888889 0.062114197530864196 0.3446180555555556 0.06172839506172839
1 0.024305555555555556 0.4201388888888889 0.03689236111111111 0.4212962962962963 0.03819444444444445 0.42862654320987653 0.03602430555555555 0.43132716049382713 0.018663194444444444 0.42862654320987653 0.017795138888888888 0.4212962962962963 0.023871527777777776 0.4201388888888889
1 0.3559027777777778 0.05787037037037037 0.3619791666666667 0.06790123456790123 0.3611111111111111 0.07445987654320987 0.3567708333333333 0.07716049382716049 0.3537326388888889 0.07561728395061729 0.3515625 0.06905864197530864 0.3528645833333333 0.060570987654320986 0.35546875 0.05787037037037037
1 0.4887152777777778 0.02970679012345679 0.4930555555555556 0.03279320987654321 0.4947916666666667 0.04436728395061729 0.4934895833333333 0.05015432098765432 0.4878472222222222 0.05131172839506173 0.4861111111111111 0.03819444444444445 0.48828125 0.02970679012345679
0 0.4068203125 0.3778460648148148 0.40859114583333334 0.38116782407407407 0.4270833333333333 0.3869598765432099 0.4375 0.3881172839506173 0.4466145833333333 0.3869598765432099 0.4500868055555556 0.3846450617283951 0.45403949652777775 0.3807307098765432 0.4535477430555555 0.37793364197530865 0.44872743055555553 0.3682303240740741 0.4461805555555556 0.36612654320987653 0.4431423611111111 0.36766975308641975 0.4401041666666667 0.3742283950617284 0.4322916666666667 0.375 0.42578125 0.373070987654321 0.41469053819444446 0.3727758487654321
0 0.3702256944444444 0.3549382716049383 0.3693576388888889 0.3557098765432099 0.3728298611111111 0.3595679012345679 0.3767361111111111 0.3603395061728395 0.3793402777777778 0.3591820987654321 0.3771701388888889 0.3557098765432099
0 0.4071180555555556 0.2743055555555556 0.4066840277777778 0.2816358024691358 0.4149305555555556 0.2827932098765432 0.4114583333333333 0.2762345679012346
0 0.4348958333333333 0.23070987654320987 0.4370659722222222 0.2353395061728395 0.4340277777777778 0.24112654320987653 0.4331597222222222 0.24459876543209877 0.4344618055555556 0.24537037037037038 0.4427083333333333 0.23958333333333334 0.4496527777777778 0.23726851851851852 0.4583333333333333 0.23070987654320987 0.4583333333333333 0.22723765432098766 0.4526909722222222 0.2183641975308642 0.4496527777777778 0.20987654320987653 0.4453125 0.21026234567901234 0.4444444444444444 0.2199074074074074 0.4418402777777778 0.22453703703703703
0 0.47265625 0.17515432098765432 0.4704861111111111 0.18904320987654322 0.4735243055555556 0.18904320987654322 0.4756944444444444 0.1867283950617284 0.4839409722222222 0.1840277777777778 0.4861111111111111 0.17862654320987653 0.4809027777777778 0.16550925925925927 0.4769965277777778 0.16705246913580246
0 0.46875 0.1431327160493827 0.4683159722222222 0.15046296296296297 0.4704861111111111 0.15316358024691357 0.4730902777777778 0.15162037037037038 0.4887152777777778 0.15007716049382716 0.4982638888888889 0.14737654320987653 0.4947916666666667 0.14390432098765432 0.4878472222222222 0.1423611111111111 0.4839409722222222 0.1431327160493827 0.4822048611111111 0.14583333333333334 0.4787326388888889 0.14699074074074073 0.4756944444444444 0.14660493827160495 0.4709201388888889 0.1427469135802469
0 0.5009266493055555 0.1696994598765432 0.503541232638889 0.17116666666666666 0.5043402777777778 0.1716820987654321 0.5082465277777778 0.1697530864197531 0.511109375 0.16272916666666665 0.5032656249999999 0.15551466049382714 0.49996310763888885 0.16272916666666665 0.4995503472222222 0.1671315586419753
0 0.5243055555555556 0.21257716049382716 0.5282118055555556 0.21412037037037038 0.5334201388888888 0.21334876543209877 0.5299479166666666 0.20987654320987653 0.5264756944444444 0.20987654320987653
0 0.3203125 0.7040895061728395 0.3172743055555556 0.7141203703703703 0.32416189236111115 0.7102746913580247 0.33030164930555556 0.7087743055555555 0.32922699652777776 0.7158668981481482 0.33337109375 0.7155941358024691 0.33598046875000004 0.7074104938271605 0.34350130208333335 0.7072739197530864 0.34457552083333337 0.7155941358024691 0.3527105034722222 0.71409375 0.359375 0.7110339506172839 0.3619791666666667 0.7083333333333334 0.3619791666666667 0.7060185185185185 0.359375 0.7033179012345679 0.3489583333333333 0.7037037037037037 0.3350694444444444 0.7017746913580247 0.3211805555555556 0.7029320987654321
0 0.8155381944444444 0.7920524691358025 0.8176293402777778 0.7947349537037037 0.8202504340277778 0.7971608796296297 0.8209053819444444 0.7971608796296297 0.82421875 0.8005401234567902 0.8268229166666666 0.7997685185185185 0.8272569444444444 0.7966820987654321 0.8250868055555556 0.7924382716049383 0.8194444444444444 0.7908950617283951
0 0.8311631944444444 0.7091049382716049 0.8337673611111112 0.7133487654320988 0.8372395833333334 0.7133487654320988 0.8368055555555556 0.7091049382716049