1 0.3860677083333333 0.16570216049382716 0.3851996527777778 0.1712962962962963 0.3856336805555556 0.17881944444444445 0.3869357638888889 0.18209876543209877 0.390625 0.18364197530864199 0.3930121527777778 0.18229166666666666 0.3940972222222222 0.18016975308641975 0.3949652777777778 0.17611882716049382 0.39453125 0.1722608024691358 0.3904079861111111 0.16415895061728394 0.3869357638888889 0.16377314814814814
1 0.3956163194444444 0.17978395061728394 0.3951822916666667 0.18325617283950618 0.3973524305555556 0.1857638888888889 0.4010416666666667 0.18518518518518517 0.4038628472222222 0.18306327160493827 0.4066840277777778 0.1753472222222222 0.4095052083333333 0.171875 0.4099392361111111 0.1684027777777778 0.4073350694444444 0.16763117283950618 0.4029947916666667 0.1705246913580247 0.3980034722222222 0.17476851851851852
1 0.4212239583333333 0.16898148148148148 0.4207899305555556 0.17554012345679013 0.421875 0.17766203703703703 0.4246961805555556 0.17997685185185186 0.4259982638888889 0.18016975308641975 0.4288194444444444 0.17824074074074073 0.4314236111111111 0.1693672839506173 0.4346788194444444 0.16512345679012347 0.4338107638888889 0.16184413580246915 0.4320746527777778 0.16107253086419754 0.4283854166666667 0.16261574074074073 0.4249131944444444 0.16126543209876543
1 0.42394639756944447 0.18229166666666666 0.42264431423611115 0.1892361111111111 0.42568250868055557 0.18904320987654322 0.42850368923611115 0.1873070987654321 0.43219292534722226 0.1863425925925926 0.44716688368055557 0.1857638888888889 0.44955403645833336 0.18248456790123457 0.4467328559027778 0.17824074074074073 0.44377039930555556 0.1751172839506173 0.4386408420138889 0.1785349151234568 0.43607617187500003 0.18195235339506172 0.4301770833333334 0.18172453703703703 0.42611653645833336 0.17997685185185186
1 0.4500868055555556 0.17341820987654322 0.4500868055555556 0.17573302469135801 0.4529079861111111 0.17959104938271606 0.4598524305555556 0.18036265432098766 0.4613715277777778 0.17862654320987653 0.4622395833333333 0.17496141975308643 0.4611545138888889 0.1711033950617284 0.4587673611111111 0.16724537037037038 0.45703125 0.16589506172839505 0.4524739583333333 0.16801697530864199
1 0.5447048611111112 0.17554012345679013 0.5442708333333334 0.17881944444444445 0.5466579861111112 0.18267746913580246 0.55078125 0.18325617283950618 0.5538194444444444 0.18229166666666666 0.5572916666666666 0.17881944444444445 0.5576464843750001 0.1687378472222222 0.5558511284722223 0.16440895061728397 0.5529513888888888 0.16782407407407407 0.5460069444444444 0.17341820987654322
1 0.5545687934027778 0.17602874228395063 0.5553383246527778 0.18081327160493826 0.5581595052083332 0.18468653549382716 0.5642361111111112 0.17708333333333334 0.5676490885416666 0.16463676697530863 0.5643151041666666 0.1630420524691358 0.5581595052083332 0.16623167438271605
1 0.4602864583333333 0.20621141975308643 0.4600694444444444 0.20736882716049382 0.4631076388888889 0.21277006172839505 0.4622395833333333 0.2170138888888889 0.4635416666666667 0.2173996913580247 0.4694010416666667 0.2152777777777778 0.4737413194444444 0.21547067901234568 0.4765625 0.21354166666666666 0.4739583333333333 0.21026234567901234 0.4674479166666667 0.2052469135802469
1 0.4813368055555556 0.20987654320987653 0.4793836805555556 0.21315586419753085 0.4802517361111111 0.21392746913580246 0.4891493055555556 0.21315586419753085 0.4913194444444444 0.20852623456790123 0.4911024305555556 0.20466820987654322 0.4874131944444444 0.2037037037037037
1 0.51171875 0.16473765432098766 0.5130208333333334 0.1716820987654321 0.515625 0.17515432098765432 0.5145399305555556 0.17862654320987653 0.5151909722222222 0.17997685185185186 0.5169270833333334 0.18171296296296297 0.5188802083333334 0.18229166666666666 0.5223524305555556 0.18113425925925927 0.5232204861111112 0.17939814814814814 0.5230034722222222 0.17592592592592593 0.5197482638888888 0.16820987654320987 0.5154079861111112 0.16435185185185186
1 0.5015190972222222 0.16473765432098766 0.5 0.1697530864197531 0.4982638888888889 0.1720679012345679 0.5054253472222222 0.17959104938271606 0.5128038194444444 0.18209876543209877 0.5154079861111112 0.17978395061728394 0.515625 0.17824074074074073 0.5134548611111112 0.1739969135802469 0.51171875 0.1726466049382716 0.5095486111111112 0.16512345679012347 0.5054253472222222 0.16338734567901234
1 0.48046875 0.16782407407407407 0.4802517361111111 0.171875 0.4835069444444444 0.18229166666666666 0.4884982638888889 0.18344907407407407 0.4911024305555556 0.18518518518518517 0.4945746527777778 0.18518518518518517 0.4967447916666667 0.17515432098765432 0.4958767361111111 0.1714891975308642 0.4913194444444444 0.16531635802469136 0.4845920138888889 0.16512345679012347 0.4817708333333333 0.16628086419753085
1 0.4596354166666667 0.18479938271604937 0.4598524305555556 0.1900077160493827 0.4635416666666667 0.19020061728395063 0.4676649305555556 0.1865354938271605 0.4702690972222222 0.1857638888888889 0.4806857638888889 0.1857638888888889 0.4858940972222222 0.18209876543209877 0.4830729166666667 0.17824074074074073 0.4828559027777778 0.17554012345679013 0.4809027777777778 0.1736111111111111 0.4674479166666667 0.1732253086419753 0.4635416666666667 0.17554012345679013
1 0.33203125 0.7021604938271605 0.3444010416666667 0.7065972222222222 0.3383246527777778 0.7083333333333334 0.3415798611111111 0.7133487654320988 0.3348524305555556 0.7141203703703703 0.3307291666666667 0.7116126543209876 0.3185763888888889 0.7154706790123457 0.314453125 0.7152777777777778 0.3138020833333333 0.7135416666666666 0.3192274305555556 0.7110339506172839 0.3224826388888889 0.7033179012345679 0.3318142361111111 0.7021604938271605
1 0.6358506944444444 0.7922453703703703 0.6395399305555556 0.7964891975308642 0.6395399305555556 0.8001543209876543 0.6371527777777778 0.8009259259259259 0.6278211805555556 0.7934027777777778 0.6299913194444444 0.7916666666666666 0.6356336805555556 0.7922453703703703
1 0.8053385416666666 0.6116898148148148 0.8194444444444444 0.6126543209876543 0.8248697916666666 0.6153549382716049 0.8246527777777778 0.6213348765432098 0.8181423611111112 0.6228780864197531 0.8174913194444444 0.6305941358024691 0.810546875 0.6265432098765432 0.8003472222222222 0.6284722222222222 0.8023003472222222 0.6224922839506173 0.7979600694444444 0.6174768518518519 0.7979600694444444 0.6128472222222222 0.8051215277777778 0.6116898148148148
1 0.2645399305555556 0.956983024691358 0.2730034722222222 0.9600694444444444 0.2727864583333333 0.9697145061728395 0.2688802083333333 0.970679012345679 0.2651909722222222 0.9677854938271605 0.2556423611111111 0.9753086419753086 0.2541232638888889 0.9635416666666666 0.2586805555555556 0.9577546296296297 0.2643229166666667 0.956983024691358
1 0.466796875 0.021219135802469136 0.4772135416666667 0.026813271604938273 0.4791666666666667 0.03260030864197531 0.4789496527777778 0.03722993827160494 0.4754774305555556 0.04147376543209876 0.4691840277777778 0.04398148148148148 0.4633246527777778 0.04205246913580247 0.4594184027777778 0.032407407407407406 0.466796875 0.02141203703703704
1 0.5735677083333334 0.6018518518518519 0.5954861111111112 0.6020447530864198 0.5998263888888888 0.6059027777777778 0.5987413194444444 0.6114969135802469 0.5922309027777778 0.6070601851851852 0.5883246527777778 0.607445987654321 0.578125 0.6174768518518519 0.5692274305555556 0.6057098765432098 0.5690104166666666 0.6024305555555556 0.5733506944444444 0.6018518518518519
1 0.5529513888888888 0.07368827160493827 0.5536024305555556 0.08854166666666667 0.5412326388888888 0.08719135802469136 0.5381944444444444 0.08159722222222222 0.54296875 0.07600308641975309 0.552734375 0.07368827160493827
1 0.19596354166666666 0.8948688271604939 0.205078125 0.8993055555555556 0.2085503472222222 0.9085648148148148 0.20703125 0.9147376543209876 0.20052083333333334 0.9153163580246914 0.19618055555555555 0.9135802469135802 0.1931423611111111 0.9079861111111112 0.19205729166666666 0.8971836419753086 0.1957465277777778 0.8948688271604939
1 0.4739583333333333 0.07330246913580248 0.4841579861111111 0.0779320987654321 0.4911024305555556 0.0779320987654321 0.4928385416666667 0.08121141975308642 0.4906684027777778 0.08680555555555555 0.4724392361111111 0.08854166666666667 0.4739583333333333 0.07349537037037036
1 0.4759114583333333 0.10667438271604938 0.4780815972222222 0.1095679012345679 0.4739583333333333 0.12345679012345678 0.4704861111111111 0.1267361111111111 0.4565972222222222 0.12866512345679013 0.4513888888888889 0.12654320987654322 0.4505208333333333 0.11979166666666667 0.4657118055555556 0.11535493827160494 0.4756944444444444 0.10667438271604938
1 0.5414496527777778 0.9596836419753086 0.5640190972222222 0.9675925925925926 0.5640190972222222 0.9704861111111112 0.5564236111111112 0.9762731481481481 0.5470920138888888 0.9905478395061729 0.5442708333333334 0.9913194444444444 0.5440538194444444 0.9704861111111112 0.5375434027777778 0.9602623456790124 0.5394965277777778 0.9583333333333334 0.5412326388888888 0.9596836419753086
1 0.4993489583333333 0.7806712962962963 0.5028211805555556 0.7827932098765432 0.5047743055555556 0.7993827160493827 0.5073784722222222 0.8036265432098766 0.4989149305555556 0.8096064814814815 0.4947916666666667 0.8074845679012346 0.4908854166666667 0.7910879629629629 0.4934895833333333 0.7829861111111112 0.4991319444444444 0.7806712962962963
1 0.4010416666666667 0.06867283950617284 0.4038628472222222 0.07118055555555555 0.4051649305555556 0.0787037037037037 0.4049479166666667 0.08468364197530864 0.4014756944444444 0.08641975308641975 0.3973524305555556 0.08526234567901235 0.3960503472222222 0.08179012345679013 0.3973524305555556 0.07060185185185185 0.4008246527777778 0.06867283950617284
1 0.4346788194444444 0.1707175925925926 0.4470486111111111 0.17708333333333334 0.4479166666666667 0.18344907407407407 0.4431423611111111 0.18557098765432098 0.431640625 0.18595679012345678 0.4253472222222222 0.18942901234567902 0.4216579861111111 0.18904320987654322 0.4246961805555556 0.17939814814814814 0.4296875 0.1716820987654321 0.4344618055555556 0.1707175925925926
1 0.4672309027777778 0.203125 0.4750434027777778 0.21315586419753085 0.4704861111111111 0.21392746913580246 0.4602864583333333 0.20679012345679013 0.4670138888888889 0.203125
1 0.4928385416666667 0.033371913580246916 0.4950086805555556 0.03607253086419753 0.4947916666666667 0.050347222222222224 0.4915364583333333 0.05324074074074074 0.4865451388888889 0.05169753086419753 0.4839409722222222 0.03973765432098766 0.4878472222222222 0.034722222222222224 0.4926215277777778 0.033371913580246916
1 0.21419270833333334 0.8912037037037037 0.21744791666666666 0.8939043209876543 0.2183159722222222 0.9016203703703703 0.21006944444444445 0.9093364197530864 0.2055121527777778 0.9047067901234568 0.20421006944444445 0.8975694444444444 0.20833333333333334 0.8917824074074074 0.21397569444444445 0.8912037037037037
1 0.6510416666666666 0.9133873456790124 0.6575520833333334 0.9184027777777778 0.6579861111111112 0.9265046296296297 0.6566840277777778 0.935570987654321 0.6514756944444444 0.9361496913580247 0.6475694444444444 0.9396219135802469 0.6430121527777778 0.9392361111111112 0.6343315972222222 0.9326774691358025 0.6336805555555556 0.9280478395061729 0.6380208333333334 0.9166666666666666 0.6508246527777778 0.9133873456790124
1 0.4533420138888889 0.046875 0.4565972222222222 0.04996141975308642 0.4633246527777778 0.047839506172839504 0.4657118055555556 0.056712962962962965 0.4654947916666667 0.06442901234567901 0.4568142361111111 0.06886574074074074 0.4518229166666667 0.06751543209876543 0.4494357638888889 0.061342592592592594 0.453125 0.046875
1 0.490234375 0.2033179012345679 0.4904513888888889 0.21180555555555555 0.4871961805555556 0.21373456790123457 0.4789496527777778 0.21334876543209877 0.4861111111111111 0.2040895061728395 0.4900173611111111 0.2033179012345679
1 0.5648871527777778 0.16338734567901234 0.5666232638888888 0.16493055555555555 0.5629340277777778 0.17881944444444445 0.5509982638888888 0.18364197530864199 0.546875 0.18248456790123457 0.5447048611111112 0.17881944444444445 0.5466579861111112 0.1726466049382716 0.5536024305555556 0.16628086419753085 0.5646701388888888 0.16338734567901234
1 0.42578125 0.9895833333333334 0.4361979166666667 0.9913194444444444 0.4325086805555556 0.9998070987654321 0.4192708333333333 0.9998070987654321 0.4173177083333333 0.9913194444444444 0.4255642361111111 0.9895833333333334
1 0.4431423611111111 0.671875 0.4461805555555556 0.6751543209876543 0.4461805555555556 0.6813271604938271 0.4325086805555556 0.691358024691358 0.4244791666666667 0.6857638888888888 0.4296875 0.6830632716049383 0.4357638888888889 0.6728395061728395 0.4429253472222222 0.671875
1 0.21202256944444445 0.06365740740740741 0.21744791666666666 0.06539351851851852 0.21940104166666666 0.07060185185185185 0.2189670138888889 0.07889660493827161 0.21419270833333334 0.08236882716049383 0.21006944444444445 0.08140432098765432 0.2074652777777778 0.0779320987654321 0.2046440972222222 0.06828703703703703 0.20594618055555555 0.06404320987654322 0.21180555555555555 0.06365740740740741
1 0.1410590277777778 0.6776620370370371 0.1469184027777778 0.6792052469135802 0.14713541666666666 0.685570987654321 0.1291232638888889 0.6961805555555556 0.12586805555555555 0.6959876543209876 0.1293402777777778 0.6886574074074074 0.12456597222222222 0.6822916666666666 0.1408420138888889 0.6776620370370371
1 0.1892361111111111 0.37017746913580246 0.19596354166666666 0.3748070987654321 0.2026909722222222 0.3755787037037037 0.20638020833333334 0.3800154320987654 0.2065972222222222 0.3869598765432099 0.20052083333333334 0.388695987654321 0.1818576388888889 0.3836805555555556 0.1853298611111111 0.3717206790123457 0.1890190972222222 0.37017746913580246
1 0.4605034722222222 0.16435185185185186 0.4674479166666667 0.16763117283950618 0.4702690972222222 0.171875 0.4674479166666667 0.17611882716049382 0.4600694444444444 0.18016975308641975 0.4520399305555556 0.17901234567901234 0.44921875 0.17476851851851852 0.4529079861111111 0.16705246913580246 0.4602864583333333 0.16435185185185186
1 0.3107638888888889 0.8331404320987654 0.3168402777777778 0.8387345679012346 0.3172743055555556 0.8454861111111112 0.3151041666666667 0.8485725308641975 0.3072916666666667 0.8510802469135802 0.3023003472222222 0.8489583333333334 0.3044704861111111 0.8383487654320988 0.310546875 0.8333333333333334
1 0.4253472222222222 0.16068672839506173 0.4322916666666667 0.16145833333333334 0.4344618055555556 0.16473765432098766 0.4309895833333333 0.17515432098765432 0.4253472222222222 0.18094135802469136 0.4216579861111111 0.17939814814814814 0.4197048611111111 0.17418981481481483 0.421875 0.16415895061728394 0.4251302083333333 0.16068672839506173
1 0.5466579861111112 0.6780478395061729 0.5509982638888888 0.6820987654320988 0.548828125 0.6890432098765432 0.5364583333333334 0.6946373456790124 0.5256076388888888 0.6959876543209876 0.525390625 0.6925154320987654 0.5327690972222222 0.6847993827160493 0.5464409722222222 0.6782407407407407
1 0.2113715277777778 0.673804012345679 0.21983506944444445 0.6753472222222222 0.22178819444444445 0.6820987654320988 0.21006944444444445 0.6925154320987654 0.20225694444444445 0.6917438271604939 0.20182291666666666 0.6834490740740741 0.1970486111111111 0.6780478395061729 0.19813368055555555 0.6761188271604939 0.2111545138888889 0.673804012345679
1 0.5540364583333334 0.05092592592592592 0.5546875 0.06481481481481481 0.541015625 0.06809413580246913 0.5355902777777778 0.05150462962962963 0.5470920138888888 0.05304783950617284 0.5538194444444444 0.05092592592592592
1 0.6875 0.5779320987654321 0.7042100694444444 0.5850694444444444 0.703125 0.5896990740740741 0.6961805555555556 0.59375 0.6916232638888888 0.5912422839506173 0.6825086805555556 0.59375 0.6781684027777778 0.591820987654321 0.677734375 0.5812114197530864 0.6822916666666666 0.5775462962962963 0.6872829861111112 0.5779320987654321
1 0.2586805555555556 0.7770061728395061 0.2623697916666667 0.777391975308642 0.2673611111111111 0.7860725308641975 0.2628038194444444 0.8070987654320988 0.2599826388888889 0.8084490740740741 0.2560763888888889 0.8070987654320988 0.2536892361111111 0.7889660493827161 0.2586805555555556 0.7771990740740741
1 0.4086371527777778 0.16647376543209877 0.4105902777777778 0.171875 0.404296875 0.18287037037037038 0.3999565972222222 0.18557098765432098 0.3934461805555556 0.18209876543209877 0.3953993055555556 0.17515432098765432 0.4084201388888889 0.16647376543209877
1 0.2693142361111111 0.2810570987654321 0.2756076388888889 0.2932098765432099 0.2862413194444444 0.29205246913580246 0.298828125 0.3001543209876543 0.2829861111111111 0.3125 0.2654079861111111 0.30246913580246915 0.2621527777777778 0.2978395061728395 0.2647569444444444 0.2829861111111111 0.2690972222222222 0.2810570987654321
1 0.11631944444444445 0.7770061728395061 0.1265190972222222 0.7791280864197531 0.12999131944444445 0.7868441358024691 0.12434895833333333 0.7951388888888888 0.123046875 0.8038194444444444 0.11263020833333333 0.8034336419753086 0.109375 0.8059413580246914 0.10655381944444445 0.8038194444444444 0.10894097222222222 0.7827932098765432 0.11284722222222222 0.777391975308642 0.11610243055555555 0.7770061728395061
1 0.3322482638888889 0.9623842592592593 0.3402777777777778 0.966820987654321 0.3389756944444444 0.9737654320987654 0.3350694444444444 0.9762731481481481 0.328125 0.9731867283950617 0.3207465277777778 0.9745370370370371 0.3153211805555556 0.9704861111111112 0.3174913194444444 0.9662422839506173 0.33203125 0.9623842592592593
1 0.9602864583333334 0.5864197530864198 0.9641927083333334 0.5883487654320988 0.9641927083333334 0.5920138888888888 0.9572482638888888 0.5999228395061729 0.9557291666666666 0.6062885802469136 0.9578993055555556 0.6109182098765432 0.9644097222222222 0.6161265432098766 0.9607204861111112 0.6195987654320988 0.9429253472222222 0.6101466049382716 0.9346788194444444 0.6037808641975309 0.9325086805555556 0.5991512345679012 0.9351128472222222 0.5943287037037037 0.9459635416666666 0.5935570987654321 0.9600694444444444 0.5864197530864198
1 0.3871527777777778 0.18209876543209877 0.3849826388888889 0.1739969135802469 0.3869357638888889 0.16454475308641975 0.3895399305555556 0.16396604938271606 0.3934461805555556 0.16820987654320987 0.3956163194444444 0.17573302469135801 0.3927951388888889 0.18306327160493827 0.3873697916666667 0.18209876543209877
1 0.026475694444444444 0.7795138888888888 0.03884548611111111 0.796875 0.03993055555555555 0.8005401234567902 0.03689236111111111 0.8024691358024691 0.029079861111111112 0.8024691358024691 0.024739583333333332 0.8003472222222222 0.021267361111111112 0.7837577160493827 0.022569444444444444 0.7798996913580247 0.026258680555555556 0.7795138888888888
1 0.6805555555555556 0.8603395061728395 0.6896701388888888 0.8663194444444444 0.6994357638888888 0.8842592592592593 0.6961805555555556 0.8859953703703703 0.6901041666666666 0.875 0.6853298611111112 0.8709490740740741 0.6788194444444444 0.8861882716049383 0.6746961805555556 0.8836805555555556 0.6703559027777778 0.8659336419753086 0.671875 0.8624614197530864 0.6803385416666666 0.8603395061728395
1 0.345703125 0.07156635802469136 0.3541666666666667 0.07445987654320987 0.3556857638888889 0.0775462962962963 0.3537326388888889 0.08294753086419752 0.3489583333333333 0.08584104938271606 0.3389756944444444 0.08564814814814815 0.3311631944444444 0.08140432098765432 0.3311631944444444 0.0779320987654321 0.3454861111111111 0.07156635802469136
1 0.296875 0.6628086419753086 0.3075086805555556 0.6695601851851852 0.3142361111111111 0.6707175925925926 0.3142361111111111 0.6792052469135802 0.2977430555555556 0.6795910493827161 0.2931857638888889 0.6822916666666666 0.2890625 0.6803626543209876 0.2803819444444444 0.6682098765432098 0.2936197916666667 0.6701388888888888 0.2966579861111111 0.6630015432098766
1 0.13368055555555555 0.6666666666666666 0.13802083333333334 0.6693672839506173 0.13780381944444445 0.6778549382716049 0.123046875 0.6826774691358025 0.11197916666666667 0.6720679012345679 0.126953125 0.6712962962962963 0.13346354166666666 0.6668595679012346
1 0.5052083333333334 0.16300154320987653 0.5160590277777778 0.16531635802469136 0.5223524305555556 0.1743827160493827 0.5223524305555556 0.17997685185185186 0.5125868055555556 0.18171296296296297 0.498046875 0.17457561728395063 0.4965277777777778 0.1714891975308642 0.5049913194444444 0.16319444444444445
1 0.33203125 0.6728395061728395 0.3394097222222222 0.6788194444444444 0.341796875 0.6925154320987654 0.3402777777777778 0.6959876543209876 0.3355034722222222 0.6971450617283951 0.3311631944444444 0.6963734567901234 0.3259548611111111 0.6822916666666666 0.328125 0.6745756172839507 0.3318142361111111 0.6728395061728395
1 0.9190538194444444 0.9616126543209876 0.9251302083333334 0.9666280864197531 0.9290364583333334 0.9768518518518519 0.9203559027777778 0.9807098765432098 0.9194878472222222 0.9884259259259259 0.9116753472222222 0.9957561728395061 0.9079861111111112 0.9938271604938271 0.8977864583333334 0.9702932098765432 0.9071180555555556 0.9689429012345679 0.9147135416666666 0.9614197530864198 0.9188368055555556 0.9616126543209876
1 0.4505208333333333 0.22260802469135801 0.4594184027777778 0.22743055555555555 0.4600694444444444 0.2332175925925926 0.4592013888888889 0.2378472222222222 0.4544270833333333 0.24054783950617284 0.4498697916666667 0.24729938271604937 0.4437934027777778 0.2355324074074074 0.4368489583333333 0.23051697530864199 0.4446614583333333 0.22357253086419754 0.4503038194444444 0.22260802469135801
1 0.22743055555555555 0.2638888888888889 0.2341579861111111 0.2640817901234568 0.23763020833333334 0.2667824074074074 0.24479166666666666 0.2662037037037037 0.24609375 0.27989969135802467 0.2380642361111111 0.2824074074074074 0.22352430555555555 0.2816358024691358 0.2165798611111111 0.27662037037037035 0.2163628472222222 0.27218364197530864 0.2204861111111111 0.265625 0.22721354166666666 0.2638888888888889
1 0.8157552083333334 0.03530092592592592 0.8305121527777778 0.03935185185185185 0.8296440972222222 0.0466820987654321 0.8248697916666666 0.049575617283950615 0.8055555555555556 0.0466820987654321 0.8072916666666666 0.038580246913580245 0.8155381944444444 0.03530092592592592
1 0.07921006944444445 0.36612654320987653 0.0954861111111111 0.3734567901234568 0.09917534722222222 0.3773148148148148 0.09852430555555555 0.38348765432098764 0.08875868055555555 0.3921682098765432 0.07508680555555555 0.3800154320987654 0.0740017361111111 0.3690200617283951 0.07899305555555555 0.36612654320987653
1 0.4850260416666667 0.16647376543209877 0.4956597222222222 0.1732253086419753 0.4950086805555556 0.1853780864197531 0.4691840277777778 0.1857638888888889 0.4602864583333333 0.19020061728395063 0.4598524305555556 0.1849922839506173 0.4633246527777778 0.17804783950617284 0.4700520833333333 0.1743827160493827 0.4782986111111111 0.1743827160493827 0.4806857638888889 0.16743827160493827 0.4848090277777778 0.16647376543209877
1 0.1371527777777778 0.36554783950617287 0.15299479166666666 0.3792438271604938 0.15234375 0.3846450617283951 0.1484375 0.3871527777777778 0.140625 0.38522376543209874 0.12630208333333334 0.3732638888888889 0.1284722222222222 0.36959876543209874 0.1369357638888889 0.36554783950617287
1 0.4392361111111111 0.9625771604938271 0.4457465277777778 0.9702932098765432 0.4483506944444444 0.9803240740740741 0.4463975694444444 0.9830246913580247 0.4403211805555556 0.9816743827160493 0.4390190972222222 0.9776234567901234 0.4379340277777778 0.9812885802469136 0.4320746527777778 0.9822530864197531 0.4253472222222222 0.9704861111111112 0.4290364583333333 0.9627700617283951 0.4390190972222222 0.9625771604938271
1 0.5475260416666666 0.0628858024691358 0.5575086805555556 0.07098765432098765 0.5505642361111112 0.07600308641975309 0.5466579861111112 0.07600308641975309 0.5401475694444444 0.08256172839506173 0.5340711805555556 0.08121141975308642 0.5329861111111112 0.07465277777777778 0.5431857638888888 0.0628858024691358 0.5473090277777778 0.0628858024691358
1 0.22764756944444445 0.42939814814814814 0.2319878472222222 0.4359567901234568 0.2419704861111111 0.4427083333333333 0.24131944444444445 0.44598765432098764 0.22721354166666666 0.44483024691358025 0.22330729166666666 0.4322916666666667 0.22743055555555555 0.42939814814814814
1 0.11675347222222222 0.4479166666666667 0.11631944444444445 0.4498456790123457 0.1189236111111111 0.45775462962962965 0.12217881944444445 0.4635416666666667 0.13346354166666666 0.47183641975308643 0.1369357638888889 0.4712577160493827 0.13736979166666666 0.466820987654321 0.1306423611111111 0.44579475308641975 0.12999131944444445 0.44521604938271603 0.12239583333333333 0.44560185185185186 0.11957465277777778 0.44463734567901236
1 0.4096017795138889 0.37195659722222224 0.4087337239583333 0.3731140046296296 0.4143556857638889 0.3760289351851852 0.41545789930555554 0.3823462577160494 0.41545789930555554 0.3881736111111111 0.41959092881944443 0.3888103780864198 0.42438519965277777 0.3916016589506173 0.42783094618055556 0.3916325231481481 0.43084678819444444 0.3876840277777778 0.43564344618055556 0.38680999228395063 0.43716254340277777 0.3835306712962963 0.436728515625 0.38005844907407405 0.4365779079861111 0.3786232638888889 0.43520941840277777 0.37658622685185184 0.432822265625 0.37485011574074073 0.42842187499999995 0.3756359953703704 0.418943359375 0.3699554398148148 0.41372504340277777 0.3706062885802469
1 0.30384266493055556 0.3498227237654321 0.3042769097222222 0.35147569444444443 0.30626106770833333 0.3554982638888889 0.3068576388888889 0.359375 0.30948546006944444 0.3588595679012346 0.31103580729166663 0.35615952932098766 0.313330078125 0.3521921296296296 0.3122139756944444 0.35097974537037036 0.3089895833333334 0.3552228009259259 0.3047109375 0.34866550925925927
1 0.2923177083333333 0.45794753086419754 0.2970920138888889 0.4704861111111111 0.2934027777777778 0.47685185185185186 0.2864583333333333 0.4807098765432099 0.2864583333333333 0.4893904320987654 0.2814670138888889 0.4866898148148148 0.2738715277777778 0.4739583333333333 0.2730034722222222 0.4637345679012346 0.2758246527777778 0.45968364197530864 0.2921006944444444 0.45794753086419754