1 0.6792534722222222 0.8605324074074074 0.6853298611111112 0.8626543209876543 0.6892361111111112 0.8667052469135802 0.6961805555555556 0.8804012345679012 0.6927083333333334 0.8809799382716049 0.6853298611111112 0.8721064814814815 0.6788194444444444 0.8858024691358025 0.6749131944444444 0.8850308641975309 0.6701388888888888 0.8663194444444444 0.6720920138888888 0.8620756172839507 0.6790364583333334 0.8605324074074074
1 0.9533420138888888 0.5858410493827161 0.9552951388888888 0.5906635802469136 0.9600694444444444 0.5943287037037037 0.9561631944444444 0.6039737654320988 0.9572482638888888 0.6087962962962963 0.9637586805555556 0.6159336419753086 0.9600694444444444 0.6195987654320988 0.9325086805555556 0.6024305555555556 0.9357638888888888 0.5862268518518519 0.9435763888888888 0.5925925925925926 0.953125 0.5858410493827161
1 0.5397135416666666 0.9583333333333334 0.5462239583333334 0.9625771604938271 0.5570746527777778 0.9646990740740741 0.5633680555555556 0.9702932098765432 0.5564236111111112 0.9762731481481481 0.5473090277777778 0.9905478395061729 0.5431857638888888 0.9911265432098766 0.5436197916666666 0.9702932098765432 0.5373263888888888 0.9600694444444444 0.5394965277777778 0.9585262345679012
1 0.4229600694444444 0.9891975308641975 0.4353298611111111 0.9913194444444444 0.4333767361111111 0.9998070987654321 0.4190538194444444 0.9998070987654321 0.4171006944444444 0.9913194444444444 0.4227430555555556 0.9891975308641975
1 0.4364149305555556 0.9619984567901234 0.4401041666666667 0.9633487654320988 0.4455295138888889 0.9701003086419753 0.4481336805555556 0.980516975308642 0.4461805555555556 0.9826388888888888 0.4411892361111111 0.9820601851851852 0.4390190972222222 0.9774305555555556 0.4366319444444444 0.9820601851851852 0.4322916666666667 0.982445987654321 0.4255642361111111 0.9702932098765432 0.4288194444444444 0.9629629629629629 0.4361979166666667 0.9619984567901234
1 0.8046875 0.6120756172839507 0.8177083333333334 0.6126543209876543 0.8233506944444444 0.6161265432098766 0.8244357638888888 0.6209490740740741 0.8170572916666666 0.6228780864197531 0.814453125 0.6309799382716049 0.8094618055555556 0.6259645061728395 0.8005642361111112 0.6278935185185185 0.7973090277777778 0.6267361111111112 0.8038194444444444 0.6197916666666666 0.8005642361111112 0.6126543209876543 0.8044704861111112 0.6120756172839507
1 0.5071614583333334 0.7775848765432098 0.5119357638888888 0.7826003086419753 0.5125868055555556 0.7897376543209876 0.5091145833333334 0.8034336419753086 0.501953125 0.808641975308642 0.4967447916666667 0.8072916666666666 0.4908854166666667 0.7935956790123457 0.4913194444444444 0.7866512345679012 0.4947916666666667 0.7820216049382716 0.5069444444444444 0.7775848765432098
1 0.5470920138888888 0.6782407407407407 0.55078125 0.6820987654320988 0.548828125 0.6890432098765432 0.5310329861111112 0.6961805555555556 0.5256076388888888 0.6959876543209876 0.525390625 0.6925154320987654 0.5366753472222222 0.6819058641975309 0.546875 0.6782407407407407
1 0.333984375 0.9625771604938271 0.3402777777777778 0.9670138888888888 0.3387586805555556 0.9733796296296297 0.3350694444444444 0.9766589506172839 0.3283420138888889 0.9729938271604939 0.3209635416666667 0.9755015432098766 0.3148871527777778 0.9702932098765432 0.3166232638888889 0.966820987654321 0.3250868055555556 0.9633487654320988 0.3337673611111111 0.9625771604938271
1 0.5792100694444444 0.6020447530864198 0.5954861111111112 0.6035879629629629 0.5970052083333334 0.6190200617283951 0.5952690972222222 0.6255787037037037 0.591796875 0.6253858024691358 0.5850694444444444 0.6099537037037037 0.5815972222222222 0.609375 0.5809461805555556 0.6128472222222222 0.5779079861111112 0.6141975308641975 0.5700954861111112 0.6060956790123457 0.5696614583333334 0.6022376543209876 0.5789930555555556 0.6020447530864198
1 0.4427083333333333 0.6716820987654321 0.4459635416666667 0.6753472222222222 0.4461805555555556 0.6805555555555556 0.4327256944444444 0.6911651234567902 0.4264322916666667 0.6857638888888888 0.4359809027777778 0.6726466049382716 0.4424913194444444 0.6716820987654321
1 0.2619357638888889 0.956983024691358 0.2799479166666667 0.9592978395061729 0.2730034722222222 0.966820987654321 0.2723524305555556 0.9737654320987654 0.2688802083333333 0.9737654320987654 0.2654079861111111 0.9693287037037037 0.2621527777777778 0.9693287037037037 0.2584635416666667 0.9749228395061729 0.2552083333333333 0.9753086419753086 0.2543402777777778 0.9635416666666666 0.2588975694444444 0.9573688271604939 0.26171875 0.9571759259259259
1 0.3077256944444444 0.8304398148148148 0.3146701388888889 0.8358410493827161 0.3179253472222222 0.8423996913580247 0.3168402777777778 0.8454861111111112 0.3075086805555556 0.8506944444444444 0.3023003472222222 0.8489583333333334 0.3053385416666667 0.8315972222222222 0.3075086805555556 0.8304398148148148
1 0.6868489583333334 0.5773533950617284 0.6937934027777778 0.578125 0.703125 0.5844907407407407 0.7096354166666666 0.5927854938271605 0.7096354166666666 0.5966435185185185 0.7065972222222222 0.5979938271604939 0.6994357638888888 0.5968364197530864 0.6892361111111112 0.5902777777777778 0.6825086805555556 0.5941358024691358 0.6786024305555556 0.5931712962962963 0.6762152777777778 0.5858410493827161 0.6773003472222222 0.5814043209876543 0.6820746527777778 0.5777391975308642 0.6866319444444444 0.5773533950617284
1 0.3359375 0.7027391975308642 0.3454861111111111 0.7065972222222222 0.3452690972222222 0.7081404320987654 0.3383246527777778 0.7091049382716049 0.3411458333333333 0.7133487654320988 0.3350694444444444 0.7141203703703703 0.3311631944444444 0.7116126543209876 0.3151041666666667 0.7154706790123457 0.3135850694444444 0.7135416666666666 0.3192274305555556 0.7108410493827161 0.3224826388888889 0.7029320987654321 0.3357204861111111 0.7027391975308642
1 0.3420138888888889 0.6655092592592593 0.34765625 0.671875 0.3474392361111111 0.6753472222222222 0.33984375 0.683641975308642 0.3407118055555556 0.6952160493827161 0.3350694444444444 0.6971450617283951 0.3309461805555556 0.6961805555555556 0.326171875 0.6792052469135802 0.3283420138888889 0.6745756172839507 0.341796875 0.6655092592592593
1 0.21375868055555555 0.890625 0.2191840277777778 0.8939043209876543 0.2202690972222222 0.9008487654320988 0.20985243055555555 0.9079861111111112 0.20616319444444445 0.9045138888888888 0.2052951388888889 0.8996913580246914 0.20985243055555555 0.8923611111111112 0.21354166666666666 0.890625
1 0.2634548611111111 0.779320987654321 0.267578125 0.7887731481481481 0.2619357638888889 0.8065200617283951 0.2588975694444444 0.8076774691358025 0.2552083333333333 0.8026620370370371 0.25390625 0.7868441358024691 0.2586805555555556 0.7783564814814815 0.2632378472222222 0.779320987654321
1 0.1996527777777778 0.8958333333333334 0.2046440972222222 0.9010416666666666 0.20638020833333334 0.9147376543209876 0.1996527777777778 0.9122299382716049 0.19270833333333334 0.9143518518518519 0.19205729166666666 0.9130015432098766 0.1935763888888889 0.9004629629629629 0.19596354166666666 0.8964120370370371 0.1994357638888889 0.8958333333333334
1 0.296875 0.6630015432098766 0.3140190972222222 0.6684027777777778 0.3142361111111111 0.6795910493827161 0.3003472222222222 0.6799768518518519 0.2897135416666667 0.6828703703703703 0.2810329861111111 0.6682098765432098 0.2829861111111111 0.6668595679012346 0.2897135416666667 0.6701388888888888 0.2934027777777778 0.6693672839506173 0.2966579861111111 0.6631944444444444
1 0.2107204861111111 0.6736111111111112 0.2202690972222222 0.6753472222222222 0.22200520833333334 0.6824845679012346 0.20985243055555555 0.6927083333333334 0.20225694444444445 0.6915509259259259 0.20182291666666666 0.683641975308642 0.19618055555555555 0.6776620370370371 0.2105034722222222 0.6736111111111112
1 0.2914496527777778 0.4573688271604938 0.2942708333333333 0.45968364197530864 0.2973090277777778 0.4704861111111111 0.2934027777777778 0.47723765432098764 0.2866753472222222 0.4807098765432099 0.2864583333333333 0.4893904320987654 0.2810329861111111 0.4861111111111111 0.2736545138888889 0.4739583333333333 0.2725694444444444 0.46296296296296297 0.2749565972222222 0.45968364197530864 0.2827690972222222 0.46122685185185186 0.2912326388888889 0.4573688271604938
1 0.22721354166666666 0.42939814814814814 0.232421875 0.4363425925925926 0.2419704861111111 0.4427083333333333 0.24153645833333334 0.44598765432098764 0.22743055555555555 0.44463734567901236 0.2224392361111111 0.4322916666666667 0.22721354166666666 0.42959104938271603
1 0.9396701388888888 0.3275462962962963 0.9461805555555556 0.3308256172839506 0.9578993055555556 0.3314043209876543 0.962890625 0.33815586419753085 0.9741753472222222 0.33815586419753085 0.9759114583333334 0.3402777777777778 0.9709201388888888 0.34915123456790126 0.9622395833333334 0.3557098765432099 0.9665798611111112 0.3589891975308642 0.9659288194444444 0.36149691358024694 0.9557291666666666 0.36342592592592593 0.953125 0.37094907407407407 0.9494357638888888 0.36940586419753085 0.9453125 0.3626543209876543 0.9418402777777778 0.35262345679012347 0.9427083333333334 0.3452932098765432 0.9377170138888888 0.3422067901234568 0.9342447916666666 0.3315972222222222 0.9353298611111112 0.3277391975308642 0.939453125 0.3275462962962963
1 0.453125 0.22318672839506173 0.4594184027777778 0.22743055555555555 0.4600694444444444 0.2349537037037037 0.4498697916666667 0.24729938271604937 0.4440104166666667 0.23591820987654322 0.4370659722222222 0.23051697530864199 0.443359375 0.22395833333333334 0.4529079861111111 0.22318672839506173
1 0.5648871527777778 0.16319444444444445 0.56640625 0.16531635802469136 0.5631510416666666 0.17881944444444445 0.5505642361111112 0.1840277777777778 0.544921875 0.17901234567901234 0.546875 0.1722608024691358 0.5538194444444444 0.16589506172839505 0.5646701388888888 0.16319444444444445
1 0.4639756944444444 0.16493055555555555 0.4683159722222222 0.16763117283950618 0.4698350694444444 0.1720679012345679 0.466796875 0.17727623456790123 0.4602864583333333 0.17997685185185186 0.4522569444444444 0.17920524691358025 0.4496527777777778 0.17515432098765432 0.4533420138888889 0.16685956790123457 0.4594184027777778 0.16435185185185186 0.4637586805555556 0.16493055555555555
1 0.4253472222222222 0.16030092592592593 0.4320746527777778 0.16165123456790123 0.4340277777777778 0.16415895061728394 0.4309895833333333 0.17496141975308643 0.4255642361111111 0.18190586419753085 0.4214409722222222 0.17920524691358025 0.4197048611111111 0.17380401234567902 0.4227430555555556 0.16165123456790123 0.4251302083333333 0.16030092592592593
1 0.4097222222222222 0.16666666666666666 0.4105902777777778 0.1716820987654321 0.4008246527777778 0.1849922839506173 0.3938802083333333 0.18229166666666666 0.3958333333333333 0.17476851851851852 0.4055989583333333 0.16724537037037038 0.4095052083333333 0.16666666666666666
1 0.4741753472222222 0.10570987654320987 0.4763454861111111 0.10841049382716049 0.4756944444444444 0.11535493827160494 0.470703125 0.12654320987654322 0.4568142361111111 0.12905092592592593 0.453125 0.12885802469135801 0.4496527777777778 0.12307098765432099 0.4496527777777778 0.11439043209876543 0.4529079861111111 0.11265432098765432 0.4633246527777778 0.11593364197530864 0.4739583333333333 0.10570987654320987
1 0.546875 0.07349537037037036 0.5538194444444444 0.08159722222222222 0.5536024305555556 0.08950617283950617 0.5399305555555556 0.08622685185185185 0.5381944444444444 0.08140432098765432 0.5466579861111112 0.07349537037037036
1 0.1892361111111111 0.3699845679012346 0.2065972222222222 0.38059413580246915 0.2065972222222222 0.38657407407407407 0.1996527777777778 0.388695987654321 0.1820746527777778 0.3836805555555556 0.1853298611111111 0.3715277777777778 0.1890190972222222 0.3699845679012346
1 0.2862413194444444 0.2916666666666667 0.2983940972222222 0.3003472222222222 0.2829861111111111 0.3123070987654321 0.2758246527777778 0.30844907407407407 0.2658420138888889 0.314429012345679 0.2654079861111111 0.3099922839506173 0.2727864583333333 0.30169753086419754 0.2760416666666667 0.2935956790123457 0.2860243055555556 0.2916666666666667
1 0.2688802083333333 0.2808641975308642 0.2745225694444444 0.2934027777777778 0.2738715277777778 0.2986111111111111 0.2690972222222222 0.30324074074074076 0.2651909722222222 0.3028549382716049 0.26171875 0.29552469135802467 0.2643229166666667 0.28337191358024694 0.2686631944444444 0.2808641975308642
1 0.11631944444444445 0.7770061728395061 0.11957465277777778 0.7791280864197531 0.1267361111111111 0.779320987654321 0.12999131944444445 0.7860725308641975 0.12434895833333333 0.7951388888888888 0.1228298611111111 0.8032407407407407 0.11848958333333333 0.8042052469135802 0.10590277777777778 0.8040123456790124 0.1091579861111111 0.7829861111111112 0.11284722222222222 0.7777777777777778 0.11610243055555555 0.7770061728395061
1 0.1410590277777778 0.6749614197530864 0.14735243055555555 0.6784336419753086 0.14713541666666666 0.6853780864197531 0.1306423611111111 0.6959876543209876 0.12825520833333334 0.6952160493827161 0.1265190972222222 0.6853780864197531 0.13671875 0.6761188271604939 0.1408420138888889 0.6749614197530864
1 0.13368055555555555 0.6664737654320988 0.13736979166666666 0.668016975308642 0.1391059027777778 0.6716820987654321 0.13975694444444445 0.6751543209876543 0.1371527777777778 0.6778549382716049 0.1265190972222222 0.6869212962962963 0.123046875 0.6875 0.11219618055555555 0.6720679012345679 0.1271701388888889 0.6712962962962963 0.13346354166666666 0.6666666666666666
1 0.12261284722222222 0.44405864197530864 0.13020833333333334 0.4444444444444444 0.13194444444444445 0.4519675925925926 0.13758680555555555 0.4581404320987654 0.140625 0.4591049382716049 0.14778645833333334 0.4564043209876543 0.1508246527777778 0.45987654320987653 0.14756944444444445 0.4683641975308642 0.140625 0.4691358024691358 0.13368055555555555 0.47280092592592593 0.11979166666666667 0.45968364197530864 0.11762152777777778 0.44753086419753085 0.11979166666666667 0.44386574074074076 0.12239583333333333 0.44405864197530864
1 0.13780381944444445 0.3653549382716049 0.15169270833333334 0.376929012345679 0.1527777777777778 0.38348765432098764 0.14778645833333334 0.3871527777777778 0.140625 0.38503086419753085 0.12630208333333334 0.3732638888888889 0.12825520833333334 0.3697916666666667 0.13758680555555555 0.3653549382716049
1 0.24522569444444445 0.2631172839506173 0.24674479166666666 0.2658179012345679 0.24479166666666666 0.27989969135802467 0.2306857638888889 0.2814429012345679 0.22200520833333334 0.2795138888888889 0.22374131944444445 0.2690972222222222 0.2378472222222222 0.267554012345679 0.24500868055555555 0.2631172839506173
1 0.3871527777777778 0.16415895061728394 0.3908420138888889 0.16377314814814814 0.3953993055555556 0.17476851851851852 0.3938802083333333 0.18229166666666666 0.3871527777777778 0.18209876543209877 0.3851996527777778 0.17592592592592593 0.3871527777777778 0.16435185185185186
1 0.4772135416666667 0.07195216049382716 0.4806857638888889 0.07233796296296297 0.4947916666666667 0.08487654320987655 0.4924045138888889 0.08854166666666667 0.4761284722222222 0.08487654320987655 0.4772135416666667 0.07214506172839506
1 0.5431857638888888 0.059799382716049385 0.5490451388888888 0.06404320987654322 0.546875 0.07272376543209877 0.5384114583333334 0.08179012345679013 0.5349392361111112 0.08159722222222222 0.5329861111111112 0.0783179012345679 0.5342881944444444 0.07118055555555555 0.5431857638888888 0.05999228395061729
1 0.4019097222222222 0.06867283950617284 0.4053819444444444 0.08159722222222222 0.4049479166666667 0.08506944444444445 0.4010416666666667 0.08641975308641975 0.3971354166666667 0.08487654320987655 0.3960503472222222 0.07735339506172839 0.3975694444444444 0.06983024691358025 0.4016927083333333 0.06867283950617284
1 0.3487413194444444 0.07253086419753087 0.3539496527777778 0.07619598765432099 0.3546006944444444 0.08159722222222222 0.3513454861111111 0.08487654320987655 0.3435329861111111 0.08603395061728394 0.3350694444444444 0.08314043209876543 0.3326822916666667 0.0777391975308642 0.3383246527777778 0.07388117283950617 0.3485243055555556 0.07253086419753087
1 0.026041666666666668 0.7798996913580247 0.041449652777777776 0.7999614197530864 0.037543402777777776 0.8036265432098766 0.029513888888888888 0.8026620370370371 0.025173611111111112 0.7995756172839507 0.021484375 0.7822145061728395 0.022569444444444444 0.7798996913580247 0.025824652777777776 0.7798996913580247
1 0.07552083333333333 0.36496913580246915 0.09895833333333333 0.37789351851851855 0.09852430555555555 0.38348765432098764 0.091796875 0.39274691358024694 0.08854166666666667 0.3921682098765432 0.0759548611111111 0.38078703703703703 0.0720486111111111 0.3699845679012346 0.07269965277777778 0.36612654320987653 0.07530381944444445 0.36496913580246915
1 0.4924045138888889 0.03298611111111111 0.4954427083333333 0.036458333333333336 0.4947916666666667 0.05092592592592592 0.4917534722222222 0.05343364197530864 0.4858940972222222 0.05073302469135803 0.4848090277777778 0.03993055555555555 0.4874131944444444 0.034722222222222224 0.4921875 0.03298611111111111
1 0.4678819444444444 0.022569444444444444 0.4772135416666667 0.025270061728395063 0.4789496527777778 0.03260030864197531 0.4774305555555556 0.03973765432098766 0.4691840277777778 0.04378858024691358 0.4631076388888889 0.04147376543209876 0.4592013888888889 0.03298611111111111 0.4676649305555556 0.022569444444444444
1 0.6356336805555556 0.9216820987654321 0.6360677083333334 0.9274691358024691 0.6351996527777778 0.9324845679012346 0.63671875 0.9340277777777778 0.6427951388888888 0.9367283950617284 0.6440972222222222 0.9392361111111112 0.6475694444444444 0.939429012345679 0.65234375 0.9363425925925926 0.6569010416666666 0.935570987654321 0.658203125 0.9216820987654321 0.6571180555555556 0.9178240740740741 0.654296875 0.9149305555555556 0.6486545138888888 0.9139660493827161 0.640625 0.9145447530864198 0.63671875 0.9182098765432098
1 0.6273871527777778 0.9116512345679012 0.6265190972222222 0.9155092592592593 0.6276041666666666 0.918016975308642 0.6336805555555556 0.9222608024691358 0.6412760416666666 0.9149305555555556 0.638671875 0.9031635802469136 0.6371527777777778 0.9020061728395061
1 0.4817708333333333 0.1711033950617284 0.4822048611111111 0.18229166666666666 0.4845920138888889 0.18383487654320987 0.4915364583333333 0.18364197530864199 0.4947916666666667 0.17881944444444445 0.4952256944444444 0.17515432098765432 0.4943576388888889 0.17380401234567902 0.4913194444444444 0.1714891975308642 0.484375 0.16878858024691357
1 0.4971788194444444 0.1709104938271605 0.4969618055555556 0.1722608024691358 0.4984809027777778 0.17592592592592593 0.50390625 0.17881944444444445 0.5069444444444444 0.17862654320987653 0.505859375 0.16473765432098766 0.5049913194444444 0.16415895061728394 0.5013020833333334 0.16454475308641975
1 0.5028211805555556 0.16473765432098766 0.5036892361111112 0.16898148148148148 0.5026041666666666 0.171875 0.5056423611111112 0.17862654320987653 0.5119357638888888 0.18152006172839505 0.515625 0.18113425925925927 0.5164930555555556 0.17689043209876543 0.5154079861111112 0.1711033950617284 0.5134548611111112 0.16724537037037038 0.5086805555555556 0.16396604938271606 0.5049913194444444 0.16358024691358025
1 0.5115017361111112 0.16415895061728394 0.5095486111111112 0.16493055555555555 0.5112847222222222 0.16724537037037038 0.513671875 0.17496141975308643 0.5134548611111112 0.17920524691358025 0.5169270833333334 0.18209876543209877 0.5193142361111112 0.18229166666666666 0.5221354166666666 0.18132716049382716 0.5232204861111112 0.17939814814814814 0.5230034722222222 0.17592592592592593 0.5190972222222222 0.16763117283950618 0.515625 0.16415895061728394
1 0.5572916666666666 0.09876543209876543 0.5581597222222222 0.10243055555555555 0.5607638888888888 0.10551697530864197 0.5674913194444444 0.10551697530864197 0.5679253472222222 0.10243055555555555 0.56640625 0.10069444444444445 0.5607638888888888 0.09780092592592593
1 0.5690104166666666 0.09895833333333333 0.5687934027777778 0.10570987654320987 0.5720486111111112 0.10648148148148148 0.5763888888888888 0.10590277777777778 0.5774739583333334 0.10281635802469136 0.5774739583333334 0.09818672839506173 0.5740017361111112 0.09702932098765432
1 0.5831163194444444 0.10243055555555555 0.5822482638888888 0.10590277777777778 0.5850694444444444 0.1076388888888889 0.5885416666666666 0.10493827160493827 0.5891927083333334 0.10300925925925926 0.5885416666666666 0.09895833333333333 0.5848524305555556 0.09915123456790123
1 0.6334635416666666 0.0630787037037037 0.6334635416666666 0.06790123456790123 0.6408420138888888 0.06809413580246913 0.6438802083333334 0.06693672839506173 0.6438802083333334 0.06018518518518518 0.6404079861111112 0.05999228395061729
1 0.4665798611111111 0.19945987654320987 0.4670138888888889 0.2029320987654321 0.46331640625 0.2049207175925926 0.4576371527777778 0.20704513888888887 0.466796875 0.21354166666666666 0.4702690972222222 0.21547067901234568 0.4739583333333333 0.21469907407407407 0.4756944444444444 0.21354166666666666 0.4759114583333333 0.21141975308641975 0.474609375 0.20698302469135801 0.4720052083333333 0.20466820987654322 0.4711371527777778 0.20042438271604937 0.4694010416666667 0.19888117283950618 0.4670138888888889 0.19868827160493827
1 0.4806857638888889 0.20987654320987653 0.478515625 0.21334876543209877 0.4791666666666667 0.21373456790123457 0.4809027777777778 0.21412037037037038 0.4889322916666667 0.21315586419753085 0.4911024305555556 0.20968364197530864 0.4917534722222222 0.20679012345679013 0.4911024305555556 0.2044753086419753 0.4889322916666667 0.2037037037037037 0.4858940972222222 0.2042824074074074
1 0.021484375 0.5241126543209876 0.017795138888888888 0.5250771604938271 0.008463541666666666 0.5256558641975309 0.006727430555555556 0.5264274691358025 0 0.5256558641975309 0 0.5401234567901234 0.0015190972222222222 0.5401234567901234 0.00390625 0.5387731481481481 0.022352430555555556 0.5435956790123457 0.026258680555555556 0.5281635802469136 0.024739583333333332 0.5248842592592593
1 0.025173611111111112 0.4176311728395062 0.024739583333333332 0.421875 0.025607638888888888 0.42824074074074076 0.027777777777777776 0.4305555555555556 0.032769097222222224 0.43209876543209874 0.03797743055555555 0.4322916666666667 0.04188368055555555 0.43209876543209874 0.044270833333333336 0.43074845679012347 0.044921875 0.42939814814814814 0.04470486111111111 0.4251543209876543 0.046875 0.4216820987654321 0.046223958333333336 0.4203317901234568 0.043402777777777776 0.41975308641975306 0.03602430555555555 0.4226466049382716 0.03298611111111111 0.421875 0.029730902777777776 0.4184027777777778 0.026041666666666668 0.41705246913580246
1 0.0015190972222222222 0.41782407407407407 0 0.41782407407407407 0 0.42901234567901236 0.009331597222222222 0.4288194444444444 0.009548611111111112 0.4253472222222222 0.008463541666666666 0.4236111111111111 0.005425347222222222 0.4203317901234568
1 0.3049045138888889 0.35204475308641975 0.3038194444444444 0.3559027777777778 0.3049045138888889 0.359375 0.3092447916666667 0.3599537037037037 0.3159722222222222 0.3591820987654321 0.3146701388888889 0.3582175925925926 0.3133680555555556 0.3549382716049383 0.3153211805555556 0.3506944444444444 0.3172743055555556 0.3497299382716049 0.3177083333333333 0.34857253086419754 0.3070746527777778 0.34953703703703703
1 0.4112413194444444 0.3726851851851852 0.4105902777777778 0.3732638888888889 0.4136284722222222 0.3767361111111111 0.4153645833333333 0.3802083333333333 0.4164496527777778 0.3869598765432099 0.41796875 0.3883101851851852 0.42578125 0.3908179012345679 0.4286024305555556 0.3904320987654321 0.4357638888888889 0.38676697530864196 0.4370659722222222 0.3836805555555556 0.4370659722222222 0.37982253086419754 0.4340277777777778 0.3759645061728395 0.4292534722222222 0.3746141975308642 0.4186197916666667 0.36940586419753085 0.4149305555555556 0.37037037037037035
1 0.4097222222222222 0.279320987654321 0.4095052083333333 0.2827932098765432 0.412109375 0.2829861111111111 0.421875 0.2820216049382716 0.4231770833333333 0.2806712962962963 0.4233940972222222 0.27835648148148145 0.4214409722222222 0.27469135802469136 0.4164496527777778 0.27353395061728397 0.4125434027777778 0.27507716049382713
1 0.7766927083333334 0.982445987654321 0.7764756944444444 0.984375 0.779296875 0.9890046296296297 0.7829861111111112 0.9903549382716049 0.7838541666666666 0.988233024691358 0.7829861111111112 0.982445987654321 0.7795138888888888 0.9809027777777778 0.7775607638888888 0.9812885802469136
1 0.7996961805555556 0.9809027777777778 0.7990451388888888 0.984375 0.8001302083333334 0.9853395061728395 0.8088830295138889 0.9849537037037037 0.8094878472222222 0.9837256944444445 0.810615234375 0.9821080246913579 0.8122628038194445 0.981722800925926 0.8126098090277778 0.9801051311728395 0.8105286458333334 0.977100887345679 0.8068576388888888 0.9785879629629629 0.8033854166666666 0.9791666666666666
1 0.8116319444444444 0.9797453703703703 0.810546875 0.9810956790123457 0.8129340277777778 0.9866898148148148 0.8142361111111112 0.9878472222222222 0.8174913194444444 0.9884259259259259 0.8181423611111112 0.9851466049382716 0.8172743055555556 0.9809027777777778 0.8142361111111112 0.9785879629629629
1 0.822265625 0.9772376543209876 0.8207465277777778 0.9772376543209876 0.8207465277777778 0.9809027777777778 0.8246527777777778 0.9861111111111112 0.8279079861111112 0.9864969135802469 0.8289930555555556 0.9839891975308642 0.8272569444444444 0.9791666666666666
1 0.5700954861111112 0.7920524691358025 0.5694444444444444 0.7934027777777778 0.5711805555555556 0.7974537037037037 0.5744357638888888 0.7991898148148148 0.5815972222222222 0.7961033950617284 0.5846354166666666 0.7974537037037037 0.5881076388888888 0.796875 0.5920138888888888 0.7974537037037037 0.5928819444444444 0.796875 0.5894097222222222 0.7924382716049383 0.5855034722222222 0.7908950617283951 0.5744357638888888 0.7895447530864198 0.572265625 0.7901234567901234
1 0.6046006944444444 0.7941743827160493 0.6022135416666666 0.7997685185185185 0.6024305555555556 0.8024691358024691 0.6041666666666666 0.8005401234567902 0.6095920138888888 0.7993827160493827 0.6115451388888888 0.7966820987654321 0.6128472222222222 0.7924382716049383 0.611328125 0.7907021604938271 0.6091579861111112 0.7901234567901234 0.6067708333333334 0.7912808641975309
1 0.62890625 0.7924382716049383 0.6286892361111112 0.7934027777777778 0.6310763888888888 0.796875 0.63671875 0.8018904320987654 0.6404079861111112 0.8016975308641975 0.6408420138888888 0.7964891975308642 0.6378038194444444 0.7916666666666666 0.6323784722222222 0.7901234567901234 0.6302083333333334 0.7905092592592593
1 0.4633246527777778 0.0470679012345679 0.4661458333333333 0.059799382716049385 0.4644097222222222 0.06577932098765432 0.4568142361111111 0.06944444444444445 0.4529079861111111 0.06905864197530864 0.4494357638888889 0.06172839506172839 0.4516059027777778 0.047839506172839504 0.4598524305555556 0.051118827160493825 0.4631076388888889 0.047260802469135804