1 0.9186197916666666 0.9612268518518519 0.9255642361111112 0.9670138888888888 0.9294704861111112 0.9772376543209876 0.9210069444444444 0.9807098765432098 0.9184027777777778 0.9913194444444444 0.9118923611111112 0.9957561728395061 0.9077690972222222 0.9930555555555556 0.8977864583333334 0.9702932098765432 0.9071180555555556 0.96875 0.9142795138888888 0.9614197530864198 0.9184027777777778 0.9612268518518519
1 0.6786024305555556 0.8578317901234568 0.6857638888888888 0.8672839506172839 0.685546875 0.8784722222222222 0.6825086805555556 0.8875385802469136 0.6770833333333334 0.8850308641975309 0.669921875 0.8695987654320988 0.673828125 0.859375 0.6783854166666666 0.8578317901234568
1 0.6371527777777778 0.9027777777777778 0.6395399305555556 0.904320987654321 0.6421440972222222 0.9135802469135802 0.6508246527777778 0.9133873456790124 0.6571180555555556 0.9184027777777778 0.6566840277777778 0.935570987654321 0.6440972222222222 0.939429012345679 0.6336805555555556 0.9332561728395061 0.6323784722222222 0.921875 0.6273871527777778 0.9145447530864198 0.6369357638888888 0.9029706790123457
1 0.5397135416666666 0.9581404320987654 0.5455729166666666 0.9625771604938271 0.5629340277777778 0.9670138888888888 0.5642361111111112 0.9695216049382716 0.5564236111111112 0.9762731481481481 0.546875 0.9909336419753086 0.5434027777777778 0.9913194444444444 0.5438368055555556 0.9704861111111112 0.5384114583333334 0.9631558641975309 0.5373263888888888 0.9598765432098766 0.5394965277777778 0.9583333333333334
1 0.4253472222222222 0.9897762345679012 0.435546875 0.9913194444444444 0.4353298611111111 0.9998070987654321 0.4186197916666667 0.9998070987654321 0.4175347222222222 0.9907407407407407 0.4251302083333333 0.9897762345679012
1 0.4361979166666667 0.9616126543209876 0.4398871527777778 0.9629629629629629 0.4459635416666667 0.9702932098765432 0.4483506944444444 0.980516975308642 0.4459635416666667 0.9832175925925926 0.4411892361111111 0.9822530864197531 0.4390190972222222 0.9770447530864198 0.4377170138888889 0.9810956790123457 0.4322916666666667 0.982445987654321 0.4253472222222222 0.970679012345679 0.4288194444444444 0.9631558641975309 0.4359809027777778 0.9616126543209876
1 0.8040364583333334 0.6116898148148148 0.8190104166666666 0.6126543209876543 0.8250868055555556 0.6153549382716049 0.8246527777777778 0.6209490740740741 0.8181423611111112 0.6226851851851852 0.8174913194444444 0.6304012345679012 0.8138020833333334 0.6300154320987654 0.8107638888888888 0.6267361111111112 0.8001302083333334 0.6284722222222222 0.8040364583333334 0.6195987654320988 0.796875 0.6178626543209876 0.7951388888888888 0.6128472222222222 0.8038194444444444 0.6116898148148148
1 0.5329861111111112 0.7744984567901234 0.5399305555555556 0.7783564814814815 0.5421006944444444 0.7826003086419753 0.5399305555555556 0.7878086419753086 0.5336371527777778 0.7901234567901234 0.5258246527777778 0.7883873456790124 0.5208333333333334 0.7827932098765432 0.521484375 0.779320987654321 0.5258246527777778 0.7760416666666666 0.5327690972222222 0.7744984567901234
1 0.9437934027777778 0.5914351851851852 0.9461805555555556 0.5931712962962963 0.9526909722222222 0.5883487654320988 0.958984375 0.5887345679012346 0.9559461805555556 0.6060956790123457 0.9576822916666666 0.6107253086419753 0.9641927083333334 0.6159336419753086 0.9600694444444444 0.6197916666666666 0.9329427083333334 0.6022376543209876 0.9322916666666666 0.5987654320987654 0.9377170138888888 0.591820987654321 0.9435763888888888 0.5914351851851852
1 0.5017361111111112 0.7808641975308642 0.5045572916666666 0.8003472222222222 0.5073784722222222 0.8036265432098766 0.4989149305555556 0.8090277777777778 0.4947916666666667 0.8074845679012346 0.4908854166666667 0.7893518518518519 0.4937065972222222 0.7827932098765432 0.5015190972222222 0.7808641975308642
1 0.3289930555555556 0.9621913580246914 0.3363715277777778 0.9633487654320988 0.3402777777777778 0.966820987654321 0.3391927083333333 0.9728009259259259 0.3348524305555556 0.9764660493827161 0.328125 0.9729938271604939 0.3198784722222222 0.9743441358024691 0.3151041666666667 0.9704861111111112 0.3166232638888889 0.9670138888888888 0.3287760416666667 0.9621913580246914
1 0.6875 0.5779320987654321 0.7035590277777778 0.5852623456790124 0.7044270833333334 0.5885416666666666 0.6994357638888888 0.59375 0.6963975694444444 0.5941358024691358 0.6903211805555556 0.591820987654321 0.6825086805555556 0.59375 0.6786024305555556 0.5925925925925926 0.6781684027777778 0.5808256172839507 0.6820746527777778 0.5777391975308642 0.6872829861111112 0.5779320987654321
1 0.5466579861111112 0.6780478395061729 0.55078125 0.6815200617283951 0.548828125 0.6890432098765432 0.5360243055555556 0.6948302469135802 0.525390625 0.6952160493827161 0.525390625 0.6925154320987654 0.5329861111111112 0.6846064814814815 0.5464409722222222 0.6782407407407407
1 0.5815972222222222 0.6020447530864198 0.5941840277777778 0.6024305555555556 0.5952690972222222 0.6140046296296297 0.5815972222222222 0.609375 0.5779079861111112 0.6136188271604939 0.5746527777777778 0.6138117283950617 0.5681423611111112 0.6024305555555556 0.5813802083333334 0.6020447530864198
1 0.4431423611111111 0.671875 0.4461805555555556 0.6753472222222222 0.4461805555555556 0.6811342592592593 0.435546875 0.6907793209876543 0.4322916666666667 0.691358024691358 0.42578125 0.6857638888888888 0.4294704861111111 0.683641975308642 0.4359809027777778 0.6726466049382716 0.4429253472222222 0.671875
1 0.2623697916666667 0.9571759259259259 0.2721354166666667 0.9602623456790124 0.2727864583333333 0.970679012345679 0.2688802083333333 0.9722222222222222 0.265625 0.9689429012345679 0.2628038194444444 0.9693287037037037 0.2584635416666667 0.9747299382716049 0.2552083333333333 0.9755015432098766 0.25390625 0.9635416666666666 0.2586805555555556 0.9579475308641975 0.2621527777777778 0.9571759259259259
1 0.3116319444444444 0.8337191358024691 0.31640625 0.8383487654320988 0.3174913194444444 0.8458719135802469 0.31640625 0.8487654320987654 0.3107638888888889 0.8518518518518519 0.3020833333333333 0.8485725308641975 0.3046875 0.8377700617283951 0.3072916666666667 0.8342978395061729 0.3114149305555556 0.8337191358024691
1 0.3333333333333333 0.7023533950617284 0.3374565972222222 0.7040895061728395 0.3387586805555556 0.7133487654320988 0.3350694444444444 0.7141203703703703 0.3313802083333333 0.7114197530864198 0.3177083333333333 0.7154706790123457 0.3142361111111111 0.7152777777777778 0.3138020833333333 0.7133487654320988 0.3194444444444444 0.7106481481481481 0.3229166666666667 0.7029320987654321 0.3331163194444444 0.7023533950617284
1 0.3350694444444444 0.6726466049382716 0.3409288194444444 0.6786265432098766 0.3396267361111111 0.6863425925925926 0.341796875 0.6925154320987654 0.3400607638888889 0.6959876543209876 0.3357204861111111 0.6971450617283951 0.3307291666666667 0.6961805555555556 0.3259548611111111 0.6824845679012346 0.328125 0.6745756172839507 0.3348524305555556 0.6726466049382716
1 0.2133246527777778 0.8908179012345679 0.21744791666666666 0.8937114197530864 0.2183159722222222 0.9008487654320988 0.216796875 0.9045138888888888 0.2107204861111111 0.9066358024691358 0.20638020833333334 0.9047067901234568 0.20421006944444445 0.8973765432098766 0.20703125 0.8923611111111112 0.2131076388888889 0.8908179012345679
1 0.2586805555555556 0.7758487654320988 0.2619357638888889 0.7762345679012346 0.2673611111111111 0.7858796296296297 0.2621527777777778 0.8088348765432098 0.2562934027777778 0.8070987654320988 0.2536892361111111 0.7910879629629629 0.2584635416666667 0.7760416666666666
1 0.19639756944444445 0.8956404320987654 0.20594618055555555 0.9000771604938271 0.2068142361111111 0.9131944444444444 0.20638020833333334 0.9147376543209876 0.1994357638888889 0.9128086419753086 0.193359375 0.9149305555555556 0.1918402777777778 0.9112654320987654 0.1935763888888889 0.8975694444444444 0.19618055555555555 0.8956404320987654
1 0.2970920138888889 0.6628086419753086 0.3072916666666667 0.6691743827160493 0.3140190972222222 0.6703317901234568 0.314453125 0.6788194444444444 0.2975260416666667 0.6795910493827161 0.2934027777777778 0.6822916666666666 0.2894965277777778 0.6813271604938271 0.2801649305555556 0.6682098765432098 0.2931857638888889 0.6701388888888888 0.296875 0.6628086419753086
1 0.21028645833333334 0.6736111111111112 0.2202690972222222 0.675733024691358 0.22178819444444445 0.6822916666666666 0.20985243055555555 0.6925154320987654 0.20247395833333334 0.6919367283950617 0.20203993055555555 0.6840277777777778 0.197265625 0.6778549382716049 0.21006944444444445 0.6736111111111112
1 0.291015625 0.45698302469135804 0.2934027777777778 0.45794753086419754 0.2970920138888889 0.470679012345679 0.2931857638888889 0.47685185185185186 0.287109375 0.4807098765432099 0.2842881944444444 0.4868827160493827 0.2758246527777778 0.47800925925925924 0.2723524305555556 0.4695216049382716 0.2760416666666667 0.4643132716049383 0.2829861111111111 0.4627700617283951 0.2907986111111111 0.45698302469135804
1 0.2282986111111111 0.43287037037037035 0.24110243055555555 0.44212962962962965 0.24110243055555555 0.44483024691358025 0.2378472222222222 0.44579475308641975 0.2263454861111111 0.4427083333333333 0.224609375 0.4349922839506173 0.2280815972222222 0.43287037037037035
1 0.9396701388888888 0.3273533950617284 0.9459635416666666 0.3308256172839506 0.9568142361111112 0.33024691358024694 0.962890625 0.33796296296296297 0.9739583333333334 0.33834876543209874 0.9761284722222222 0.3412422839506173 0.9641927083333334 0.35474537037037035 0.9659288194444444 0.3605324074074074 0.9555121527777778 0.36323302469135804 0.953125 0.3705632716049383 0.9494357638888888 0.36959876543209874 0.9435763888888888 0.359375 0.9422743055555556 0.3452932098765432 0.9375 0.341820987654321 0.9342447916666666 0.3315972222222222 0.9351128472222222 0.3277391975308642 0.939453125 0.3273533950617284
1 0.4516059027777778 0.22260802469135801 0.4600694444444444 0.22723765432098766 0.4602864583333333 0.23167438271604937 0.4592013888888889 0.23765432098765432 0.4496527777777778 0.24479166666666666 0.4379340277777778 0.23051697530864199 0.4390190972222222 0.22704475308641975 0.4513888888888889 0.22260802469135801
1 0.5648871527777778 0.16358024691358025 0.56640625 0.16493055555555555 0.5631510416666666 0.17862654320987653 0.5505642361111112 0.18441358024691357 0.5462239583333334 0.18209876543209877 0.5451388888888888 0.17515432098765432 0.5538194444444444 0.16647376543209877 0.5646701388888888 0.16358024691358025
1 0.505859375 0.16300154320987653 0.5154079861111112 0.16415895061728394 0.5212673611111112 0.1716820987654321 0.5227864583333334 0.17920524691358025 0.5188802083333334 0.18229166666666666 0.5121527777777778 0.18209876543209877 0.4976128472222222 0.17476851851851852 0.4965277777777778 0.1707175925925926 0.5017361111111112 0.16415895061728394 0.5056423611111112 0.16300154320987653
1 0.4848090277777778 0.16685956790123457 0.4958767361111111 0.171875 0.4947916666666667 0.18267746913580246 0.4694010416666667 0.1857638888888889 0.4633246527777778 0.1896219135802469 0.4598524305555556 0.18942901234567902 0.4631076388888889 0.17708333333333334 0.466796875 0.17341820987654322 0.4702690972222222 0.1753472222222222 0.4778645833333333 0.17496141975308643 0.48046875 0.16743827160493827 0.4845920138888889 0.16685956790123457
1 0.4600694444444444 0.16512345679012347 0.4674479166666667 0.16820987654320987 0.4696180555555556 0.171875 0.4670138888888889 0.17669753086419754 0.458984375 0.18036265432098766 0.4522569444444444 0.17978395061728394 0.4485677083333333 0.17515432098765432 0.4529079861111111 0.16763117283950618 0.4598524305555556 0.16512345679012347
1 0.4370659722222222 0.1711033950617284 0.4466145833333333 0.17573302469135801 0.4476996527777778 0.18364197530864199 0.431640625 0.18595679012345678 0.4253472222222222 0.18904320987654322 0.4231770833333333 0.1873070987654321 0.4253472222222222 0.17939814814814814 0.4312065972222222 0.1712962962962963 0.4368489583333333 0.1711033950617284
1 0.4253472222222222 0.16030092592592593 0.4340277777777778 0.16473765432098766 0.4325086805555556 0.17515432098765432 0.4253472222222222 0.18209876543209877 0.4216579861111111 0.17959104938271606 0.4192708333333333 0.1720679012345679 0.4227430555555556 0.16165123456790123 0.4251302083333333 0.16030092592592593
1 0.4090711805555556 0.16685956790123457 0.4114583333333333 0.1684027777777778 0.4110243055555556 0.1716820987654321 0.4010416666666667 0.1849922839506173 0.3967013888888889 0.18479938271604937 0.3940972222222222 0.18229166666666666 0.3958333333333333 0.17476851851851852 0.4088541666666667 0.16685956790123457
1 0.5755208333333334 0.09606481481481481 0.5785590277777778 0.09837962962962964 0.5774739583333334 0.10243055555555555 0.5750868055555556 0.10590277777777778 0.5711805555555556 0.10667438271604938 0.5657552083333334 0.10590277777777778 0.5653211805555556 0.10223765432098765 0.5753038194444444 0.09606481481481481
1 0.4748263888888889 0.10609567901234568 0.478515625 0.1095679012345679 0.4737413194444444 0.12287808641975309 0.4568142361111111 0.12866512345679013 0.451171875 0.12654320987654322 0.4500868055555556 0.11902006172839506 0.4663628472222222 0.11477623456790123 0.474609375 0.10609567901234568
1 0.5455729166666666 0.08082561728395062 0.017795138888888888 0.015817901234567902
1 0.5431857638888888 0.0630787037037037 0.5470920138888888 0.0642361111111111 0.5475260416666666 0.07484567901234568 0.5377604166666666 0.08236882716049383 0.5345052083333334 0.08159722222222222 0.533203125 0.0783179012345679 0.5342881944444444 0.07118055555555555 0.5431857638888888 0.06327160493827161
1 0.11631944444444445 0.7783564814814815 0.1265190972222222 0.779320987654321 0.12999131944444445 0.7862654320987654 0.12434895833333333 0.7947530864197531 0.123046875 0.8036265432098766 0.10633680555555555 0.8051697530864198 0.10894097222222222 0.7827932098765432 0.11089409722222222 0.7795138888888888 0.11610243055555555 0.7783564814814815
1 0.2810329861111111 0.29475308641975306 0.2916666666666667 0.3011188271604938 0.2899305555555556 0.3082561728395062 0.2838541666666667 0.3113425925925926 0.2725694444444444 0.3072916666666667 0.2766927083333333 0.296875 0.2808159722222222 0.29475308641975306
1 0.14127604166666666 0.6776620370370371 0.14735243055555555 0.6797839506172839 0.14713541666666666 0.6857638888888888 0.13020833333333334 0.6961805555555556 0.12565104166666666 0.6959876543209876 0.1293402777777778 0.6890432098765432 0.125 0.685570987654321 0.1252170138888889 0.6822916666666666 0.1410590277777778 0.6776620370370371
1 0.1857638888888889 0.3699845679012346 0.1892361111111111 0.37017746913580246 0.19596354166666666 0.3755787037037037 0.2029079861111111 0.3753858024691358 0.20768229166666666 0.38329475308641975 0.20572916666666666 0.3871527777777778 0.1996527777777778 0.3888888888888889 0.18229166666666666 0.38425925925925924 0.1857638888888889 0.37017746913580246
1 0.2688802083333333 0.28125 0.2747395833333333 0.2932098765432099 0.2699652777777778 0.30343364197530864 0.2654079861111111 0.30304783950617287 0.26171875 0.2941743827160494 0.2643229166666667 0.2835648148148148 0.2686631944444444 0.2814429012345679
1 0.13368055555555555 0.6664737654320988 0.13758680555555555 0.6684027777777778 0.13780381944444445 0.6774691358024691 0.1232638888888889 0.6832561728395061 0.11176215277777778 0.6720679012345679 0.126953125 0.6712962962962963 0.13346354166666666 0.6666666666666666
1 0.12022569444444445 0.4434799382716049 0.123046875 0.44540895061728397 0.12999131944444445 0.44386574074074076 0.1312934027777778 0.44598765432098764 0.13389756944444445 0.46045524691358025 0.1328125 0.46315586419753085 0.1273871527777778 0.4652777777777778 0.11979166666666667 0.45987654320987653 0.1171875 0.4529320987654321 0.1169704861111111 0.4461805555555556 0.12000868055555555 0.4434799382716049
1 0.13346354166666666 0.3663194444444444 0.1371527777777778 0.3663194444444444 0.14735243055555555 0.3732638888888889 0.15321180555555555 0.3800154320987654 0.1525607638888889 0.38406635802469136 0.1488715277777778 0.3869598765432099 0.1408420138888889 0.38522376543209874 0.1265190972222222 0.3732638888888889 0.13346354166666666 0.36651234567901236
1 0.026041666666666668 0.7795138888888888 0.039713541666666664 0.7999614197530864 0.037109375 0.8026620370370371 0.029513888888888888 0.8026620370370371 0.024305555555555556 0.7997685185185185 0.021267361111111112 0.7822145061728395 0.025824652777777776 0.7795138888888888
1 0 0.511766975308642 0.002170138888888889 0.5123456790123457 0.008029513888888888 0.5235339506172839 0.023220486111111112 0.5233410493827161 0.026475694444444444 0.5258487654320988 0.01953125 0.5428240740740741 0.014973958333333334 0.5432098765432098 0.008897569444444444 0.5378086419753086 0.004991319444444444 0.5405092592592593 0 0.5407021604938271 0 0.5119598765432098
1 0.8177083333333334 0.03568672839506173 0.8302951388888888 0.03973765432098766 0.830078125 0.0466820987654321 0.8246527777777778 0.05015432098765432 0.8053385416666666 0.0466820987654321 0.8068576388888888 0.03973765432098766 0.8109809027777778 0.036265432098765434 0.8174913194444444 0.03568672839506173
1 0.3902994791666667 0.17390046296296297 0.010633680555555556 0.01986882716049383
1 0.4739583333333333 0.07291666666666667 0.4841579861111111 0.0777391975308642 0.4911024305555556 0.0783179012345679 0.4930555555555556 0.08140432098765432 0.4915364583333333 0.08603395061728394 0.4728732638888889 0.08834876543209877 0.4737413194444444 0.07310956790123457
1 0.4014756944444444 0.06867283950617284 0.4045138888888889 0.07253086419753087 0.4053819444444444 0.08179012345679013 0.4049479166666667 0.08487654320987655 0.4010416666666667 0.08661265432098765 0.3973524305555556 0.08487654320987655 0.3962673611111111 0.0777391975308642 0.3975694444444444 0.07118055555555555 0.4012586805555556 0.06867283950617284
1 0.3454861111111111 0.07195216049382716 0.3541666666666667 0.07503858024691358 0.3552517361111111 0.0783179012345679 0.3522135416666667 0.08429783950617284 0.3409288194444444 0.08584104938271606 0.3331163194444444 0.08159722222222222 0.3344184027777778 0.07696759259259259 0.3452690972222222 0.07214506172839506
1 0.022352430555555556 0.4149305555555556 0.029296875 0.4211033950617284 0.03624131944444445 0.41724537037037035 0.039713541666666664 0.4184027777777778 0.043619791666666664 0.4288194444444444 0.04079861111111111 0.43132716049382713 0.023654513888888888 0.4288194444444444 0.022352430555555556 0.41512345679012347
1 0.4533420138888889 0.0466820987654321 0.4598524305555556 0.051890432098765434 0.4635416666666667 0.04841820987654321 0.46484375 0.053626543209876545 0.46484375 0.0642361111111111 0.4565972222222222 0.06886574074074074 0.4516059027777778 0.06751543209876543 0.4496527777777778 0.062114197530864196 0.453125 0.0466820987654321
1 0.4932725694444444 0.033371913580246916 0.4952256944444444 0.036458333333333336 0.4947916666666667 0.050540123456790126 0.4917534722222222 0.05324074074074074 0.4861111111111111 0.050540123456790126 0.484375 0.03973765432098766 0.4878472222222222 0.034722222222222224 0.4930555555555556 0.033371913580246916
1 0.4672309027777778 0.021604938271604937 0.4772135416666667 0.027199074074074073 0.4791666666666667 0.03260030864197531 0.4774305555555556 0.03993055555555555 0.470703125 0.044174382716049385 0.4665798611111111 0.04398148148148148 0.4596354166666667 0.036458333333333336 0.4596354166666667 0.03202160493827161 0.4670138888888889 0.021604938271604937
1 0.42429036458333336 0.3835783179012346 0.03407552083333334 0.022650462962962963
1 0.4607204861111111 0.20640432098765432 0.462890625 0.21103395061728394 0.4654947916666667 0.21431327160493827 0.4741753472222222 0.21469907407407407 0.478515625 0.21334876543209877 0.4769965277777778 0.21064814814814814 0.470703125 0.20794753086419754 0.466796875 0.2042824074074074
1 0.4858940972222222 0.20466820987654322 0.4778645833333333 0.21257716049382716 0.4756944444444444 0.21334876543209877 0.4800347222222222 0.21489197530864199 0.4893663194444444 0.21412037037037038 0.4911024305555556 0.21084104938271606 0.4915364583333333 0.20621141975308643 0.4911024305555556 0.20505401234567902 0.4891493055555556 0.2040895061728395
1 0.7756076388888888 0.9807098765432098 0.779296875 0.9888117283950617 0.7829861111111112 0.9905478395061729 0.7840711805555556 0.9880401234567902 0.7834201388888888 0.9832175925925926 0.7795138888888888 0.9807098765432098
1 0.8211805555555556 0.9783950617283951 0.8209635416666666 0.9810956790123457 0.8229166666666666 0.9868827160493827 0.8244357638888888 0.9886188271604939 0.8279079861111112 0.9893904320987654 0.8296440972222222 0.9876543209876543 0.8296440972222222 0.9836033950617284 0.8276909722222222 0.9793595679012346 0.8248697916666666 0.9778163580246914
1 0.8092725694444445 0.9855893132716049 0.7982730034722222 0.9864430941358023 0.7982730034722222 0.9788537808641975 0.8129036458333334 0.978379436728395
1 0.8120225694444445 0.9804963348765432 0.8120492621527777 0.9869174382716049 0.8174956597222223 0.9872021604938271 0.8167480468749999 0.9803717206790123
1 0.33984375 0.7060185185185185 0.3389756944444444 0.7135416666666666 0.341796875 0.7162422839506173 0.3452690972222222 0.7162422839506173 0.3461371527777778 0.7108410493827161 0.3491753472222222 0.703125 0.3459201388888889 0.7021604938271605 0.3420138888888889 0.7023533950617284 0.3409288194444444 0.703125
1 0.349609375 0.7027391975308642 0.349609375 0.7037037037037037 0.3528645833333333 0.7065972222222222 0.3626302083333333 0.7110339506172839 0.3637152777777778 0.7098765432098766 0.3639322916666667 0.7062114197530864 0.3621961805555556 0.7033179012345679 0.3543836805555556 0.7023533950617284
1 0.3279079861111111 0.6770833333333334 0.328125 0.6797839506172839 0.3298611111111111 0.6792052469135802 0.3381076388888889 0.6822916666666666 0.3420138888888889 0.6805555555555556 0.3487413194444444 0.6805555555555556 0.349609375 0.6792052469135802 0.3483072916666667 0.6716820987654321 0.3467881944444444 0.6687885802469136 0.341796875 0.6643518518518519 0.3383246527777778 0.6655092592592593 0.3350694444444444 0.6682098765432098