1 0.8253038194444444 0.9782021604938271 0.8268229166666666 0.9837962962962963 0.8224826388888888 0.988233024691358 0.8142361111111112 0.9845679012345679 0.8036024305555556 0.9853395061728395 0.8012152777777778 0.9809027777777778 0.8129340277777778 0.9780092592592593 0.8250868055555556 0.9782021604938271
1 0.732421875 0.9845679012345679 0.7376302083333334 0.9876543209876543 0.734375 0.9924768518518519 0.7309027777777778 0.9917052469135802 0.7282986111111112 0.9878472222222222 0.7322048611111112 0.9845679012345679
1 0.7899305555555556 0.7910879629629629 0.7942708333333334 0.7934027777777778 0.7966579861111112 0.8003472222222222 0.7931857638888888 0.8001543209876543 0.7873263888888888 0.7932098765432098 0.7897135416666666 0.7910879629629629
1 0.6651475694444444 0.9128086419753086 0.6716579861111112 0.9216820987654321 0.6684027777777778 0.9342206790123457 0.6647135416666666 0.9334490740740741 0.6577690972222222 0.921875 0.6610243055555556 0.9135802469135802 0.6649305555555556 0.9128086419753086
1 0.9494357638888888 0.6003086419753086 0.9676649305555556 0.6128472222222222 0.966796875 0.6161265432098766 0.9576822916666666 0.6176697530864198 0.9533420138888888 0.623070987654321 0.9359809027777778 0.6107253086419753 0.9338107638888888 0.6062885802469136 0.9390190972222222 0.6012731481481481 0.94921875 0.6003086419753086
1 0.6371527777777778 0.9064429012345679 0.6473524305555556 0.9151234567901234 0.6443142361111112 0.9216820987654321 0.6338975694444444 0.9255401234567902 0.6265190972222222 0.9241898148148148 0.6219618055555556 0.9185956790123457 0.6217447916666666 0.9145447530864198 0.6232638888888888 0.9112654320987654 0.6369357638888888 0.9064429012345679
1 0.8003472222222222 0.6957947530864198 0.8057725694444444 0.7033179012345679 0.8059895833333334 0.716820987654321 0.8114149305555556 0.7237654320987654 0.8107638888888888 0.7256944444444444 0.7962239583333334 0.7237654320987654 0.794921875 0.7133487654320988 0.7897135416666666 0.7029320987654321 0.7944878472222222 0.6961805555555556 0.8001302083333334 0.6957947530864198
1 0.5609809027777778 0.9670138888888888 0.5651041666666666 0.9699074074074074 0.5666232638888888 0.9774305555555556 0.5555555555555556 0.9822530864197531 0.5538194444444444 0.9922839506172839 0.5399305555555556 0.9797453703703703 0.5390625 0.9737654320987654 0.54296875 0.9693287037037037 0.5492621527777778 0.9701003086419753 0.5607638888888888 0.9670138888888888
1 0.6247829861111112 0.7912808641975309 0.626953125 0.7961033950617284 0.6234809027777778 0.8032407407407407 0.619140625 0.793016975308642 0.6245659722222222 0.7912808641975309
1 0.6134982638888888 0.7907021604938271 0.6167534722222222 0.7934027777777778 0.6128472222222222 0.7993827160493827 0.6087239583333334 0.793016975308642 0.61328125 0.7907021604938271
1 0.8094618055555556 0.6122685185185185 0.826171875 0.6128472222222222 0.8326822916666666 0.6161265432098766 0.833984375 0.6197916666666666 0.83203125 0.6219135802469136 0.8185763888888888 0.6234567901234568 0.8129340277777778 0.623070987654321 0.8081597222222222 0.6176697530864198 0.7994791666666666 0.6128472222222222 0.8092447916666666 0.6122685185185185
1 0.9375 0.35281635802469136 0.9429253472222222 0.3549382716049383 0.9431423611111112 0.359375 0.9353298611111112 0.36921296296296297 0.9290364583333334 0.3732638888888889 0.921875 0.3705632716049383 0.9216579861111112 0.36574074074074076 0.9301215277777778 0.3557098765432099 0.9372829861111112 0.35281635802469136
1 0.5783420138888888 0.7907021604938271 0.5833333333333334 0.7932098765432098 0.5815972222222222 0.8003472222222222 0.5779079861111112 0.7995756172839507 0.5759548611111112 0.7928240740740741 0.578125 0.7907021604938271
1 0.4509548611111111 0.9658564814814815 0.45703125 0.96875 0.4596354166666667 0.9747299382716049 0.453125 0.9926697530864198 0.4461805555555556 0.9841820987654321 0.4383680555555556 0.9841820987654321 0.4416232638888889 0.9701003086419753 0.4507378472222222 0.9658564814814815
1 0.4227430555555556 0.9897762345679012 0.4342447916666667 0.9945987654320988 0.4353298611111111 0.9998070987654321 0.4168836805555556 0.9998070987654321 0.4181857638888889 0.9926697530864198 0.4225260416666667 0.9897762345679012
1 0.5310329861111112 0.7746913580246914 0.5375434027777778 0.7760416666666666 0.5421006944444444 0.7798996913580247 0.5401475694444444 0.7874228395061729 0.5353732638888888 0.7883873456790124 0.5258246527777778 0.7883873456790124 0.5199652777777778 0.7829861111111112 0.5210503472222222 0.779320987654321 0.5308159722222222 0.7746913580246914
1 0.5056423611111112 0.7798996913580247 0.5110677083333334 0.7827932098765432 0.513671875 0.7899305555555556 0.5123697916666666 0.796875 0.5147569444444444 0.8036265432098766 0.5119357638888888 0.8059413580246914 0.5017361111111112 0.7941743827160493 0.5 0.7827932098765432 0.5054253472222222 0.7798996913580247
1 0.7035590277777778 0.5827546296296297 0.7063802083333334 0.5850694444444444 0.7074652777777778 0.591820987654321 0.7033420138888888 0.6016589506172839 0.6963975694444444 0.5989583333333334 0.6946614583333334 0.595679012345679 0.6955295138888888 0.5839120370370371 0.7033420138888888 0.5827546296296297
1 0.6907552083333334 0.5804398148148148 0.6957465277777778 0.5846836419753086 0.6953125 0.5949074074074074 0.6927083333333334 0.5981867283950617 0.6857638888888888 0.5960648148148148 0.6822916666666666 0.5887345679012346 0.685546875 0.5821759259259259 0.6905381944444444 0.5804398148148148
1 0.4991319444444444 0.7795138888888888 0.5030381944444444 0.7827932098765432 0.5043402777777778 0.7966820987654321 0.5030381944444444 0.8074845679012346 0.4982638888888889 0.8096064814814815 0.4954427083333333 0.8072916666666666 0.4906684027777778 0.7881944444444444 0.4924045138888889 0.7827932098765432 0.4989149305555556 0.7795138888888888
1 0.5473090277777778 0.6730324074074074 0.5520833333333334 0.6786265432098766 0.5520833333333334 0.6820987654320988 0.5438368055555556 0.6932870370370371 0.5377604166666666 0.6896219135802469 0.53515625 0.6820987654320988 0.5399305555555556 0.6741898148148148 0.5470920138888888 0.6730324074074074
1 0.5991753472222222 0.6024305555555556 0.6143663194444444 0.6030092592592593 0.6174045138888888 0.605516975308642 0.6052517361111112 0.6059027777777778 0.5991753472222222 0.6026234567901234
1 0.3292100694444444 0.9616126543209876 0.3383246527777778 0.9658564814814815 0.3385416666666667 0.9718364197530864 0.3142361111111111 0.9735725308641975 0.3090277777777778 0.9702932098765432 0.3103298611111111 0.9681712962962963 0.322265625 0.9619984567901234 0.3289930555555556 0.9616126543209876
1 0.5926649305555556 0.6022376543209876 0.59765625 0.6033950617283951 0.595703125 0.6159336419753086 0.5885416666666666 0.6120756172839507 0.5846354166666666 0.6136188271604939 0.5766059027777778 0.6057098765432098 0.5770399305555556 0.6022376543209876 0.5924479166666666 0.6022376543209876
1 0.4264322916666667 0.6743827160493827 0.4353298611111111 0.675733024691358 0.435546875 0.6822916666666666 0.4322916666666667 0.6859567901234568 0.4216579861111111 0.6878858024691358 0.4147135416666667 0.6921296296296297 0.4138454861111111 0.6846064814814815 0.4001736111111111 0.6788194444444444 0.4262152777777778 0.6743827160493827
1 0.2736545138888889 0.9583333333333334 0.2782118055555556 0.9598765432098766 0.2795138888888889 0.9625771604938271 0.279296875 0.9689429012345679 0.2762586805555556 0.9718364197530864 0.2690972222222222 0.9681712962962963 0.2619357638888889 0.9673996913580247 0.2599826388888889 0.9650848765432098 0.2621527777777778 0.9592978395061729 0.2734375 0.9583333333333334
1 0.2934027777777778 0.8317901234567902 0.3020833333333333 0.8364197530864198 0.3146701388888889 0.8381558641975309 0.3179253472222222 0.8416280864197531 0.3116319444444444 0.8630401234567902 0.3051215277777778 0.8647762345679012 0.3012152777777778 0.8460648148148148 0.2918836805555556 0.8350694444444444 0.2934027777777778 0.831983024691358
1 0.3493923611111111 0.7029320987654321 0.3576388888888889 0.703125 0.3556857638888889 0.7177854938271605 0.3489583333333333 0.7152777777777778 0.3422309027777778 0.7173996913580247 0.3368055555555556 0.7152777777777778 0.3365885416666667 0.7052469135802469 0.3400607638888889 0.703125 0.3491753472222222 0.7029320987654321
1 0.3454861111111111 0.703125 0.3420138888888889 0.7098765432098766 0.34375 0.7125771604938271 0.3424479166666667 0.7170138888888888 0.3381076388888889 0.7166280864197531 0.3350694444444444 0.7098765432098766 0.3276909722222222 0.7146990740740741 0.3211805555555556 0.7152777777777778 0.3209635416666667 0.7077546296296297 0.3246527777777778 0.7027391975308642 0.3452690972222222 0.703125
1 0.2068142361111111 0.8910108024691358 0.2133246527777778 0.8940972222222222 0.21354166666666666 0.8989197530864198 0.19986979166666666 0.9041280864197531 0.1976996527777778 0.9014274691358025 0.1994357638888889 0.8940972222222222 0.2065972222222222 0.8910108024691358
1 0.20985243055555555 0.8923611111111112 0.21375868055555555 0.8971836419753086 0.2126736111111111 0.9112654320987654 0.20985243055555555 0.9149305555555556 0.19661458333333334 0.9220679012345679 0.1955295138888889 0.9178240740740741 0.1996527777777778 0.9083719135802469 0.1994357638888889 0.8964120370370371 0.203125 0.8921682098765432 0.20963541666666666 0.8923611111111112
1 0.16861979166666666 0.9187885802469136 0.171875 0.921875 0.16471354166666666 0.9274691358024691 0.16145833333333334 0.9255401234567902 0.16145833333333334 0.9209104938271605 0.1684027777777778 0.9187885802469136
1 0.1345486111111111 0.9540895061728395 0.1371527777777778 0.9544753086419753 0.1401909722222222 0.9598765432098766 0.1369357638888889 0.9701003086419753 0.13780381944444445 0.9839891975308642 0.13020833333333334 0.9768518518518519 0.1228298611111111 0.9807098765432098 0.1293402777777778 0.9591049382716049 0.1343315972222222 0.9540895061728395
1 0.328125 0.6670524691358025 0.3309461805555556 0.6705246913580247 0.341796875 0.6711033950617284 0.3491753472222222 0.6741898148148148 0.3563368055555556 0.6813271604938271 0.3487413194444444 0.6896219135802469 0.3326822916666667 0.6915509259259259 0.3276909722222222 0.6915509259259259 0.3253038194444444 0.689429012345679 0.3283420138888889 0.6820987654320988 0.3240017361111111 0.6714891975308642 0.3279079861111111 0.6670524691358025
1 0.3326822916666667 0.6695601851851852 0.3415798611111111 0.671875 0.3348524305555556 0.6743827160493827 0.3285590277777778 0.6805555555555556 0.3246527777777778 0.6782407407407407 0.3226996527777778 0.6684027777777778 0.328125 0.6647376543209876 0.3324652777777778 0.6695601851851852
1 0.3179253472222222 0.668016975308642 0.3187934027777778 0.6720679012345679 0.310546875 0.6801697530864198 0.3062065972222222 0.6786265432098766 0.3057725694444444 0.671875 0.3101128472222222 0.6684027777777778 0.3177083333333333 0.668016975308642
1 0.2966579861111111 0.6684027777777778 0.3044704861111111 0.6747685185185185 0.3055555555555556 0.6782407407407407 0.296875 0.6932870370370371 0.2897135416666667 0.6944444444444444 0.2829861111111111 0.6880787037037037 0.2808159722222222 0.6824845679012346 0.2819010416666667 0.675733024691358 0.2894965277777778 0.6743827160493827 0.2964409722222222 0.6685956790123457
1 0.2113715277777778 0.671875 0.21354166666666666 0.6743827160493827 0.21397569444444445 0.6824845679012346 0.2046440972222222 0.6927083333333334 0.19249131944444445 0.6925154320987654 0.1892361111111111 0.6834490740740741 0.1996527777777778 0.6745756172839507 0.2111545138888889 0.671875
1 0.6026475694444444 0.35165895061728397 0.6069878472222222 0.35532407407407407 0.6080729166666666 0.36651234567901236 0.6059027777777778 0.3732638888888889 0.5993923611111112 0.37808641975308643 0.5952690972222222 0.3765432098765432 0.5928819444444444 0.36940586419753085 0.6024305555555556 0.35165895061728397
1 0.447265625 0.376929012345679 0.4490017361111111 0.37962962962962965 0.4474826388888889 0.38348765432098764 0.4353298611111111 0.3879243827160494 0.4286024305555556 0.3854166666666667 0.4286024305555556 0.3773148148148148 0.4333767361111111 0.3757716049382716 0.4470486111111111 0.376929012345679
1 0.5297309027777778 0.19926697530864199 0.5345052083333334 0.21064814814814814 0.5345052083333334 0.21334876543209877 0.5310329861111112 0.21392746913580246 0.5199652777777778 0.21334876543209877 0.5295138888888888 0.19926697530864199
1 0.4704861111111111 0.19888117283950618 0.4769965277777778 0.2023533950617284 0.4858940972222222 0.2027391975308642 0.4854600694444444 0.21334876543209877 0.4704861111111111 0.21373456790123457 0.4702690972222222 0.19907407407407407
1 0.4459635416666667 0.20717592592592593 0.4561631944444444 0.2170138888888889 0.45703125 0.22743055555555555 0.4657118055555556 0.24459876543209877 0.4633246527777778 0.24633487654320987 0.4359809027777778 0.2309027777777778 0.4379340277777778 0.2204861111111111 0.4459635416666667 0.20736882716049382
1 0.9997829861111112 0.13059413580246915 0.9997829861111112 0.15933641975308643 0.9952256944444444 0.15991512345679013 0.9828559027777778 0.1545138888888889 0.9798177083333334 0.14718364197530864 0.9911024305555556 0.13310185185185186 0.9995659722222222 0.13059413580246915
1 0.5536024305555556 0.16145833333333334 0.5642361111111112 0.16415895061728394 0.5625 0.17862654320987653 0.5503472222222222 0.18325617283950618 0.5451388888888888 0.17496141975308643 0.5536024305555556 0.16165123456790123
1 0.4878472222222222 0.1701388888888889 0.4932725694444444 0.1732253086419753 0.4911024305555556 0.18441358024691357 0.4856770833333333 0.1857638888888889 0.4841579861111111 0.19058641975308643 0.4728732638888889 0.18229166666666666 0.4715711805555556 0.17881944444444445 0.4739583333333333 0.17592592592592593 0.4835069444444444 0.17457561728395063 0.4876302083333333 0.17033179012345678
1 0.5188802083333334 0.15856481481481483 0.5227864583333334 0.16801697530864199 0.5225694444444444 0.17554012345679013 0.5197482638888888 0.17862654320987653 0.5132378472222222 0.18016975308641975 0.5078125 0.17901234567901234 0.5047743055555556 0.17554012345679013 0.5049913194444444 0.16242283950617284 0.5086805555555556 0.16107253086419754 0.5121527777777778 0.16319444444444445 0.5186631944444444 0.15856481481481483
1 0.5049913194444444 0.15027006172839505 0.5071614583333334 0.16126543209876543 0.5049913194444444 0.1736111111111111 0.4978298611111111 0.1736111111111111 0.4911024305555556 0.17766203703703703 0.4865451388888889 0.1732253086419753 0.4845920138888889 0.16647376543209877 0.4876302083333333 0.1570216049382716 0.4913194444444444 0.15316358024691357 0.501953125 0.1527777777777778 0.5047743055555556 0.15046296296296297
1 0.4229600694444444 0.16473765432098766 0.4312065972222222 0.16743827160493827 0.4286024305555556 0.18094135802469136 0.4194878472222222 0.17862654320987653 0.4168836805555556 0.17476851851851852 0.41796875 0.16628086419753085 0.4227430555555556 0.16473765432098766
1 0.4635416666666667 0.15065586419753085 0.4685329861111111 0.15393518518518517 0.4739583333333333 0.16801697530864199 0.4715711805555556 0.1724537037037037 0.4639756944444444 0.17573302469135801 0.4596354166666667 0.1753472222222222 0.4548611111111111 0.1716820987654321 0.4544270833333333 0.16859567901234568 0.4559461805555556 0.15432098765432098 0.4592013888888889 0.15084876543209877 0.4633246527777778 0.15065586419753085
1 0.4357638888888889 0.1587577160493827 0.4392361111111111 0.16010802469135801 0.4450954861111111 0.1753472222222222 0.4427083333333333 0.18209876543209877 0.4322916666666667 0.1875 0.4283854166666667 0.18595679012345678 0.4320746527777778 0.16512345679012347 0.435546875 0.15895061728395063
1 0.4982638888888889 0.140625 0.5021701388888888 0.15123456790123457 0.4908854166666667 0.15065586419753085 0.484375 0.15432098765432098 0.4780815972222222 0.15104166666666666 0.484375 0.1412037037037037 0.4950086805555556 0.14255401234567902 0.498046875 0.1408179012345679
1 0.4984809027777778 0.1423611111111111 0.5052083333333334 0.14776234567901234 0.5065104166666666 0.16184413580246915 0.5036892361111112 0.16917438271604937 0.4945746527777778 0.17341820987654322 0.4878472222222222 0.1716820987654321 0.4835069444444444 0.16435185185185186 0.4739583333333333 0.16145833333333334 0.4722222222222222 0.1574074074074074 0.4752604166666667 0.1545138888888889 0.4741753472222222 0.15065586419753085 0.484375 0.14371141975308643 0.4982638888888889 0.1423611111111111
1 0.4841579861111111 0.14216820987654322 0.4915364583333333 0.1440972222222222 0.4934895833333333 0.14718364197530864 0.484375 0.16261574074074073 0.4739583333333333 0.16319444444444445 0.4704861111111111 0.15933641975308643 0.4678819444444444 0.15007716049382716 0.4694010416666667 0.14332561728395063 0.4778645833333333 0.14718364197530864 0.4841579861111111 0.1423611111111111
1 0.4184027777777778 0.17689043209876543 0.41796875 0.16763117283950618 0.4294704861111111 0.16531635802469136 0.4357638888888889 0.15914351851851852 0.4390190972222222 0.15991512345679013 0.4427083333333333 0.16820987654320987 0.4450954861111111 0.1753472222222222 0.443359375 0.18094135802469136 0.435546875 0.1867283950617284 0.4279513888888889 0.1892361111111111 0.4262152777777778 0.18190586419753085 0.4186197916666667 0.17689043209876543
1 0.5783420138888888 0.09702932098765432 0.5798611111111112 0.09915123456790123 0.5746527777777778 0.10609567901234568 0.5705295138888888 0.10551697530864197 0.5679253472222222 0.10223765432098765 0.578125 0.09702932098765432
1 0.5572916666666666 0.09625771604938271 0.5698784722222222 0.10223765432098765 0.5679253472222222 0.10570987654320987 0.5651041666666666 0.10609567901234568 0.5572916666666666 0.10455246913580248 0.5553385416666666 0.09915123456790123 0.5570746527777778 0.09625771604938271
1 0.5572916666666666 0.09625771604938271 0.5703125 0.10011574074074074 0.5792100694444444 0.09799382716049383 0.5748697916666666 0.10570987654320987 0.5657552083333334 0.10628858024691358 0.5570746527777778 0.10397376543209877 0.5553385416666666 0.09934413580246913 0.5570746527777778 0.09625771604938271
1 0.6414930555555556 0.057291666666666664 0.6438802083333334 0.05787037037037037 0.64453125 0.06462191358024691 0.6438802083333334 0.06751543209876543 0.6408420138888888 0.06770833333333333 0.6373697916666666 0.06732253086419752 0.6360677083333334 0.06404320987654322 0.6412760416666666 0.057291666666666664
1 0.5453559027777778 0.07272376543209877 0.5486111111111112 0.07503858024691358 0.5503472222222222 0.08179012345679013 0.548828125 0.08526234567901235 0.5442708333333334 0.08680555555555555 0.5394965277777778 0.08506944444444445 0.5384114583333334 0.0779320987654321 0.5399305555555556 0.07426697530864197 0.5451388888888888 0.07272376543209877
1 0.6302083333333334 0.05652006172839506 0.6336805555555556 0.05690586419753087 0.63671875 0.0623070987654321 0.640625 0.05806327160493827 0.6438802083333334 0.05844907407407408 0.6443142361111112 0.0630787037037037 0.642578125 0.06751543209876543 0.6302083333333334 0.06732253086419752 0.6302083333333334 0.056712962962962965
1 0.6302083333333334 0.05632716049382716 0.6336805555555556 0.05709876543209876 0.6354166666666666 0.0642361111111111 0.6345486111111112 0.06751543209876543 0.6295572916666666 0.06693672839506173 0.6302083333333334 0.05652006172839506
1 0.4561631944444444 0.11265432098765432 0.4633246527777778 0.11516203703703703 0.4665798611111111 0.11979166666666667 0.466796875 0.1232638888888889 0.4620225694444444 0.12731481481481483 0.4485677083333333 0.1267361111111111 0.4416232638888889 0.12307098765432099 0.4427083333333333 0.11863425925925926 0.4559461805555556 0.11265432098765432
1 0.5536024305555556 0.06481481481481481 0.5577256944444444 0.07118055555555555 0.5568576388888888 0.08179012345679013 0.5538194444444444 0.08429783950617284 0.5490451388888888 0.08198302469135803 0.5492621527777778 0.06751543209876543 0.5533854166666666 0.06500771604938271
1 0.4008246527777778 0.16242283950617284 0.40625 0.17457561728395063 0.4012586805555556 0.1853780864197531 0.390625 0.18171296296296297 0.3882378472222222 0.1724537037037037 0.3895399305555556 0.16454475308641975 0.3940972222222222 0.16628086419753085 0.4006076388888889 0.16242283950617284
1 0.4114583333333333 0.09162808641975309 0.4147135416666667 0.09953703703703703 0.4227430555555556 0.09876543209876543 0.4229600694444444 0.10493827160493827 0.4090711805555556 0.10551697530864197 0.4079861111111111 0.09818672839506173 0.4112413194444444 0.09182098765432099
1 0.4865451388888889 0.06732253086419752 0.4884982638888889 0.08063271604938271 0.4871961805555556 0.08506944444444445 0.4845920138888889 0.08622685185185185 0.4802517361111111 0.08487654320987655 0.4789496527777778 0.0779320987654321 0.4839409722222222 0.06732253086419752 0.486328125 0.06732253086419752
1 0.5501302083333334 0.052083333333333336 0.5572916666666666 0.05555555555555555 0.55859375 0.061921296296296294 0.5562065972222222 0.06558641975308642 0.5503472222222222 0.06481481481481481 0.5470920138888888 0.06076388888888889 0.5499131944444444 0.052083333333333336
1 0.546875 0.04822530864197531 0.5570746527777778 0.055748456790123455 0.5572916666666666 0.06442901234567901 0.5386284722222222 0.0628858024691358 0.5379774305555556 0.060570987654320986 0.5466579861111112 0.04841820987654321
1 0.5479600694444444 0.048804012345679014 0.5514322916666666 0.05381944444444445 0.5503472222222222 0.06095679012345679 0.5436197916666666 0.06442901234567901 0.5388454861111112 0.06404320987654322 0.537109375 0.06076388888888889 0.5477430555555556 0.048804012345679014
1 0.4674479166666667 0.057291666666666664 0.4715711805555556 0.060378086419753084 0.4680989583333333 0.06404320987654322 0.4624565972222222 0.06095679012345679 0.4635416666666667 0.057291666666666664 0.4672309027777778 0.057291666666666664
1 0.404296875 0.06828703703703703 0.4077690972222222 0.07233796296296297 0.4079861111111111 0.08468364197530864 0.4010416666666667 0.08757716049382716 0.3975694444444444 0.08179012345679013 0.404296875 0.06847993827160494
1 0.4450954861111111 0.046875 0.4494357638888889 0.04976851851851852 0.4546440972222222 0.048996913580246916 0.4578993055555556 0.060378086419753084 0.4565972222222222 0.06655092592592593 0.4529079861111111 0.06925154320987655 0.4442274305555556 0.06751543209876543 0.44140625 0.060378086419753084 0.4450954861111111 0.0470679012345679
1 0.501953125 0.029320987654320986 0.5049913194444444 0.04533179012345679 0.4982638888888889 0.051118827160493825 0.4945746527777778 0.05092592592592592 0.4911024305555556 0.047453703703703706 0.4876302083333333 0.034722222222222224 0.4947916666666667 0.03587962962962963 0.498046875 0.030285493827160493 0.5017361111111112 0.029320987654320986
1 0.2901475694444444 0.4573688271604938 0.296875 0.45987654320987653 0.2927517361111111 0.4702932098765432 0.2868923611111111 0.47723765432098764 0.2760416666666667 0.4818672839506173 0.2725694444444444 0.4816743827160494 0.2677951388888889 0.47627314814814814 0.2588975694444444 0.4739583333333333 0.2586805555555556 0.4702932098765432 0.2677951388888889 0.46566358024691357 0.2725694444444444 0.45987654320987653 0.2899305555555556 0.4573688271604938
1 0.12109375 0.9496527777777778 0.12348090277777778 0.9571759259259259 0.11631944444444445 0.9619984567901234 0.10872395833333333 0.9598765432098766 0.11631944444444445 0.9504243827160493 0.1208767361111111 0.9496527777777778
1 0.12152777777777778 0.9504243827160493 0.12348090277777778 0.9565972222222222 0.11979166666666667 0.9635416666666666 0.12825520833333334 0.9739583333333334 0.123046875 0.9809027777777778 0.11241319444444445 0.9866898148148148 0.10611979166666667 0.9957561728395061 0.10243055555555555 0.9934413580246914 0.09765625 0.9849537037037037 0.09852430555555555 0.9716435185185185 0.103515625 0.9635416666666666 0.11631944444444445 0.9508101851851852 0.1213107638888889 0.9504243827160493
1 0.140625 0.6631944444444444 0.1427951388888889 0.6647376543209876 0.142578125 0.6799768518518519 0.13563368055555555 0.6803626543209876 0.13151041666666666 0.671875 0.13368055555555555 0.6660879629629629 0.1404079861111111 0.6633873456790124
1 0.13020833333333334 0.6724537037037037 0.13389756944444445 0.6751543209876543 0.1343315972222222 0.6824845679012346 0.125 0.6936728395061729 0.11979166666666667 0.6959876543209876 0.11588541666666667 0.6925154320987654 0.11588541666666667 0.6819058641975309 0.12999131944444445 0.6724537037037037
1 0.1857638888888889 0.3690200617283951 0.19270833333333334 0.375 0.20225694444444445 0.3767361111111111 0.2072482638888889 0.38059413580246915 0.2085503472222222 0.38503086419753085 0.20377604166666666 0.38753858024691357 0.1937934027777778 0.3869598765432099 0.18359375 0.38348765432098764 0.177734375 0.3732638888888889 0.185546875 0.3690200617283951
1 0.12000868055555555 0.4417438271604938 0.13368055555555555 0.4548611111111111 0.1508246527777778 0.4546682098765432 0.1545138888888889 0.4583333333333333 0.15516493055555555 0.4635416666666667 0.1519097222222222 0.4672067901234568 0.14388020833333334 0.4714506172839506 0.13671875 0.4704861111111111 0.13194444444444445 0.4722222222222222 0.12760416666666666 0.4702932098765432 0.1254340277777778 0.46412037037037035 0.11631944444444445 0.4548611111111111 0.11371527777777778 0.44598765432098764 0.115234375 0.4427083333333333 0.11979166666666667 0.4417438271604938
1 0.028862847222222224 0.7802854938271605 0.03797743055555555 0.7934027777777778 0.037760416666666664 0.796875 0.03298611111111111 0.7995756172839507 0.022352430555555556 0.7922453703703703 0.021050347222222224 0.7818287037037037 0.022569444444444444 0.7800925925925926 0.028645833333333332 0.7802854938271605
1 0 0.5115740740740741 0.004991319444444444 0.5142746913580247 0.006076388888888889 0.5221836419753086 0.008463541666666666 0.5244984567901234 0.026041666666666668 0.5227623456790124 0.027560763888888888 0.5252700617283951 0.023871527777777776 0.5441743827160493 0.022569444444444444 0.5457175925925926 0.018880208333333332 0.5447530864197531 0 0.53125 0 0.511766975308642
1 0.15104166666666666 0.36786265432098764 0.1566840277777778 0.3734567901234568 0.15733506944444445 0.3800154320987654 0.15494791666666666 0.38348765432098764 0.1343315972222222 0.38580246913580246 0.1265190972222222 0.3912037037037037 0.12369791666666667 0.3904320987654321 0.12413194444444445 0.38657407407407407 0.11957465277777778 0.3836805555555556 0.12000868055555555 0.37982253086419754 0.1443142361111111 0.3742283950617284 0.1508246527777778 0.3680555555555556
1 0.08854166666666667 0.3638117283950617 0.1032986111111111 0.3738425925925926 0.10221354166666667 0.38213734567901236 0.0920138888888889 0.3861882716049383 0.08485243055555555 0.3836805555555556 0.0779079861111111 0.3690200617283951 0.078125 0.36593364197530864 0.08832465277777778 0.3638117283950617
1 0.03884548611111111 0.4184027777777778 0.04470486111111111 0.4255401234567901 0.04318576388888889 0.43190586419753085 0.028862847222222224 0.4288194444444444 0.03125 0.4174382716049383 0.03515625 0.41608796296296297 0.038628472222222224 0.4184027777777778
1 0.267578125 0.14641203703703703 0.2730034722222222 0.1545138888888889 0.2638888888888889 0.1560570987654321 0.2588975694444444 0.1541280864197531 0.26171875 0.14872685185185186 0.2673611111111111 0.14641203703703703
1 0.341796875 0.07175925925925926 0.3463541666666667 0.08121141975308642 0.3446180555555556 0.08506944444444445 0.3385416666666667 0.08564814814814815 0.3302951388888889 0.08179012345679013 0.3315972222222222 0.07561728395061729 0.341796875 0.07195216049382716
1 0.3491753472222222 0.05922067901234568 0.3522135416666667 0.05999228395061729 0.3563368055555556 0.07079475308641975 0.3556857638888889 0.07889660493827161 0.3524305555555556 0.08121141975308642 0.3452690972222222 0.07908950617283951 0.3411458333333333 0.07484567901234568 0.3420138888888889 0.06346450617283951 0.3452690972222222 0.0642361111111111 0.3489583333333333 0.05922067901234568
1 0.3478732638888889 0.06018518518518518 0.3487413194444444 0.0779320987654321 0.3467881944444444 0.0783179012345679 0.3407118055555556 0.07445987654320987 0.3400607638888889 0.06712962962962964 0.3413628472222222 0.060570987654320986 0.34765625 0.06018518518518518
1 0.3461371527777778 0.05960648148148148 0.34765625 0.06442901234567901 0.345703125 0.07889660493827161 0.33984375 0.07465277777777778 0.33984375 0.07002314814814815 0.3413628472222222 0.06076388888888889 0.3459201388888889 0.05960648148148148
1 0.3478732638888889 0.059799382716049385 0.3522135416666667 0.061342592592592594 0.3556857638888889 0.06905864197530864 0.3556857638888889 0.07735339506172839 0.3420138888888889 0.08526234567901235 0.3315972222222222 0.08179012345679013 0.3313802083333333 0.0779320987654321 0.3350694444444444 0.0777391975308642 0.3385416666666667 0.07291666666666667 0.3413628472222222 0.060570987654320986 0.34765625 0.059799382716049385
1 0.4637586805555556 0.02179783950617284 0.4778645833333333 0.03838734567901234 0.4772135416666667 0.046489197530864196 0.4633246527777778 0.04224537037037037 0.4574652777777778 0.036458333333333336 0.4585503472222222 0.029320987654320986 0.4635416666666667 0.02179783950617284
1 0.931640625 0.330054012345679 0.9312065972222222 0.3315972222222222 0.9361979166666666 0.33661265432098764 0.9377170138888888 0.34162808641975306 0.9392361111111112 0.3435570987654321 0.9455295138888888 0.3420138888888889 0.9498697916666666 0.33622685185185186 0.9505208333333334 0.3315972222222222 0.9427083333333334 0.3279320987654321 0.9353298611111112 0.328125 0.9322916666666666 0.3288966049382716
1 0.2688802083333333 0.2810570987654321 0.2795138888888889 0.2924382716049383 0.2897135416666667 0.29378858024691357 0.2981770833333333 0.3003472222222222 0.2864583333333333 0.3090277777777778 0.2654079861111111 0.31539351851851855 0.2658420138888889 0.3107638888888889 0.2721354166666667 0.30401234567901236 0.2654079861111111 0.29398148148148145 0.265625 0.2827932098765432 0.2686631944444444 0.28125
1 0.4136284722222222 0.373070987654321 0.4134114583333333 0.38290895061728397 0.4147135416666667 0.3869598765432099 0.4184027777777778 0.3915895061728395 0.4231770833333333 0.3913966049382716 0.4273003472222222 0.3871527777777778 0.4264322916666667 0.3802083333333333 0.421875 0.3732638888888889 0.4197048611111111 0.3715277777777778 0.4181857638888889 0.3707561728395062 0.4151475694444444 0.37094907407407407