1 0.8226996527777778 0.9778163580246914 0.8274739583333334 0.9809027777777778 0.8244357638888888 0.9886188271604939 0.8142361111111112 0.9845679012345679 0.8040364583333334 0.9857253086419753 0.8001302083333334 0.9828317901234568 0.7999131944444444 0.9809027777777778 0.8038194444444444 0.9791666666666666 0.8224826388888888 0.9778163580246914
1 0.7326388888888888 0.9880401234567902 0.0078125 0.008487654320987654
1 0.7905815972222222 0.7912808641975309 0.7947048611111112 0.7934027777777778 0.7966579861111112 0.8009259259259259 0.7925347222222222 0.8003472222222222 0.787109375 0.7932098765432098 0.7903645833333334 0.7912808641975309
1 0.6647135416666666 0.9126157407407407 0.671875 0.9216820987654321 0.6688368055555556 0.9338348765432098 0.6649305555555556 0.9344135802469136 0.6575520833333334 0.921875 0.6597222222222222 0.9149305555555556 0.6644965277777778 0.9128086419753086
1 0.9463975694444444 0.5997299382716049 0.953125 0.6022376543209876 0.9676649305555556 0.6128472222222222 0.9670138888888888 0.6161265432098766 0.9576822916666666 0.6176697530864198 0.953125 0.6226851851851852 0.9496527777777778 0.6222993827160493 0.9346788194444444 0.6089891975308642 0.9364149305555556 0.6024305555555556 0.9461805555555556 0.5997299382716049
1 0.6369357638888888 0.9064429012345679 0.6462673611111112 0.9135802469135802 0.6456163194444444 0.9216820987654321 0.6299913194444444 0.9253472222222222 0.6232638888888888 0.9207175925925926 0.6228298611111112 0.9118441358024691 0.63671875 0.9066358024691358
1 0.7973090277777778 0.6944444444444444 0.8009982638888888 0.6961805555555556 0.8055555555555556 0.7029320987654321 0.8057725694444444 0.7197145061728395 0.8094618055555556 0.7272376543209876 0.8072916666666666 0.7293595679012346 0.798828125 0.7239583333333334 0.7897135416666666 0.7083333333333334 0.7899305555555556 0.6994598765432098 0.7934027777777778 0.6950231481481481 0.7970920138888888 0.6944444444444444
1 0.5440538194444444 0.9697145061728395 0.5509982638888888 0.9739583333333334 0.5551215277777778 0.9809027777777778 0.5546875 0.9917052469135802 0.5479600694444444 0.9878472222222222 0.5394965277777778 0.9787808641975309 0.5394965277777778 0.9712577160493827 0.5438368055555556 0.9697145061728395
1 0.5618489583333334 0.9673996913580247 0.5661892361111112 0.9702932098765432 0.56640625 0.9768518518518519 0.5555555555555556 0.9841820987654321 0.5562065972222222 0.9911265432098766 0.5540364583333334 0.9917052469135802 0.5412326388888888 0.9812885802469136 0.5390625 0.972608024691358 0.5431857638888888 0.9695216049382716 0.5616319444444444 0.9673996913580247
1 0.6232638888888888 0.7905092592592593 0.6271701388888888 0.793016975308642 0.6265190972222222 0.7993827160493827 0.6232638888888888 0.8028549382716049 0.6184895833333334 0.7932098765432098 0.623046875 0.7905092592592593
1 0.5779079861111112 0.7955246913580247 0.009982638888888888 0.010030864197530864
1 0.451171875 0.9656635802469136 0.45703125 0.9689429012345679 0.4596354166666667 0.9737654320987654 0.453125 0.9926697530864198 0.4461805555555556 0.9845679012345679 0.4390190972222222 0.9845679012345679 0.4379340277777778 0.9826388888888888 0.4418402777777778 0.9704861111111112 0.4509548611111111 0.9656635802469136
1 0.4223090277777778 0.9893904320987654 0.4359809027777778 0.9913194444444444 0.4390190972222222 0.9998070987654321 0.4192708333333333 0.9998070987654321 0.4184027777777778 0.9913194444444444 0.4220920138888889 0.9893904320987654
1 0.8159722222222222 0.6126543209876543 0.8276909722222222 0.6134259259259259 0.8331163194444444 0.6182484567901234 0.8315972222222222 0.6219135802469136 0.8190104166666666 0.6234567901234568 0.8129340277777778 0.623070987654321 0.7996961805555556 0.6128472222222222 0.8157552083333334 0.6126543209876543
1 0.5329861111111112 0.7744984567901234 0.5397135416666666 0.7779706790123457 0.5427517361111112 0.7826003086419753 0.5397135416666666 0.7878086419753086 0.5329861111111112 0.7910879629629629 0.5201822916666666 0.7827932098765432 0.5206163194444444 0.779320987654321 0.5327690972222222 0.7744984567901234
1 0.5052083333333334 0.7797067901234568 0.5128038194444444 0.7862654320987654 0.5149739583333334 0.8038194444444444 0.5121527777777778 0.8057484567901234 0.5082465277777778 0.8040123456790124 0.5028211805555556 0.7959104938271605 0.5004340277777778 0.7827932098765432 0.5049913194444444 0.7797067901234568
1 0.4984809027777778 0.7797067901234568 0.5084635416666666 0.7810570987654321 0.5121527777777778 0.7845293209876543 0.5134548611111112 0.8003472222222222 0.51171875 0.8047839506172839 0.5049913194444444 0.7976466049382716 0.5030381944444444 0.8072916666666666 0.4986979166666667 0.8092206790123457 0.4958767361111111 0.8074845679012346 0.4904513888888889 0.7907021604938271 0.4924045138888889 0.7829861111111112 0.4982638888888889 0.7797067901234568
1 0.328125 0.9612268518518519 0.3383246527777778 0.9654706790123457 0.3385416666666667 0.9720293209876543 0.3181423611111111 0.9731867283950617 0.3116319444444444 0.9720293209876543 0.3101128472222222 0.9685570987654321 0.3279079861111111 0.9612268518518519
1 0.2730034722222222 0.9552469135802469 0.2788628472222222 0.9627700617283951 0.2779947916666667 0.9737654320987654 0.2758246527777778 0.9755015432098766 0.271484375 0.9739583333333334 0.2671440972222222 0.9646990740740741 0.2697482638888889 0.9564043209876543 0.2727864583333333 0.9552469135802469
1 0.2619357638888889 0.949266975308642 0.2651909722222222 0.9564043209876543 0.2727864583333333 0.955054012345679 0.2777777777777778 0.9592978395061729 0.2775607638888889 0.9741512345679012 0.2723524305555556 0.9747299382716049 0.2686631944444444 0.9683641975308642 0.26171875 0.9691358024691358 0.2586805555555556 0.9673996913580247 0.2578125 0.9565972222222222 0.26171875 0.9494598765432098
1 0.265625 0.9564043209876543 0.2688802083333333 0.9627700617283951 0.2682291666666667 0.9664351851851852 0.2619357638888889 0.9695216049382716 0.2584635416666667 0.9672067901234568 0.2586805555555556 0.9521604938271605 0.2619357638888889 0.9483024691358025 0.2654079861111111 0.9564043209876543
1 0.9392361111111112 0.35300925925925924 0.9427083333333334 0.35474537037037035 0.9429253472222222 0.3589891975308642 0.935546875 0.36882716049382713 0.9290364583333334 0.3734567901234568 0.9227430555555556 0.3707561728395062 0.921875 0.36477623456790126 0.9294704861111112 0.3557098765432099 0.9390190972222222 0.35300925925925924
1 0.6903211805555556 0.5808256172839507 0.6959635416666666 0.5831404320987654 0.703125 0.5823688271604939 0.7063802083333334 0.5846836419753086 0.7072482638888888 0.5920138888888888 0.703125 0.6012731481481481 0.685546875 0.5960648148148148 0.6822916666666666 0.5875771604938271 0.6859809027777778 0.5821759259259259 0.6901041666666666 0.5808256172839507
1 0.5481770833333334 0.6736111111111112 0.5520833333333334 0.6788194444444444 0.5518663194444444 0.6822916666666666 0.5438368055555556 0.6932870370370371 0.5373263888888888 0.6892361111111112 0.53515625 0.6817129629629629 0.5399305555555556 0.6743827160493827 0.5431857638888888 0.6726466049382716 0.5479600694444444 0.6736111111111112
1 0.6024305555555556 0.6016589506172839 0.61328125 0.6024305555555556 0.6165364583333334 0.6057098765432098 0.6037326388888888 0.6057098765432098 0.6004774305555556 0.6026234567901234 0.6022135416666666 0.6018518518518519
1 0.5744357638888888 0.6022376543209876 0.5978732638888888 0.6024305555555556 0.5926649305555556 0.6141975308641975 0.5846354166666666 0.6097608024691358 0.5746527777777778 0.6145833333333334 0.5770399305555556 0.6091820987654321 0.5744357638888888 0.6024305555555556
1 0.4270833333333333 0.673804012345679 0.435546875 0.6755401234567902 0.4361979166666667 0.6826774691358025 0.4333767361111111 0.6865354938271605 0.4251302083333333 0.689429012345679 0.4149305555555556 0.685570987654321 0.4123263888888889 0.6776620370370371 0.4134114583333333 0.6753472222222222 0.4268663194444444 0.673804012345679
1 0.2934027777777778 0.8323688271604939 0.3005642361111111 0.8360339506172839 0.3174913194444444 0.8395061728395061 0.3174913194444444 0.8470293209876543 0.3107638888888889 0.8645833333333334 0.3036024305555556 0.8641975308641975 0.3009982638888889 0.8464506172839507 0.2921006944444444 0.8350694444444444 0.2931857638888889 0.8325617283950617
1 0.3298611111111111 0.7023533950617284 0.3383246527777778 0.703125 0.3389756944444444 0.7065972222222222 0.3313802083333333 0.7133487654320988 0.3211805555555556 0.7164351851851852 0.3218315972222222 0.7060185185185185 0.3244357638888889 0.7027391975308642 0.3296440972222222 0.7023533950617284
1 0.2065972222222222 0.8910108024691358 0.2133246527777778 0.8939043209876543 0.21354166666666666 0.8985339506172839 0.1996527777777778 0.9041280864197531 0.1970486111111111 0.9016203703703703 0.1994357638888889 0.894483024691358 0.20638020833333334 0.8910108024691358
1 0.2087673611111111 0.8921682098765432 0.21375868055555555 0.8967978395061729 0.21223958333333334 0.9112654320987654 0.1970486111111111 0.921875 0.1953125 0.918016975308642 0.20030381944444445 0.9079861111111112 0.19791666666666666 0.9010416666666666 0.1990017361111111 0.8971836419753086 0.203125 0.8923611111111112 0.2085503472222222 0.8921682098765432
1 0.13671875 0.9544753086419753 0.13997395833333334 0.9633487654320988 0.13411458333333334 0.9768518518518519 0.1267361111111111 0.9751157407407407 0.1265190972222222 0.9731867283950617 0.12955729166666666 0.9587191358024691 0.13368055555555555 0.9544753086419753 0.1365017361111111 0.9544753086419753
1 0.3470052083333333 0.7027391975308642 0.3576388888888889 0.703125 0.3556857638888889 0.7177854938271605 0.3489583333333333 0.7152777777777778 0.337890625 0.716820987654321 0.3348524305555556 0.7092978395061729 0.3302951388888889 0.7106481481481481 0.328125 0.7139274691358025 0.3211805555555556 0.7146990740740741 0.3244357638888889 0.7052469135802469 0.3272569444444444 0.7060185185185185 0.3279079861111111 0.7100694444444444 0.3289930555555556 0.703125 0.3467881944444444 0.7027391975308642
1 0.3279079861111111 0.6660879629629629 0.3315972222222222 0.6697530864197531 0.3537326388888889 0.6753472222222222 0.3565538194444444 0.6793981481481481 0.3528645833333333 0.6857638888888888 0.3454861111111111 0.6903935185185185 0.3272569444444444 0.6911651234567902 0.3270399305555556 0.6865354938271605 0.3309461805555556 0.6828703703703703 0.3244357638888889 0.6788194444444444 0.32421875 0.6684027777777778 0.3276909722222222 0.6662808641975309
1 0.3318142361111111 0.6682098765432098 0.3428819444444444 0.6728395061728395 0.3350694444444444 0.6751543209876543 0.3287760416666667 0.6797839506172839 0.3246527777777778 0.6786265432098766 0.3220486111111111 0.6684027777777778 0.3274739583333333 0.6647376543209876 0.3315972222222222 0.6682098765432098
1 0.3187934027777778 0.6682098765432098 0.3190104166666667 0.6716820987654321 0.3107638888888889 0.6792052469135802 0.3055555555555556 0.6784336419753086 0.3057725694444444 0.6720679012345679 0.310546875 0.6684027777777778 0.3185763888888889 0.6682098765432098
1 0.6052517361111112 0.35281635802469136 0.6082899305555556 0.36709104938271603 0.6059027777777778 0.3734567901234568 0.5993923611111112 0.37808641975308643 0.5952690972222222 0.3765432098765432 0.5928819444444444 0.36940586419753085 0.5978732638888888 0.36246141975308643 0.6000434027777778 0.35378086419753085 0.6050347222222222 0.35281635802469136
1 0.4390190972222222 0.3761574074074074 0.4466145833333333 0.37712191358024694 0.4474826388888889 0.38348765432098764 0.43359375 0.3879243827160494 0.4283854166666667 0.38522376543209874 0.427734375 0.3792438271604938 0.4314236111111111 0.3761574074074074 0.4388020833333333 0.3761574074074074
1 0.11979166666666667 0.9488811728395061 0.123046875 0.9508101851851852 0.12348090277777778 0.956983024691358 0.11762152777777778 0.9637345679012346 0.10872395833333333 0.9598765432098766 0.11957465277777778 0.9488811728395061
1 0.11328125 0.9565972222222222 0.11870659722222222 0.9600694444444444 0.12152777777777778 0.9704861111111112 0.111328125 0.9753086419753086 0.1095920138888889 0.9945987654320988 0.10677083333333333 0.9963348765432098 0.10264756944444445 0.9944058641975309 0.09830729166666667 0.9878472222222222 0.0974392361111111 0.9772376543209876 0.10091145833333333 0.966820987654321 0.1130642361111111 0.9565972222222222
1 0.11328125 0.9564043209876543 0.11848958333333333 0.9600694444444444 0.12022569444444445 0.9695216049382716 0.11610243055555555 0.9722222222222222 0.11197916666666667 0.9710648148148148 0.1095920138888889 0.9947916666666666 0.10677083333333333 0.9965277777777778 0.10243055555555555 0.9945987654320988 0.09809027777777778 0.9878472222222222 0.09722222222222222 0.9772376543209876 0.10069444444444445 0.9666280864197531 0.1130642361111111 0.9564043209876543
1 0.11979166666666667 0.9490740740740741 0.1232638888888889 0.9523533950617284 0.12065972222222222 0.9629629629629629 0.1232638888888889 0.9670138888888888 0.1267361111111111 0.9658564814814815 0.13172743055555555 0.9564043209876543 0.13758680555555555 0.9556327160493827 0.13953993055555555 0.9635416666666666 0.13585069444444445 0.9704861111111112 0.1365017361111111 0.9758873456790124 0.1351996527777778 0.9772376543209876 0.12999131944444445 0.9758873456790124 0.11979166666666667 0.9841820987654321 0.1095920138888889 0.9859182098765432 0.109375 0.9947916666666666 0.10677083333333333 0.9957561728395061 0.1032986111111111 0.9945987654320988 0.09852430555555555 0.9874614197530864 0.09852430555555555 0.9714506172839507 0.10069444444444445 0.966820987654321 0.11957465277777778 0.9490740740740741
1 0.2996961805555556 0.6714891975308642 0.3046875 0.6753472222222222 0.3049045138888889 0.6786265432098766 0.296875 0.6936728395061729 0.2934027777777778 0.6952160493827161 0.2899305555555556 0.6946373456790124 0.2827690972222222 0.6878858024691358 0.28125 0.6786265432098766 0.2829861111111111 0.6761188271604939 0.2892795138888889 0.6743827160493827 0.2934027777777778 0.6691743827160493 0.296875 0.6689814814814815 0.2994791666666667 0.6714891975308642
1 0.2107204861111111 0.6691743827160493 0.21419270833333334 0.6716820987654321 0.2144097222222222 0.6820987654320988 0.20703125 0.691358024691358 0.2033420138888889 0.6927083333333334 0.19249131944444445 0.6915509259259259 0.18836805555555555 0.6851851851851852 0.19639756944444445 0.6768904320987654 0.2105034722222222 0.6691743827160493
1 0.1408420138888889 0.6635802469135802 0.142578125 0.6647376543209876 0.142578125 0.6795910493827161 0.140625 0.6828703703703703 0.13541666666666666 0.6809413580246914 0.13172743055555555 0.6720679012345679 0.13368055555555555 0.6657021604938271 0.140625 0.6635802469135802
1 0.1312934027777778 0.671875 0.13541666666666666 0.6749614197530864 0.134765625 0.6820987654320988 0.12196180555555555 0.6950231481481481 0.11631944444444445 0.6925154320987654 0.11566840277777778 0.6820987654320988 0.1267361111111111 0.6730324074074074 0.1310763888888889 0.671875
1 0.4186197916666667 0.3707561728395062 0.4266493055555556 0.38310185185185186 0.4264322916666667 0.3873456790123457 0.421875 0.3915895061728395 0.4166666666666667 0.3904320987654321 0.4140625 0.38406635802469136 0.4149305555555556 0.37210648148148145 0.4184027777777778 0.3707561728395062
1 0.2766927083333333 0.45987654320987653 0.2795138888888889 0.46238425925925924 0.2862413194444444 0.46296296296296297 0.2923177083333333 0.4704861111111111 0.2897135416666667 0.47588734567901236 0.2771267361111111 0.4836033950617284 0.2760416666666667 0.49247685185185186 0.275390625 0.48572530864197533 0.2725694444444444 0.4834104938271605 0.2612847222222222 0.4868827160493827 0.2552083333333333 0.4866898148148148 0.2513020833333333 0.4841820987654321 0.2606336805555556 0.47762345679012347 0.2591145833333333 0.4702932098765432 0.2677951388888889 0.4670138888888889 0.2723524305555556 0.45949074074074076 0.2764756944444444 0.45987654320987653
1 0.14930555555555555 0.4538966049382716 0.15364583333333334 0.4565972222222222 0.15516493055555555 0.4635416666666667 0.14561631944444445 0.4691358024691358 0.1443142361111111 0.4747299382716049 0.13780381944444445 0.4704861111111111 0.12977430555555555 0.4714506172839506 0.1265190972222222 0.4635416666666667 0.13346354166666666 0.45775462962962965 0.13997395833333334 0.45775462962962965 0.14908854166666666 0.4538966049382716
1 0.18619791666666666 0.36921296296296297 0.19249131944444445 0.375 0.2068142361111111 0.3802083333333333 0.20811631944444445 0.3854166666666667 0.2035590277777778 0.38773148148148145 0.19227430555555555 0.3869598765432099 0.1838107638888889 0.38348765432098764 0.1773003472222222 0.37635030864197533 0.18294270833333334 0.3697916666666667 0.1859809027777778 0.36921296296296297
1 0.12044270833333333 0.4419367283950617 0.1365017361111111 0.45621141975308643 0.1486545138888889 0.4542824074074074 0.15321180555555555 0.4565972222222222 0.15494791666666666 0.4635416666666667 0.14539930555555555 0.4685570987654321 0.1443142361111111 0.47453703703703703 0.13780381944444445 0.4702932098765432 0.12955729166666666 0.47164351851851855 0.1174045138888889 0.4565972222222222 0.1134982638888889 0.44598765432098764 0.11566840277777778 0.4425154320987654 0.12022569444444445 0.4419367283950617
1 0.12000868055555555 0.44135802469135804 0.13172743055555555 0.453125 0.13194444444444445 0.45968364197530864 0.1267361111111111 0.46392746913580246 0.1171875 0.4565972222222222 0.11328125 0.44637345679012347 0.1154513888888889 0.4425154320987654 0.11979166666666667 0.44135802469135804
1 0.5301649305555556 0.19926697530864199 0.5347222222222222 0.21199845679012347 0.5308159722222222 0.21392746913580246 0.5199652777777778 0.21334876543209877 0.5299479166666666 0.19926697530864199
1 0.4494357638888889 0.20852623456790123 0.4557291666666667 0.21682098765432098 0.455078125 0.22395833333333334 0.4652777777777778 0.24459876543209877 0.4637586805555556 0.24672067901234568 0.4361979166666667 0.23148148148148148 0.4368489583333333 0.22376543209876543 0.4427083333333333 0.21161265432098766 0.4461805555555556 0.20794753086419754 0.44921875 0.20852623456790123
1 0.5536024305555556 0.16145833333333334 0.5642361111111112 0.16338734567901234 0.5625 0.17862654320987653 0.5501302083333334 0.18344907407407407 0.544921875 0.17496141975308643 0.5536024305555556 0.16165123456790123
1 0.4880642361111111 0.1716820987654321 0.4930555555555556 0.17515432098765432 0.4913194444444444 0.18344907407407407 0.4850260416666667 0.1863425925925926 0.4841579861111111 0.19116512345679013 0.4737413194444444 0.18306327160493827 0.4715711805555556 0.17843364197530864 0.4741753472222222 0.1739969135802469 0.4878472222222222 0.1716820987654321
1 0.5188802083333334 0.1587577160493827 0.5232204861111112 0.1707175925925926 0.5199652777777778 0.17862654320987653 0.5149739583333334 0.18036265432098766 0.5084635416666666 0.17939814814814814 0.5036892361111112 0.1716820987654321 0.5067274305555556 0.16242283950617284 0.5121527777777778 0.16319444444444445 0.5186631944444444 0.15895061728395063
1 0.501953125 0.1545138888888889 0.5049913194444444 0.15470679012345678 0.5119357638888888 0.16531635802469136 0.5082465277777778 0.16589506172839505 0.5049913194444444 0.1730324074074074 0.4937065972222222 0.17573302469135801 0.4911024305555556 0.18287037037037038 0.4889322916666667 0.18325617283950618 0.4858940972222222 0.18209876543209877 0.4852430555555556 0.16493055555555555 0.4913194444444444 0.1574074074074074 0.5017361111111112 0.1545138888888889
1 0.501953125 0.15470679012345678 0.5049913194444444 0.1556712962962963 0.5075954861111112 0.16126543209876543 0.5052083333333334 0.1684027777777778 0.5023871527777778 0.1728395061728395 0.4932725694444444 0.17689043209876543 0.4911024305555556 0.1840277777777778 0.4852430555555556 0.18229166666666666 0.4841579861111111 0.16493055555555555 0.4913194444444444 0.1550925925925926 0.5017361111111112 0.15470679012345678
1 0.5010850694444444 0.1440972222222222 0.5065104166666666 0.15084876543209877 0.5073784722222222 0.15779320987654322 0.5119357638888888 0.16493055555555555 0.5086805555555556 0.16512345679012347 0.5030381944444444 0.1716820987654321 0.4947916666666667 0.17341820987654322 0.4889322916666667 0.1716820987654321 0.4858940972222222 0.16820987654320987 0.4852430555555556 0.15084876543209877 0.4947916666666667 0.14853395061728394 0.4982638888888889 0.14390432098765432 0.5008680555555556 0.1440972222222222
1 0.4639756944444444 0.15104166666666666 0.4683159722222222 0.15432098765432098 0.4741753472222222 0.1684027777777778 0.4717881944444444 0.1720679012345679 0.4633246527777778 0.17573302469135801 0.4594184027777778 0.17515432098765432 0.455078125 0.16820987654320987 0.4563802083333333 0.15335648148148148 0.4596354166666667 0.15065586419753085 0.4637586805555556 0.15104166666666666
1 0.5015190972222222 0.1413966049382716 0.5062934027777778 0.15065586419753085 0.5078125 0.16107253086419754 0.5032552083333334 0.16820987654320987 0.5004340277777778 0.16917438271604937 0.4913194444444444 0.16396604938271606 0.4874131944444444 0.16454475308641975 0.4861111111111111 0.1537422839506173 0.4826388888888889 0.14776234567901234 0.4926215277777778 0.14641203703703703 0.5013020833333334 0.1415895061728395
1 0.4364149305555556 0.15914351851851852 0.44140625 0.16473765432098766 0.4453125 0.17881944444444445 0.4357638888888889 0.1861496913580247 0.4288194444444444 0.1880787037037037 0.43359375 0.16184413580246915 0.4361979166666667 0.15914351851851852
1 0.4611545138888889 0.15027006172839505 0.4672309027777778 0.15393518518518517 0.4728732638888889 0.16820987654320987 0.4704861111111111 0.171875 0.4635416666666667 0.17554012345679013 0.4568142361111111 0.1732253086419753 0.4520399305555556 0.1753472222222222 0.4503038194444444 0.17341820987654322 0.4548611111111111 0.16358024691358025 0.4561631944444444 0.15219907407407407 0.4609375 0.15027006172839505
1 0.4231770833333333 0.16165123456790123 0.4305555555555556 0.17573302469135801 0.4288194444444444 0.18383487654320987 0.4181857638888889 0.17689043209876543 0.4197048611111111 0.16338734567901234 0.4229600694444444 0.16165123456790123
1 0.4852430555555556 0.14216820987654322 0.4945746527777778 0.1431327160493827 0.5017361111111112 0.1400462962962963 0.5021701388888888 0.15104166666666666 0.49609375 0.15219907407407407 0.4806857638888889 0.14834104938271606 0.4813368055555556 0.1440972222222222 0.4850260416666667 0.14216820987654322
1 0.5696614583333334 0.10243055555555555 0.578125 0.09799382716049383 0.5768229166666666 0.10513117283950617 0.5718315972222222 0.10551697530864197 0.5698784722222222 0.10262345679012345
1 0.5546875 0.09722222222222222 0.5572916666666666 0.09664351851851852 0.5694444444444444 0.10243055555555555 0.5685763888888888 0.10570987654320987 0.5598958333333334 0.10570987654320987 0.5555555555555556 0.10223765432098765 0.5546875 0.09741512345679013
1 0.5572916666666666 0.09664351851851852 0.5709635416666666 0.10127314814814815 0.5789930555555556 0.09876543209876543 0.5766059027777778 0.10493827160493827 0.5653211805555556 0.10628858024691358 0.5570746527777778 0.10416666666666667 0.5538194444444444 0.09895833333333333 0.5542534722222222 0.09683641975308642 0.5570746527777778 0.09664351851851852
1 0.546875 0.07445987654320987 0.5514322916666666 0.08179012345679013 0.5453559027777778 0.08719135802469136 0.5401475694444444 0.08641975308641975 0.5377604166666666 0.08121141975308642 0.5399305555555556 0.07658179012345678 0.5466579861111112 0.07445987654320987
1 0.6419270833333334 0.057484567901234566 0.6438802083333334 0.05844907407407408 0.64453125 0.06558641975308642 0.6410590277777778 0.06770833333333333 0.6373697916666666 0.06732253086419752 0.6360677083333334 0.06404320987654322 0.6417100694444444 0.057484567901234566
1 0.6299913194444444 0.05594135802469136 0.6336805555555556 0.05709876543209876 0.6369357638888888 0.0625 0.640625 0.057291666666666664 0.6438802083333334 0.05844907407407408 0.6443142361111112 0.0630787037037037 0.6434461805555556 0.06751543209876543 0.6299913194444444 0.06712962962962964 0.6299913194444444 0.05613425925925926
1 0.6302083333333334 0.05536265432098766 0.6338975694444444 0.057291666666666664 0.634765625 0.06712962962962964 0.6286892361111112 0.06597222222222222 0.6299913194444444 0.05555555555555555
1 0.390625 0.16377314814814814 0.3940972222222222 0.16628086419753085 0.4014756944444444 0.16165123456790123 0.4071180555555556 0.1753472222222222 0.4010416666666667 0.1857638888888889 0.3904079861111111 0.18113425925925927 0.3882378472222222 0.1712962962962963 0.3884548611111111 0.16493055555555555 0.3904079861111111 0.16377314814814814
1 0.4555121527777778 0.11284722222222222 0.4631076388888889 0.11574074074074074 0.4659288194444444 0.11979166666666667 0.4637586805555556 0.12654320987654322 0.4600694444444444 0.1275077160493827 0.4427083333333333 0.1253858024691358 0.4427083333333333 0.11959876543209877 0.4522569444444444 0.11284722222222222 0.4552951388888889 0.11284722222222222
1 0.5544704861111112 0.06577932098765432 0.5575086805555556 0.06944444444444445 0.5579427083333334 0.0779320987654321 0.5536024305555556 0.08449074074074074 0.5483940972222222 0.08179012345679013 0.5481770833333334 0.07118055555555555 0.5496961805555556 0.06693672839506173 0.5542534722222222 0.06577932098765432
1 0.4114583333333333 0.0943287037037037 0.4181857638888889 0.09915123456790123 0.4192708333333333 0.10570987654320987 0.4103732638888889 0.10551697530864197 0.4112413194444444 0.09452160493827161
1 0.5536024305555556 0.06500771604938271 0.5575086805555556 0.07079475308641975 0.5570746527777778 0.08140432098765432 0.5434027777777778 0.08680555555555555 0.5397135416666666 0.08506944444444445 0.5384114583333334 0.08159722222222222 0.5394965277777778 0.0775462962962963 0.5462239583333334 0.07272376543209877 0.5492621527777778 0.06635802469135803 0.5533854166666666 0.06520061728395062
1 0.15234375 0.36824845679012347 0.15538194444444445 0.36959876543209874 0.15733506944444445 0.3761574074074074 0.15538194444444445 0.38329475308641975 0.1362847222222222 0.3854166666666667 0.1265190972222222 0.3917824074074074 0.12391493055555555 0.390625 0.1247829861111111 0.38657407407407407 0.11957465277777778 0.38271604938271603 0.1312934027777778 0.3767361111111111 0.1440972222222222 0.3742283950617284 0.1521267361111111 0.36824845679012347
1 0.4841579861111111 0.06751543209876543 0.4878472222222222 0.06809413580246913 0.4876302083333333 0.08449074074074074 0.4817708333333333 0.08584104938271606 0.4787326388888889 0.08159722222222222 0.4841579861111111 0.06770833333333333
1 0.5501302083333334 0.05285493827160494 0.556640625 0.05439814814814815 0.55859375 0.06018518518518518 0.5572916666666666 0.06539351851851852 0.5496961805555556 0.0642361111111111 0.5501302083333334 0.05304783950617284
1 0.546875 0.047839506172839504 0.5570746527777778 0.05536265432098766 0.5581597222222222 0.060570987654320986 0.5562065972222222 0.06500771604938271 0.5390625 0.06346450617283951 0.5379774305555556 0.060570987654320986 0.546875 0.048032407407407406
1 0.5479600694444444 0.04841820987654321 0.5516493055555556 0.05381944444444445 0.5505642361111112 0.06076388888888889 0.5477430555555556 0.06404320987654322 0.5436197916666666 0.06462191358024691 0.5390625 0.06404320987654322 0.5375434027777778 0.060378086419753084 0.5477430555555556 0.04841820987654321
1 0.4635416666666667 0.056712962962962965 0.4709201388888889 0.060570987654320986 0.4685329861111111 0.0642361111111111 0.4620225694444444 0.0623070987654321 0.4633246527777778 0.056712962962962965
1 0.4045138888888889 0.06809413580246913 0.4077690972222222 0.07137345679012345 0.4079861111111111 0.08506944444444445 0.4008246527777778 0.08777006172839506 0.3975694444444444 0.08159722222222222 0.404296875 0.06828703703703703
1 0.76953125 0.023919753086419752 0.7751736111111112 0.025655864197530864 0.7795138888888888 0.032407407407407406 0.7784288194444444 0.036458333333333336 0.7738715277777778 0.03993055555555555 0.7573784722222222 0.03742283950617284 0.7508680555555556 0.029320987654320986 0.7504340277777778 0.026041666666666668 0.75390625 0.024691358024691357 0.7693142361111112 0.023919753086419752
1 0.7150607638888888 0.01986882716049383 0.7230902777777778 0.022376543209876542 0.7256944444444444 0.025848765432098766 0.7261284722222222 0.03414351851851852 0.7209201388888888 0.03607253086419753 0.7137586805555556 0.03530092592592592 0.7100694444444444 0.0314429012345679 0.7078993055555556 0.022376543209876542 0.71484375 0.01986882716049383
1 0.4463975694444444 0.0466820987654321 0.4494357638888889 0.05015432098765432 0.4542100694444444 0.04822530864197531 0.4578993055555556 0.058834876543209874 0.4563802083333333 0.06712962962962964 0.4513888888888889 0.06963734567901235 0.4461805555555556 0.06867283950617284 0.4418402777777778 0.06404320987654322 0.4461805555555556 0.0466820987654321
1 0.5021701388888888 0.029513888888888888 0.5049913194444444 0.044945987654320986 0.5021701388888888 0.049575617283950615 0.4982638888888889 0.051118827160493825 0.4945746527777778 0.05073302469135803 0.4906684027777778 0.046875 0.4874131944444444 0.03260030864197531 0.4947916666666667 0.03607253086419753 0.498046875 0.030671296296296297 0.501953125 0.029513888888888888
1 0.2688802083333333 0.2810570987654321 0.2725694444444444 0.2827932098765432 0.2797309027777778 0.29301697530864196 0.2927517361111111 0.2957175925925926 0.2977430555555556 0.30092592592592593 0.2829861111111111 0.30941358024691357 0.2641059027777778 0.3107638888888889 0.2690972222222222 0.3038194444444444 0.2651909722222222 0.2932098765432099 0.265625 0.28260030864197533 0.2686631944444444 0.28125
1 0.2660590277777778 0.14564043209876543 0.2725694444444444 0.1545138888888889 0.2556423611111111 0.1566358024691358 0.24934895833333334 0.1545138888888889 0.2465277777777778 0.15123456790123457 0.24739583333333334 0.14930555555555555 0.2586805555555556 0.15219907407407407 0.2658420138888889 0.14564043209876543
1 0.3315972222222222 0.07561728395061729 0.341796875 0.07388117283950617 0.3465711805555556 0.08121141975308642 0.3446180555555556 0.08506944444444445 0.3363715277777778 0.08506944444444445 0.3307291666666667 0.08217592592592593 0.3315972222222222 0.07581018518518519
1 0.3461371527777778 0.060378086419753084 0.3491753472222222 0.0779320987654321 0.3454861111111111 0.08063271604938271 0.3389756944444444 0.07426697530864197 0.3411458333333333 0.06114969135802469 0.3459201388888889 0.060378086419753084
1 0 0.5113811728395061 0.0030381944444444445 0.5123456790123457 0.008246527777777778 0.5235339506172839 0.026041666666666668 0.5231481481481481 0.02734375 0.5256558641975309 0.022569444444444444 0.5462962962962963 0.015842013888888888 0.5434027777777778 0 0.5322145061728395 0 0.5115740740740741
1 0.08875868055555555 0.36419753086419754 0.10221354166666667 0.3724922839506173 0.10394965277777778 0.3761574074074074 0.10199652777777778 0.38252314814814814 0.0920138888888889 0.38599537037037035 0.08463541666666667 0.38348765432098764 0.080078125 0.3724922839506173 0.08116319444444445 0.36709104938271603 0.08854166666666667 0.36419753086419754
1 0.03624131944444445 0.41628086419753085 0.045355902777777776 0.4251543209876543 0.043619791666666664 0.43209876543209874 0.029079861111111112 0.42862654320987653 0.030815972222222224 0.41878858024691357 0.032769097222222224 0.41628086419753085 0.03602430555555555 0.41628086419753085
1 0.3522135416666667 0.05960648148148148 0.3572048611111111 0.07465277777777778 0.35546875 0.0779320987654321 0.3498263888888889 0.0798611111111111 0.3435329861111111 0.0783179012345679 0.3411458333333333 0.07349537037037036 0.3420138888888889 0.06905864197530864 0.3461371527777778 0.06828703703703703 0.3478732638888889 0.060570987654320986 0.3519965277777778 0.05960648148148148
1 0.4654947916666667 0.022569444444444444 0.46875 0.030864197530864196 0.4776475694444444 0.03722993827160494 0.4789496527777778 0.04359567901234568 0.4772135416666667 0.046875 0.4633246527777778 0.04224537037037037 0.4572482638888889 0.036458333333333336 0.4622395833333333 0.022569444444444444 0.4652777777777778 0.022569444444444444
1 0.020616319444444444 0.78125 0.020182291666666668 0.783179012345679 0.023220486111111112 0.7939814814814815 0.029730902777777776 0.7986111111111112 0.032552083333333336 0.7995756172839507 0.03624131944444445 0.7986111111111112 0.03797743055555555 0.796875 0.037543402777777776 0.7937885802469136 0.03342013888888889 0.7887731481481481 0.030815972222222224 0.7816358024691358 0.026041666666666668 0.7797067901234568 0.022352430555555556 0.7798996913580247
1 0.9348958333333334 0.3304398148148148 0.9344618055555556 0.3315972222222222 0.939453125 0.3431712962962963 0.9418402777777778 0.3439429012345679 0.9461805555555556 0.34375 0.9494357638888888 0.3420138888888889 0.9496527777777778 0.3350694444444444 0.9474826388888888 0.33101851851851855 0.9424913194444444 0.3279320987654321 0.9375 0.3283179012345679
1 0.4683159722222222 0.14679783950617284 0.4680989583333333 0.15084876543209877 0.4704861111111111 0.15393518518518517 0.4756944444444444 0.15258487654320987 0.4782986111111111 0.15084876543209877 0.4782986111111111 0.14756944444444445 0.4739583333333333 0.14467592592592593 0.4704861111111111 0.14467592592592593
1 0.4509548611111111 0.04976851851851852 0.4507378472222222 0.054205246913580245 0.4518229166666667 0.06114969135802469 0.4513888888888889 0.06770833333333333 0.4533420138888889 0.06925154320987655 0.4563802083333333 0.06790123456790123 0.4576822916666667 0.0642361111111111 0.4576822916666667 0.061535493827160496 0.4552951388888889 0.047260802469135804 0.4529079861111111 0.0466820987654321
1 0.4973958333333333 0.03298611111111111 0.4967447916666667 0.03607253086419753 0.4971788194444444 0.04456018518518518 0.4986979166666667 0.04841820987654321 0.5015190972222222 0.04938271604938271 0.5049913194444444 0.0466820987654321 0.5054253472222222 0.043209876543209874 0.5023871527777778 0.03780864197530864 0.5026041666666666 0.03298611111111111 0.5017361111111112 0.031057098765432098 0.4982638888888889 0.031828703703703706