1 0.8231336805555556 0.9772376543209876 0.8263888888888888 0.980516975308642 0.8244357638888888 0.9880401234567902 0.8174913194444444 0.9864969135802469 0.8127170138888888 0.9816743827160493 0.8142361111111112 0.9783950617283951 0.8229166666666666 0.9772376543209876
1 0.8224826388888888 0.9772376543209876 0.8263888888888888 0.980516975308642 0.826171875 0.9849537037037037 0.8231336805555556 0.9880401234567902 0.8142361111111112 0.9845679012345679 0.8057725694444444 0.9851466049382716 0.8033854166666666 0.982445987654321 0.8070746527777778 0.9791666666666666 0.822265625 0.9772376543209876
1 0.7332899305555556 0.9837962962962963 0.7374131944444444 0.9911265432098766 0.734375 0.9934413580246914 0.7291666666666666 0.9878472222222222 0.7289496527777778 0.984375 0.7330729166666666 0.9837962962962963
1 0.7907986111111112 0.7912808641975309 0.7944878472222222 0.7934027777777778 0.7966579861111112 0.8005401234567902 0.7934027777777778 0.8003472222222222 0.787109375 0.7932098765432098 0.7905815972222222 0.7912808641975309
1 0.6649305555555556 0.9130015432098766 0.671875 0.9216820987654321 0.6684027777777778 0.9346064814814815 0.6647135416666666 0.9330632716049383 0.6573350694444444 0.921875 0.6603732638888888 0.9147376543209876 0.6647135416666666 0.9130015432098766
1 0.9481336805555556 0.6001157407407407 0.966796875 0.6126543209876543 0.966796875 0.6161265432098766 0.9585503472222222 0.6174768518518519 0.953125 0.623070987654321 0.9494357638888888 0.6221064814814815 0.9344618055555556 0.6086033950617284 0.9364149305555556 0.6024305555555556 0.9479166666666666 0.6001157407407407
1 0.6371527777777778 0.9064429012345679 0.6456163194444444 0.9130015432098766 0.6460503472222222 0.9193672839506173 0.6440972222222222 0.9216820987654321 0.6315104166666666 0.9255401234567902 0.6260850694444444 0.9241898148148148 0.6213107638888888 0.9182098765432098 0.6213107638888888 0.9147376543209876 0.6232638888888888 0.9112654320987654 0.6369357638888888 0.9064429012345679
1 0.7973090277777778 0.6940586419753086 0.806640625 0.7029320987654321 0.8055555555555556 0.7172067901234568 0.8107638888888888 0.7228009259259259 0.810546875 0.7255015432098766 0.7970920138888888 0.7241512345679012 0.7947048611111112 0.7145061728395061 0.7897135416666666 0.7075617283950617 0.7894965277777778 0.703125 0.7970920138888888 0.6940586419753086
1 0.8083767361111112 0.6118827160493827 0.826171875 0.6128472222222222 0.8322482638888888 0.6157407407407407 0.8337673611111112 0.6197916666666666 0.8318142361111112 0.6219135802469136 0.8198784722222222 0.6232638888888888 0.8129340277777778 0.623070987654321 0.8068576388888888 0.6167052469135802 0.8001302083333334 0.6136188271604939 0.8003472222222222 0.6120756172839507 0.8081597222222222 0.6118827160493827
1 0.9396701388888888 0.35281635802469136 0.943359375 0.35551697530864196 0.9427083333333334 0.359375 0.9346788194444444 0.3697916666666667 0.9290364583333334 0.3732638888888889 0.921875 0.37114197530864196 0.921875 0.3653549382716049 0.9294704861111112 0.3557098765432099 0.939453125 0.35281635802469136
1 0.564453125 0.9670138888888888 0.5668402777777778 0.9702932098765432 0.5657552083333334 0.9739583333333334 0.5557725694444444 0.9864969135802469 0.5538194444444444 0.9930555555555556 0.548828125 0.9913194444444444 0.5427517361111112 0.9841820987654321 0.5388454861111112 0.9774305555555556 0.5397135416666666 0.9720293209876543 0.5431857638888888 0.9693287037037037 0.5642361111111112 0.9670138888888888
1 0.6252170138888888 0.7908950617283951 0.6276041666666666 0.7928240740740741 0.6273871527777778 0.7964891975308642 0.6232638888888888 0.8022762345679012 0.619140625 0.793016975308642 0.625 0.7908950617283951
1 0.5865885416666666 0.7916666666666666 0.5885416666666666 0.7926311728395061 0.5883246527777778 0.8005401234567902 0.5822482638888888 0.7961033950617284 0.5818142361111112 0.7934027777777778 0.5863715277777778 0.7916666666666666
1 0.4537760416666667 0.9664351851851852 0.4585503472222222 0.970679012345679 0.4596354166666667 0.9774305555555556 0.453125 0.9926697530864198 0.4461805555555556 0.9847608024691358 0.4392361111111111 0.9849537037037037 0.4379340277777778 0.9826388888888888 0.4411892361111111 0.9699074074074074 0.4494357638888889 0.9656635802469136 0.4535590277777778 0.9664351851851852
1 0.4225260416666667 0.9895833333333334 0.435546875 0.9913194444444444 0.4370659722222222 0.9998070987654321 0.4181857638888889 0.9998070987654321 0.4144965277777778 0.9945987654320988 0.4173177083333333 0.9909336419753086 0.4223090277777778 0.9895833333333334
1 0.5305989583333334 0.7746913580246914 0.5401475694444444 0.7775848765432098 0.5425347222222222 0.7822145061728395 0.5397135416666666 0.7880015432098766 0.5336371527777778 0.7897376543209876 0.5258246527777778 0.7885802469135802 0.5199652777777778 0.7829861111111112 0.5212673611111112 0.779320987654321 0.5303819444444444 0.7746913580246914
1 0.5084635416666666 0.7927276234567902 0.016493055555555556 0.02642746913580247
1 0.7003038194444444 0.581983024691358 0.7055121527777778 0.5841049382716049 0.7076822916666666 0.5883487654320988 0.7033420138888888 0.6016589506172839 0.6966145833333334 0.5991512345679012 0.6944444444444444 0.5952932098765432 0.6953125 0.5846836419753086 0.7000868055555556 0.581983024691358
1 0.6898871527777778 0.5806327160493827 0.6955295138888888 0.5829475308641975 0.7029079861111112 0.5825617283950617 0.7063802083333334 0.5848765432098766 0.7074652777777778 0.591820987654321 0.703125 0.6008873456790124 0.6848958333333334 0.5958719135802469 0.6820746527777778 0.5877700617283951 0.6851128472222222 0.5829475308641975 0.6896701388888888 0.5806327160493827
1 0.5082465277777778 0.7804783950617284 0.5128038194444444 0.7856867283950617 0.5162760416666666 0.8036265432098766 0.5119357638888888 0.8055555555555556 0.5049913194444444 0.7982253086419753 0.5030381944444444 0.8074845679012346 0.5002170138888888 0.8094135802469136 0.49609375 0.8070987654320988 0.4906684027777778 0.7932098765432098 0.4908854166666667 0.7866512345679012 0.4950086805555556 0.7804783950617284 0.5080295138888888 0.7804783950617284
1 0.4989149305555556 0.7797067901234568 0.5021701388888888 0.7826003086419753 0.5036892361111112 0.7937885802469136 0.5030381944444444 0.8074845679012346 0.4997829861111111 0.8097993827160493 0.4958767361111111 0.8074845679012346 0.4904513888888889 0.7901234567901234 0.4924045138888889 0.7829861111111112 0.4986979166666667 0.7797067901234568
1 0.3283420138888889 0.9616126543209876 0.3383246527777778 0.9654706790123457 0.3385416666666667 0.9712577160493827 0.3159722222222222 0.9737654320987654 0.3107638888888889 0.9722222222222222 0.3094618055555556 0.9689429012345679 0.3213975694444444 0.9625771604938271 0.328125 0.9616126543209876
1 0.5481770833333334 0.6736111111111112 0.5520833333333334 0.6817129629629629 0.5438368055555556 0.6932870370370371 0.5364583333333334 0.6880787037037037 0.5358072916666666 0.6793981481481481 0.5431857638888888 0.6726466049382716 0.5479600694444444 0.6736111111111112
1 0.6046006944444444 0.6018518518518519 0.6161024305555556 0.6057098765432098 0.6091579861111112 0.6066743827160493 0.6015625 0.6039737654320988 0.59765625 0.609375 0.5987413194444444 0.6141975308641975 0.5870225694444444 0.6059027777777778 0.5872395833333334 0.6032021604938271 0.6043836805555556 0.6018518518518519
1 0.5811631944444444 0.6020447530864198 0.5978732638888888 0.6028163580246914 0.5989583333333334 0.6163194444444444 0.5885416666666666 0.6078317901234568 0.5818142361111112 0.6103395061728395 0.5731336805555556 0.6101466049382716 0.5709635416666666 0.6024305555555556 0.5809461805555556 0.6020447530864198
1 0.4301215277777778 0.6743827160493827 0.4357638888888889 0.6763117283950617 0.4344618055555556 0.6828703703703703 0.4149305555555556 0.6915509259259259 0.4129774305555556 0.6853780864197531 0.400390625 0.6820987654320988 0.4006076388888889 0.6790123456790124 0.4299045138888889 0.6743827160493827
1 0.2766927083333333 0.9571759259259259 0.279296875 0.9589120370370371 0.2797309027777778 0.9646990740740741 0.2788628472222222 0.9701003086419753 0.2762586805555556 0.9720293209876543 0.2608506944444444 0.9673996913580247 0.259765625 0.9631558641975309 0.2619357638888889 0.9589120370370371 0.2764756944444444 0.9571759259259259
1 0.2942708333333333 0.8325617283950617 0.3012152777777778 0.8360339506172839 0.3155381944444444 0.8383487654320988 0.318359375 0.841820987654321 0.3190104166666667 0.8458719135802469 0.3129340277777778 0.8562885802469136 0.3118489583333333 0.8630401234567902 0.3079427083333333 0.8653549382716049 0.3033854166666667 0.863233024691358 0.3009982638888889 0.8458719135802469 0.2914496527777778 0.8352623456790124 0.2940538194444444 0.8325617283950617
1 0.3465711805555556 0.7027391975308642 0.3580729166666667 0.703125 0.3556857638888889 0.7179783950617284 0.3487413194444444 0.7146990740740741 0.3428819444444444 0.7173996913580247 0.3374565972222222 0.7160493827160493 0.3374565972222222 0.7048611111111112 0.3463541666666667 0.7027391975308642
1 0.3292100694444444 0.7023533950617284 0.3363715277777778 0.703125 0.3376736111111111 0.7067901234567902 0.3311631944444444 0.7133487654320988 0.3244357638888889 0.7164351851851852 0.3203125 0.7146990740740741 0.3209635416666667 0.7064043209876543 0.3240017361111111 0.7025462962962963 0.3289930555555556 0.7023533950617284
1 0.3315972222222222 0.7023533950617284 0.3580729166666667 0.703125 0.3556857638888889 0.7177854938271605 0.3487413194444444 0.7145061728395061 0.3430989583333333 0.7173996913580247 0.3376736111111111 0.7170138888888888 0.3348524305555556 0.7110339506172839 0.3211805555555556 0.7160493827160493 0.3209635416666667 0.706983024691358 0.3233506944444444 0.703125 0.3313802083333333 0.7023533950617284
1 0.20789930555555555 0.890625 0.2133246527777778 0.8937114197530864 0.21354166666666666 0.8987268518518519 0.2007378472222222 0.904320987654321 0.19813368055555555 0.9014274691358025 0.1990017361111111 0.8940972222222222 0.20768229166666666 0.890625
1 0.2105034722222222 0.8921682098765432 0.21375868055555555 0.8973765432098766 0.2124565972222222 0.9112654320987654 0.2092013888888889 0.9151234567901234 0.19661458333333334 0.921875 0.1953125 0.9182098765432098 0.19986979166666666 0.9079861111111112 0.1994357638888889 0.8956404320987654 0.2029079861111111 0.8921682098765432 0.21028645833333334 0.8921682098765432
1 0.169921875 0.9187885802469136 0.1753472222222222 0.921875 0.17513020833333334 0.9286265432098766 0.171875 0.9299768518518519 0.16688368055555555 0.9290123456790124 0.1640625 0.9243827160493827 0.1644965277777778 0.9195601851851852 0.1697048611111111 0.9187885802469136
1 0.13346354166666666 0.953125 0.1371527777777778 0.9535108024691358 0.13953993055555555 0.9594907407407407 0.1365017361111111 0.9766589506172839 0.13368055555555555 0.9776234567901234 0.1286892361111111 0.9737654320987654 0.1293402777777778 0.9602623456790124 0.13346354166666666 0.9533179012345679
1 0.12065972222222222 0.9502314814814815 0.123046875 0.9521604938271605 0.12348090277777778 0.9571759259259259 0.11675347222222222 0.9633487654320988 0.10894097222222222 0.9598765432098766 0.11653645833333333 0.9504243827160493 0.12044270833333333 0.9502314814814815
1 0.1208767361111111 0.9513888888888888 0.123046875 0.9567901234567902 0.12044270833333333 0.9585262345679012 0.11979166666666667 0.9635416666666666 0.126953125 0.9702932098765432 0.126953125 0.9768518518518519 0.11610243055555555 0.9861111111111112 0.1095920138888889 0.9878472222222222 0.1095920138888889 0.9945987654320988 0.10633680555555555 0.996141975308642 0.10243055555555555 0.9944058641975309 0.09809027777777778 0.9847608024691358 0.09874131944444445 0.9724151234567902 0.1015625 0.9664351851851852 0.11588541666666667 0.9519675925925926 0.12065972222222222 0.9513888888888888
1 0.3500434027777778 0.6753472222222222 0.3563368055555556 0.6788194444444444 0.3532986111111111 0.6853780864197531 0.3480902777777778 0.6898148148148148 0.3328993055555556 0.6938657407407407 0.3266059027777778 0.6925154320987654 0.3279079861111111 0.6861496913580247 0.3374565972222222 0.6772762345679012 0.3498263888888889 0.6753472222222222
1 0.3246527777777778 0.6649305555555556 0.3459201388888889 0.671875 0.3500434027777778 0.6753472222222222 0.3279079861111111 0.6809413580246914 0.3224826388888889 0.669945987654321 0.3246527777777778 0.6651234567901234
1 0.3174913194444444 0.6674382716049383 0.3205295138888889 0.6684027777777778 0.3211805555555556 0.6716820987654321 0.3107638888888889 0.6795910493827161 0.3064236111111111 0.6788194444444444 0.3070746527777778 0.6709104938271605 0.3101128472222222 0.6684027777777778 0.3172743055555556 0.6676311728395061
1 0.6028645833333334 0.35185185185185186 0.6065538194444444 0.3541666666666667 0.6089409722222222 0.36323302469135804 0.6061197916666666 0.373070987654321 0.5989583333333334 0.3782793209876543 0.5952690972222222 0.3765432098765432 0.5928819444444444 0.36940586419753085 0.6026475694444444 0.35185185185185186
1 0.4498697916666667 0.3740354938271605 0.4533420138888889 0.38155864197530864 0.4333767361111111 0.3894675925925926 0.4294704861111111 0.3871527777777778 0.4312065972222222 0.37789351851851855 0.4496527777777778 0.3740354938271605
1 0.4194878472222222 0.37114197530864196 0.4268663194444444 0.38329475308641975 0.42578125 0.38850308641975306 0.421875 0.3915895061728395 0.4168836805555556 0.3904320987654321 0.4138454861111111 0.38348765432098764 0.4147135416666667 0.3717206790123457 0.4192708333333333 0.37114197530864196
1 0.296875 0.6684027777777778 0.3051215277777778 0.6753472222222222 0.3057725694444444 0.6786265432098766 0.296875 0.6934799382716049 0.2936197916666667 0.6950231481481481 0.2894965277777778 0.6948302469135802 0.2827690972222222 0.6880787037037037 0.2808159722222222 0.6780478395061729 0.2966579861111111 0.6684027777777778
1 0.21354166666666666 0.6732253086419753 0.21614583333333334 0.6751543209876543 0.21592881944444445 0.6801697530864198 0.2068142361111111 0.6909722222222222 0.19270833333333334 0.6929012345679012 0.19205729166666666 0.6849922839506173 0.18250868055555555 0.6803626543209876 0.181640625 0.6780478395061729 0.2133246527777778 0.6732253086419753
1 0.11957465277777778 0.9498456790123457 0.1232638888888889 0.953125 0.12044270833333333 0.9633487654320988 0.12348090277777778 0.9664351851851852 0.12825520833333334 0.9666280864197531 0.13346354166666666 0.9546682098765432 0.1371527777777778 0.9548611111111112 0.1382378472222222 0.9635416666666666 0.134765625 0.9747299382716049 0.12999131944444445 0.9751157407407407 0.123046875 0.9822530864197531 0.11089409722222222 0.9872685185185185 0.1091579861111111 0.9949845679012346 0.10243055555555555 0.9945987654320988 0.0978732638888889 0.9841820987654321 0.09917534722222222 0.9702932098765432 0.11414930555555555 0.953125 0.1193576388888889 0.9500385802469136
1 0.1374782986111111 0.6721643518518519 0.011501736111111112 0.01716820987654321
1 0.1408420138888889 0.6647376543209876 0.140625 0.6790123456790124 0.1371527777777778 0.6788194444444444 0.12565104166666666 0.6927083333333334 0.11979166666666667 0.6957947530864198 0.11610243055555555 0.6929012345679012 0.11631944444444445 0.6809413580246914 0.140625 0.6647376543209876
1 0.15104166666666666 0.455054012345679 0.154296875 0.4575617283950617 0.15494791666666666 0.4643132716049383 0.1440972222222222 0.47530864197530864 0.1371527777777778 0.47087191358024694 0.12955729166666666 0.4712577160493827 0.12825520833333334 0.466820987654321 0.13368055555555555 0.46084104938271603 0.1508246527777778 0.455054012345679
1 0.5295138888888888 0.19926697530864199 0.5347222222222222 0.21334876543209877 0.5197482638888888 0.21334876543209877 0.529296875 0.19945987654320987
1 0.18641493055555555 0.3690200617283951 0.19270833333333334 0.3746141975308642 0.2072482638888889 0.38040123456790126 0.20789930555555555 0.38657407407407407 0.20377604166666666 0.3879243827160494 0.1857638888888889 0.38483796296296297 0.1773003472222222 0.3765432098765432 0.17881944444444445 0.3732638888888889 0.18619791666666666 0.3690200617283951
1 0.2690972222222222 0.28125 0.2795138888888889 0.2924382716049383 0.2897135416666667 0.2934027777777778 0.2981770833333333 0.3003472222222222 0.2860243055555556 0.3090277777777778 0.265625 0.3130787037037037 0.2641059027777778 0.310570987654321 0.2703993055555556 0.3038194444444444 0.2654079861111111 0.2935956790123457 0.265625 0.2829861111111111 0.2688802083333333 0.28125
1 0.470703125 0.19888117283950618 0.4772135416666667 0.2025462962962963 0.4861111111111111 0.2029320987654321 0.4854600694444444 0.21334876543209877 0.4741753472222222 0.21450617283950618 0.4704861111111111 0.21354166666666666 0.4704861111111111 0.19888117283950618
1 0.4476996527777778 0.20756172839506173 0.4563802083333333 0.21604938271604937 0.4548611111111111 0.22415123456790123 0.4659288194444444 0.24459876543209877 0.4635416666666667 0.24614197530864199 0.4359809027777778 0.23109567901234568 0.4390190972222222 0.2181712962962963 0.4435763888888889 0.20987654320987653 0.4474826388888889 0.20756172839506173
1 0.4476996527777778 0.20736882716049382 0.4563802083333333 0.2173996913580247 0.4476996527777778 0.22608024691358025 0.4461805555555556 0.234375 0.4388020833333333 0.2339891975308642 0.4357638888888889 0.23013117283950618 0.4361979166666667 0.22395833333333334 0.4427083333333333 0.20987654320987653 0.4474826388888889 0.20736882716049382
1 0.2280815972222222 0.279320987654321 0.23046875 0.2689043209876543 0.24110243055555555 0.2652391975308642 0.24153645833333334 0.2806712962962963 0.2282986111111111 0.2795138888888889
1 0.5538194444444444 0.16165123456790123 0.5640190972222222 0.16338734567901234 0.5638020833333334 0.17515432098765432 0.5607638888888888 0.18055555555555555 0.5501302083333334 0.18344907407407407 0.5455729166666666 0.17843364197530864 0.5460069444444444 0.1720679012345679 0.5536024305555556 0.16184413580246915
1 0.4878472222222222 0.16878858024691357 0.4913194444444444 0.171875 0.4947916666666667 0.171875 0.4913194444444444 0.18364197530864199 0.4850260416666667 0.1865354938271605 0.4841579861111111 0.19077932098765432 0.47265625 0.18209876543209877 0.4720052083333333 0.17862654320987653 0.4817708333333333 0.17689043209876543 0.4876302083333333 0.16898148148148148
1 0.5188802083333334 0.1579861111111111 0.5230034722222222 0.16898148148148148 0.5225694444444444 0.17515432098765432 0.51953125 0.17862654320987653 0.5121527777777778 0.18036265432098766 0.5049913194444444 0.17592592592592593 0.5049913194444444 0.16280864197530864 0.5084635416666666 0.16145833333333334 0.5121527777777778 0.16338734567901234 0.5186631944444444 0.1579861111111111
1 0.5049913194444444 0.15084876543209877 0.5062934027777778 0.1570216049382716 0.5134548611111112 0.16377314814814814 0.5143229166666666 0.16820987654320987 0.5084635416666666 0.16878858024691357 0.5052083333333334 0.1753472222222222 0.5017361111111112 0.1707175925925926 0.4973958333333333 0.1716820987654321 0.4978298611111111 0.16300154320987653 0.501953125 0.16049382716049382 0.5047743055555556 0.15104166666666666
1 0.5015190972222222 0.15142746913580246 0.5067274305555556 0.16126543209876543 0.5043402777777778 0.1711033950617284 0.4932725694444444 0.17611882716049382 0.4911024305555556 0.18248456790123457 0.4867621527777778 0.18229166666666666 0.4898003472222222 0.17862654320987653 0.486328125 0.1743827160493827 0.4852430555555556 0.16473765432098766 0.4915364583333333 0.1552854938271605 0.5013020833333334 0.15162037037037038
1 0.5015190972222222 0.14776234567901234 0.5049913194444444 0.14949845679012347 0.5067274305555556 0.1583719135802469 0.5134548611111112 0.16473765432098766 0.5143229166666666 0.1684027777777778 0.5086805555555556 0.1684027777777778 0.5054253472222222 0.1753472222222222 0.5017361111111112 0.1726466049382716 0.4932725694444444 0.1753472222222222 0.4911024305555556 0.18267746913580246 0.4856770833333333 0.18248456790123457 0.4887152777777778 0.17881944444444445 0.4848090277777778 0.16531635802469136 0.4869791666666667 0.1545138888888889 0.4906684027777778 0.14988425925925927 0.5013020833333334 0.14795524691358025
1 0.4626736111111111 0.15084876543209877 0.46875 0.15432098765432098 0.4737413194444444 0.16763117283950618 0.4720052083333333 0.1720679012345679 0.4635416666666667 0.17592592592592593 0.4600694444444444 0.1753472222222222 0.4548611111111111 0.16878858024691357 0.4563802083333333 0.15354938271604937 0.4624565972222222 0.15084876543209877
1 0.4364149305555556 0.15914351851851852 0.4398871527777778 0.16145833333333334 0.4450954861111111 0.17881944444444445 0.4322916666666667 0.1869212962962963 0.4299045138888889 0.1857638888888889 0.4325086805555556 0.18229166666666666 0.4309895833333333 0.1736111111111111 0.4361979166666667 0.15914351851851852
1 0.4982638888888889 0.14216820987654322 0.5015190972222222 0.1431327160493827 0.5067274305555556 0.15104166666666666 0.5084635416666666 0.16184413580246915 0.5045572916666666 0.1693672839506173 0.4945746527777778 0.1724537037037037 0.4878472222222222 0.16820987654320987 0.4865451388888889 0.16473765432098766 0.4852430555555556 0.14756944444444445 0.498046875 0.1423611111111111
1 0.4249131944444444 0.17505787037037038 0.014756944444444444 0.027584876543209878
1 0.4986979166666667 0.14216820987654322 0.5054253472222222 0.14872685185185186 0.5067274305555556 0.16165123456790123 0.5028211805555556 0.1693672839506173 0.4950086805555556 0.1728395061728395 0.4876302083333333 0.1701388888888889 0.4822048611111111 0.16261574074074073 0.4733072916666667 0.16165123456790123 0.4691840277777778 0.14737654320987653 0.4704861111111111 0.14448302469135801 0.4774305555555556 0.14930555555555555 0.4841579861111111 0.14351851851851852 0.4984809027777778 0.14216820987654322
1 0.5004340277777778 0.1427469135802469 0.505859375 0.15065586419753085 0.5056423611111112 0.16165123456790123 0.5026041666666666 0.16878858024691357 0.4952256944444444 0.1724537037037037 0.4878472222222222 0.17033179012345678 0.4848090277777778 0.16473765432098766 0.4737413194444444 0.16396604938271606 0.470703125 0.16145833333333334 0.4680989583333333 0.14756944444444445 0.4702690972222222 0.14371141975308643 0.4778645833333333 0.14737654320987653 0.484375 0.1427469135802469 0.5002170138888888 0.1427469135802469
1 0.4984809027777778 0.1415895061728395 0.5015190972222222 0.14390432098765432 0.5021701388888888 0.15123456790123457 0.4913194444444444 0.1550925925925926 0.4845920138888889 0.16203703703703703 0.4737413194444444 0.16126543209876543 0.47265625 0.1574074074074074 0.4769965277777778 0.1545138888888889 0.4704861111111111 0.15162037037037038 0.4698350694444444 0.1440972222222222 0.4778645833333333 0.14737654320987653 0.4841579861111111 0.14216820987654322 0.4982638888888889 0.1415895061728395
1 0.5770399305555556 0.09799382716049383 0.5783420138888888 0.10204475308641975 0.5744357638888888 0.10609567901234568 0.5707465277777778 0.10532407407407407 0.5690104166666666 0.09895833333333333 0.5768229166666666 0.09799382716049383
1 0.5572916666666666 0.09606481481481481 0.5698784722222222 0.10050154320987655 0.5696614583333334 0.10551697530864197 0.5651041666666666 0.10628858024691358 0.5570746527777778 0.10416666666666667 0.5540364583333334 0.09876543209876543 0.5570746527777778 0.09606481481481481
1 0.5444878472222222 0.08053626543209877 0.012152777777777778 0.01408179012345679
1 0.6404079861111112 0.05709876543209876 0.6438802083333334 0.05787037037037037 0.6447482638888888 0.06385030864197531 0.6438802083333334 0.06751543209876543 0.63671875 0.06732253086419752 0.6360677083333334 0.0642361111111111 0.6404079861111112 0.057291666666666664
1 0.6302083333333334 0.05632716049382716 0.6336805555555556 0.05709876543209876 0.6369357638888888 0.06172839506172839 0.6404079861111112 0.057291666666666664 0.6436631944444444 0.05806327160493827 0.6440972222222222 0.06693672839506173 0.6297743055555556 0.06732253086419752 0.6299913194444444 0.05652006172839506
1 0.6306423611111112 0.05613425925925926 0.6336805555555556 0.05709876543209876 0.6354166666666666 0.06365740740740741 0.6334635416666666 0.06751543209876543 0.6284722222222222 0.06597222222222222 0.6304253472222222 0.05613425925925926
1 0.453125 0.11149691358024691 0.4600694444444444 0.11284722222222222 0.4665798611111111 0.11979166666666667 0.4672309027777778 0.12345679012345678 0.4635416666666667 0.12885802469135801 0.4598524305555556 0.13001543209876543 0.4565972222222222 0.12731481481481483 0.4422743055555556 0.1255787037037037 0.4424913194444444 0.11998456790123457 0.4529079861111111 0.11168981481481481
1 0.5536024305555556 0.06500771604938271 0.5575086805555556 0.07040895061728394 0.5577256944444444 0.0783179012345679 0.5568576388888888 0.08198302469135803 0.5520833333333334 0.08449074074074074 0.5475260416666666 0.08410493827160494 0.5473090277777778 0.07619598765432099 0.548828125 0.06732253086419752 0.5533854166666666 0.06500771604938271
1 0.11957465277777778 0.44155092592592593 0.13411458333333334 0.4564043209876543 0.1323784722222222 0.4702932098765432 0.12890625 0.4702932098765432 0.11631944444444445 0.455054012345679 0.1134982638888889 0.44598765432098764 0.115234375 0.4427083333333333 0.1193576388888889 0.4417438271604938
1 0.15104166666666666 0.36747685185185186 0.1547309027777778 0.3690200617283951 0.1577690972222222 0.3748070987654321 0.1579861111111111 0.3802083333333333 0.15559895833333334 0.38348765432098764 0.15125868055555555 0.38522376543209874 0.1351996527777778 0.38503086419753085 0.1232638888888889 0.3898533950617284 0.12196180555555555 0.3871527777777778 0.1267361111111111 0.3757716049382716 0.14388020833333334 0.37364969135802467 0.1508246527777778 0.36766975308641975
1 0.3986545138888889 0.16184413580246915 0.4008246527777778 0.16261574074074073 0.40625 0.17515432098765432 0.4010416666666667 0.18518518518518517 0.3908420138888889 0.18229166666666666 0.3884548611111111 0.17592592592592593 0.3888888888888889 0.16473765432098766 0.3940972222222222 0.16473765432098766 0.3984375 0.16184413580246915
1 0.4112413194444444 0.09047067901234568 0.4192708333333333 0.10204475308641975 0.4186197916666667 0.10590277777777778 0.4095052083333333 0.10570987654320987 0.4079861111111111 0.09934413580246913 0.4112413194444444 0.09066358024691358
1 0.4838324652777778 0.07706404320987655 0.010199652777777778 0.019097222222222224
1 0.5544704861111112 0.05343364197530864 0.5572916666666666 0.05497685185185185 0.55859375 0.05999228395061729 0.5579427083333334 0.06442901234567901 0.5544704861111112 0.06597222222222222 0.5501302083333334 0.06500771604938271 0.5481770833333334 0.06076388888888889 0.5494791666666666 0.05285493827160494 0.5542534722222222 0.05343364197530864
1 0.546875 0.048996913580246916 0.5570746527777778 0.055169753086419755 0.5572916666666666 0.06481481481481481 0.55078125 0.06558641975308642 0.5386284722222222 0.0623070987654321 0.5379774305555556 0.060570987654320986 0.5466579861111112 0.04918981481481482
1 0.546875 0.048804012345679014 0.5514322916666666 0.053626543209876545 0.5483940972222222 0.0626929012345679 0.5401475694444444 0.06404320987654322 0.5373263888888888 0.06076388888888889 0.5466579861111112 0.048996913580246916
1 0.466796875 0.057484567901234566 0.4715711805555556 0.06018518518518518 0.470703125 0.0642361111111111 0.4635416666666667 0.0628858024691358 0.4631076388888889 0.057291666666666664 0.4665798611111111 0.057484567901234566
1 0.4049479166666667 0.06828703703703703 0.4073350694444444 0.07098765432098765 0.4086371527777778 0.08179012345679013 0.4045138888888889 0.08757716049382716 0.3995225694444444 0.08622685185185185 0.3980034722222222 0.08101851851851852 0.4047309027777778 0.06828703703703703
1 0.4461805555555556 0.046489197530864196 0.4494357638888889 0.05073302469135803 0.4529079861111111 0.047839506172839504 0.4563802083333333 0.049575617283950615 0.4578993055555556 0.06442901234567901 0.4529079861111111 0.06963734567901235 0.4457465277777778 0.06809413580246913 0.4422743055555556 0.06385030864197531 0.4427083333333333 0.05459104938271605 0.4459635416666667 0.046489197530864196
1 0.4878472222222222 0.033371913580246916 0.4947916666666667 0.036265432098765434 0.4978298611111111 0.030671296296296297 0.5017361111111112 0.029513888888888888 0.501953125 0.03684413580246913 0.5052083333333334 0.043209876543209874 0.5017361111111112 0.05015432098765432 0.494140625 0.05092592592592592 0.4904513888888889 0.046489197530864196 0.4878472222222222 0.03356481481481482
1 0.2170138888888889 0.27276234567901236 0.2250434027777778 0.2797067901234568 0.2170138888888889 0.2814429012345679 0.216796875 0.27295524691358025
1 0.2688802083333333 0.14544753086419754 0.2732204861111111 0.1545138888888889 0.2697482638888889 0.1560570987654321 0.2601996527777778 0.15470679012345678 0.2621527777777778 0.14814814814814814 0.2686631944444444 0.14564043209876543
1 0.2478298611111111 0.14756944444444445 0.2526041666666667 0.14872685185185186 0.2591145833333333 0.15432098765432098 0.2517361111111111 0.1568287037037037 0.2476128472222222 0.15181327160493827 0.2478298611111111 0.14776234567901234
1 0.3315972222222222 0.07542438271604938 0.3420138888888889 0.07195216049382716 0.3465711805555556 0.08101851851851852 0.3450520833333333 0.08487654320987655 0.3420138888888889 0.08603395061728394 0.3313802083333333 0.08371913580246913 0.3315972222222222 0.07561728395061729
1 0.3511284722222222 0.05960648148148148 0.3565538194444444 0.07195216049382716 0.3559027777777778 0.078125 0.3524305555555556 0.08043981481481481 0.3461371527777778 0.0783179012345679 0.3441840277777778 0.07465277777777778 0.3472222222222222 0.06076388888888889 0.3509114583333333 0.05960648148148148
1 0.3461371527777778 0.05999228395061729 0.3480902777777778 0.07600308641975309 0.345703125 0.07928240740740741 0.3391927083333333 0.07465277777777778 0.3391927083333333 0.07098765432098765 0.3413628472222222 0.060570987654320986 0.3459201388888889 0.05999228395061729
1 0.029296875 0.7800925925925926 0.037760416666666664 0.7932098765432098 0.03797743055555555 0.7972608024691358 0.033854166666666664 0.7993827160493827 0.029079861111111112 0.7982253086419753 0.021701388888888888 0.7910879629629629 0.022352430555555556 0.7810570987654321 0.029079861111111112 0.7800925925925926
1 0 0.5113811728395061 0.004774305555555556 0.5150462962962963 0.008463541666666666 0.5243055555555556 0.026041666666666668 0.5229552469135802 0.028428819444444444 0.5258487654320988 0.022352430555555556 0.5376157407407407 0 0.5327932098765432 0 0.5115740740740741
1 0.3459201388888889 0.059799382716049385 0.3480902777777778 0.06076388888888889 0.3489583333333333 0.06712962962962964 0.3522135416666667 0.0625 0.3526475694444444 0.06983024691358025 0.3556857638888889 0.07021604938271606 0.3559027777777778 0.07523148148148148 0.3426649305555556 0.08506944444444445 0.3315972222222222 0.08179012345679013 0.3313802083333333 0.07947530864197531 0.3387586805555556 0.07118055555555555 0.3411458333333333 0.06076388888888889 0.345703125 0.059799382716049385
1 0.078125 0.361304012345679 0.08506944444444445 0.36651234567901236 0.08854166666666667 0.3638117283950617 0.091796875 0.3645833333333333 0.1032986111111111 0.373070987654321 0.10221354166666667 0.38155864197530864 0.0920138888888889 0.38676697530864196 0.08506944444444445 0.38406635802469136 0.07964409722222222 0.3765432098765432 0.0779079861111111 0.36149691358024694
1 0.036458333333333336 0.41724537037037035 0.04405381944444445 0.4234182098765432 0.045355902777777776 0.42920524691358025 0.043402777777777776 0.43209876543209874 0.030164930555555556 0.42824074074074076 0.029730902777777776 0.421875 0.03211805555555555 0.4182098765432099 0.03624131944444445 0.41724537037037035
1 0.4646267361111111 0.022183641975308643 0.4689670138888889 0.030864197530864196 0.4774305555555556 0.03838734567901234 0.4772135416666667 0.047260802469135804 0.4633246527777778 0.04224537037037037 0.4572482638888889 0.036265432098765434 0.4622395833333333 0.022569444444444444 0.4644097222222222 0.022183641975308643
1 0.9312065972222222 0.3306327160493827 0.9314236111111112 0.3325617283950617 0.9346788194444444 0.3350694444444444 0.9366319444444444 0.3377700617283951 0.9392361111111112 0.34664351851851855 0.9409722222222222 0.3449074074074074 0.9461805555555556 0.3422067901234568 0.9487847222222222 0.33468364197530864 0.9483506944444444 0.33101851851851855 0.9429253472222222 0.328125 0.9329427083333334 0.3290895061728395
1 0.2762586805555556 0.45968364197530864 0.2897135416666667 0.46469907407407407 0.2934027777777778 0.4693287037037037 0.2925347222222222 0.4737654320987654 0.2890625 0.47762345679012347 0.2658420138888889 0.4849537037037037 0.2628038194444444 0.4836033950617284 0.2708333333333333 0.47723765432098764 0.2584635416666667 0.46739969135802467 0.2586805555555556 0.4650848765432099 0.2760416666666667 0.45968364197530864