1 0.996875 0.8381944444444445 0.99921875 0.8388888888888889 0.99921875 0.8590277777777777 0.9921875 0.8618055555555556 0.9859375 0.8583333333333333 0.98125 0.8451388888888889 0.984375 0.8388888888888889 0.99609375 0.8381944444444445
1 0.85703125 0.9041666666666667 0.8703125 0.9041666666666667 0.86953125 0.9118055555555555 0.865625 0.9159722222222222 0.8609375 0.9152777777777777 0.85703125 0.9048611111111111
1 0.8984375 0.8520833333333333 0.9015625 0.8506944444444444 0.90546875 0.8534722222222222 0.90625 0.8631944444444445 0.90390625 0.8659722222222223 0.9015625 0.8645833333333334 0.89921875 0.8527777777777777
1 0.9609375 0.7902777777777777 0.9703125 0.7916666666666666 0.97421875 0.8 0.97109375 0.80625 0.96640625 0.8090277777777778 0.9640625 0.8069444444444445 0.9609375 0.7909722222222222
1 0.81640625 0.89375 0.81796875 0.9048611111111111 0.815625 0.90625 0.809375 0.9041666666666667 0.81171875 0.89375 0.815625 0.89375
1 0.7359375 0.9368055555555556 0.7421875 0.9493055555555555 0.73046875 0.9548611111111112 0.7265625 0.9534722222222223 0.725 0.9493055555555555 0.7328125 0.9368055555555556 0.73515625 0.9368055555555556
1 0.80390625 0.8625 0.80703125 0.8659722222222223 0.803125 0.8729166666666667 0.8 0.8743055555555556 0.778125 0.8743055555555556 0.7765625 0.8729166666666667 0.778125 0.8701388888888889 0.79453125 0.8673611111111111 0.803125 0.8631944444444445
1 0.77578125 0.8069444444444445 0.7734375 0.81875 0.76484375 0.8222222222222222 0.759375 0.8284722222222223 0.7546875 0.8263888888888888 0.7546875 0.8118055555555556 0.75625 0.8104166666666667 0.76875 0.8118055555555556 0.77265625 0.8069444444444445 0.775 0.8069444444444445
1 0.71796875 0.70625 0.73125 0.70625 0.74140625 0.7138888888888889 0.74140625 0.7166666666666667 0.734375 0.7138888888888889 0.7296875 0.7166666666666667 0.73046875 0.7291666666666666 0.721875 0.7270833333333333 0.721875 0.7166666666666667 0.71875 0.7069444444444445
1 0.6125 0.8302083333333333 0.015625 0.029861111111111113
1 0.60234375 0.8173611111111111 0.6046875 0.8201388888888889 0.60625 0.8409722222222222 0.60546875 0.8486111111111111 0.603125 0.85 0.59921875 0.8493055555555555 0.59921875 0.8409722222222222 0.59453125 0.8305555555555556 0.59453125 0.8208333333333333 0.59765625 0.8173611111111111 0.6015625 0.8173611111111111
1 0.4859375 0.95 0.4953125 0.9541666666666667 0.49375 0.9708333333333333 0.4859375 0.9708333333333333 0.4828125 0.96875 0.48046875 0.9506944444444444 0.48515625 0.95
1 0.66875 0.7277777777777777 0.671875 0.7291666666666666 0.671875 0.7416666666666667 0.6796875 0.7513888888888889 0.6671875 0.7486111111111111 0.66171875 0.7534722222222222 0.6578125 0.7298611111111111 0.66796875 0.7277777777777777
1 0.52734375 0.8694444444444445 0.53203125 0.8770833333333333 0.53203125 0.8854166666666666 0.525 0.8951388888888889 0.52109375 0.8909722222222223 0.52109375 0.8701388888888889 0.5265625 0.8694444444444445
1 0.5203125 0.8694444444444445 0.5265625 0.8694444444444445 0.53203125 0.8791666666666667 0.53203125 0.8847222222222222 0.52578125 0.8979166666666667 0.51953125 0.9048611111111111 0.51484375 0.9055555555555556 0.5125 0.9 0.5203125 0.8847222222222222 0.5203125 0.8701388888888889
1 0.63359375 0.7270833333333333 0.6375 0.7270833333333333 0.6375 0.7340277777777777 0.6328125 0.74375 0.63046875 0.7423611111111111 0.63046875 0.7381944444444445 0.63359375 0.7277777777777777
1 0.6484375 0.7097222222222223 0.6578125 0.7097222222222223 0.65703125 0.7215277777777778 0.6609375 0.7263888888888889 0.671875 0.7291666666666666 0.671875 0.7409722222222223 0.6796875 0.7513888888888889 0.6671875 0.7486111111111111 0.6640625 0.7520833333333333 0.66015625 0.7527777777777778 0.6609375 0.7458333333333333 0.65703125 0.7347222222222223 0.64609375 0.7201388888888889 0.6484375 0.7104166666666667
1 0.653125 0.7090277777777778 0.6578125 0.7104166666666667 0.65703125 0.7229166666666667 0.659375 0.7270833333333333 0.6578125 0.7298611111111111 0.64609375 0.7208333333333333 0.64765625 0.7104166666666667 0.65234375 0.7090277777777778
1 0.47109375 0.8763888888888889 0.4984375 0.8777777777777778 0.5 0.8840277777777777 0.49765625 0.8881944444444444 0.4921875 0.8861111111111111 0.48359375 0.8881944444444444 0.471875 0.8798611111111111 0.471875 0.8770833333333333
1 0.48828125 0.85625 0.49140625 0.8597222222222223 0.4875 0.8645833333333334 0.4828125 0.8631944444444445 0.4828125 0.8590277777777777 0.4875 0.85625
1 0.4875 0.7895833333333333 0.5015625 0.7902777777777777 0.50078125 0.8069444444444445 0.49765625 0.8090277777777778 0.49140625 0.8069444444444445 0.49140625 0.7965277777777777 0.4875 0.7930555555555555 0.4875 0.7902777777777777
1 0.77578125 0.5236111111111111 0.77734375 0.5375 0.78359375 0.5416666666666666 0.7828125 0.5458333333333333 0.75859375 0.5555555555555556 0.753125 0.5541666666666667 0.753125 0.5451388888888888 0.75859375 0.53125 0.7609375 0.5368055555555555 0.765625 0.5375 0.76640625 0.5347222222222222 0.76328125 0.53125 0.7640625 0.5256944444444445 0.771875 0.5263888888888889 0.775 0.5243055555555556
1 0.89765625 0.27361111111111114 0.89609375 0.2659722222222222 0.90078125 0.2652777777777778 0.8984375 0.27291666666666664
1 0.869921875 0.27395833333333336 0.01484375 0.014583333333333334
1 0.99765625 0.20555555555555555 0.99921875 0.20625 0.99921875 0.22916666666666666 0.99453125 0.22847222222222222 0.990625 0.22361111111111112 0.9859375 0.20625 0.996875 0.20555555555555555
1 0.91015625 0.2111111111111111 0.9109375 0.21805555555555556 0.90859375 0.22152777777777777 0.9046875 0.21944444444444444 0.90234375 0.21319444444444444 0.9046875 0.21041666666666667 0.909375 0.2111111111111111
1 0.54296875 0.6458333333333334 0.546875 0.6458333333333334 0.55 0.6486111111111111 0.553125 0.6555555555555556 0.5515625 0.6625 0.54296875 0.6625 0.540625 0.6583333333333333 0.540625 0.65 0.54296875 0.6465277777777778
1 0.565625 0.6402777777777777 0.5671875 0.6402777777777777 0.5640625 0.6451388888888889 0.56484375 0.6541666666666667 0.55078125 0.6625 0.5421875 0.6604166666666667 0.540625 0.6506944444444445 0.54296875 0.6451388888888889 0.54921875 0.6416666666666667 0.553125 0.6444444444444445 0.55625 0.6354166666666666 0.56484375 0.6402777777777777
1 0.49765625 0.5152777777777777 0.5109375 0.5256944444444445 0.5125 0.5291666666666667 0.51171875 0.5340277777777778 0.50546875 0.5395833333333333 0.5015625 0.5402777777777777 0.4921875 0.5347222222222222 0.49453125 0.5284722222222222 0.49453125 0.5159722222222223 0.496875 0.5152777777777777
1 0.6609375 0.34375 0.678125 0.34444444444444444 0.68828125 0.3486111111111111 0.684375 0.3541666666666667 0.67265625 0.35625 0.66875 0.35555555555555557 0.66015625 0.3486111111111111 0.6609375 0.34444444444444444
1 0.9765625 0.18125 0.98671875 0.20208333333333334 0.97890625 0.20694444444444443 0.9734375 0.20694444444444443 0.96171875 0.19583333333333333 0.96796875 0.18125 0.97109375 0.17916666666666667 0.97578125 0.18125
1 0.7828125 0.22708333333333333 0.80703125 0.22152777777777777 0.8109375 0.22152777777777777 0.8125 0.22361111111111112 0.8078125 0.23125 0.7828125 0.23125 0.7828125 0.22777777777777777
1 0.96796875 0.15 0.978125 0.15763888888888888 0.97890625 0.16111111111111112 0.97421875 0.1701388888888889 0.9703125 0.16944444444444445 0.96796875 0.1597222222222222 0.96328125 0.15416666666666667 0.96328125 0.15069444444444444 0.9671875 0.15
1 0.76328125 0.1625 0.771875 0.16527777777777777 0.77578125 0.16111111111111112 0.78046875 0.16111111111111112 0.7796875 0.17083333333333334 0.76328125 0.18194444444444444 0.75859375 0.17916666666666667 0.7578125 0.17222222222222222 0.75859375 0.1638888888888889 0.7625 0.1625
1 0.54296875 0.7291666666666666 0.55 0.7375 0.54375 0.7479166666666667 0.53515625 0.75 0.52734375 0.7416666666666667 0.52890625 0.7368055555555556 0.53828125 0.7354166666666667 0.5421875 0.7298611111111111
1 0.54296875 0.6465277777777778 0.546875 0.6465277777777778 0.5515625 0.6506944444444445 0.553125 0.6555555555555556 0.5515625 0.6625 0.54375 0.6625 0.540625 0.6569444444444444 0.54296875 0.6472222222222223
1 0.5609375 0.6388888888888888 0.5671875 0.6402777777777777 0.5640625 0.6451388888888889 0.5640625 0.6541666666666667 0.55859375 0.6569444444444444 0.553125 0.6548611111111111 0.5515625 0.6472222222222223 0.5546875 0.6444444444444445 0.5546875 0.6368055555555555 0.55703125 0.6354166666666666 0.56015625 0.6388888888888888
1 0.49921875 0.6361111111111111 0.50859375 0.6402777777777777 0.5109375 0.6451388888888889 0.50859375 0.6479166666666667 0.4984375 0.6513888888888889 0.49375 0.6486111111111111 0.490625 0.6423611111111112 0.490625 0.6368055555555555 0.4984375 0.6361111111111111
1 0.5125 0.5868055555555556 0.51484375 0.5881944444444445 0.51328125 0.5909722222222222 0.5015625 0.5986111111111111 0.50234375 0.5881944444444445 0.51171875 0.5868055555555556
1 0.49453125 0.5152777777777777 0.50390625 0.5215277777777778 0.5203125 0.5222222222222223 0.52890625 0.5256944444444445 0.52734375 0.5305555555555556 0.521875 0.5333333333333333 0.51484375 0.5333333333333333 0.50703125 0.5395833333333333 0.5015625 0.5409722222222222 0.4921875 0.5340277777777778 0.4953125 0.5256944444444445 0.49453125 0.5159722222222223
1 0.49453125 0.35208333333333336 0.496875 0.35694444444444445 0.49296875 0.36666666666666664 0.48828125 0.36875 0.4828125 0.36736111111111114 0.4796875 0.3548611111111111 0.48515625 0.35208333333333336 0.49375 0.35208333333333336
1 0.49296875 0.3076388888888889 0.50078125 0.3104166666666667 0.5 0.3284722222222222 0.49765625 0.33055555555555555 0.4875 0.3284722222222222 0.48515625 0.3090277777777778 0.4921875 0.3076388888888889
1 0.53046875 0.21805555555555556 0.53515625 0.22291666666666668 0.5328125 0.24097222222222223 0.52578125 0.2361111111111111 0.5234375 0.22847222222222222 0.52421875 0.22152777777777777 0.5296875 0.21805555555555556
1 0.53046875 0.22013888888888888 0.5359375 0.22916666666666666 0.5359375 0.24027777777777778 0.5328125 0.24861111111111112 0.5234375 0.25833333333333336 0.51796875 0.25763888888888886 0.5171875 0.25 0.525 0.24027777777777778 0.52421875 0.2263888888888889 0.5296875 0.22013888888888888
1 0.4828125 0.2298611111111111 0.503125 0.23055555555555557 0.50390625 0.23472222222222222 0.5015625 0.23819444444444443 0.4875 0.23958333333333334 0.4765625 0.23194444444444445 0.47734375 0.22916666666666666 0.48203125 0.2298611111111111
1 0.4765625 0.22916666666666666 0.5015625 0.2298611111111111 0.50390625 0.2326388888888889 0.5046875 0.24305555555555555 0.4984375 0.25833333333333336 0.49296875 0.25833333333333336 0.4875 0.2520833333333333 0.4859375 0.24027777777777778 0.4765625 0.2326388888888889 0.4765625 0.2298611111111111
1 0.49453125 0.20625 0.49453125 0.21319444444444444 0.48828125 0.21736111111111112 0.48515625 0.2152777777777778 0.48515625 0.2111111111111111 0.49375 0.20625
1 0.61171875 0.19236111111111112 0.6078125 0.17222222222222222 0.60859375 0.1673611111111111 0.61171875 0.16458333333333333 0.615625 0.16458333333333333 0.62109375 0.17083333333333334 0.62421875 0.19236111111111112 0.62265625 0.19375 0.6125 0.19236111111111112
1 0.21328125 0.7208333333333333 0.2140625 0.7277777777777777 0.20703125 0.7361111111111112 0.203125 0.7493055555555556 0.19921875 0.7486111111111111 0.19765625 0.7333333333333333 0.1890625 0.7305555555555555 0.18828125 0.7270833333333333 0.2125 0.7208333333333333
1 0.2546875 0.5291666666666667 0.2578125 0.5326388888888889 0.25234375 0.5409722222222222 0.25 0.55 0.24453125 0.5527777777777778 0.2359375 0.5520833333333334 0.234375 0.5423611111111111 0.23828125 0.5326388888888889 0.25390625 0.5298611111111111
1 0.228125 0.5451388888888888 0.23203125 0.5472222222222223 0.23359375 0.5534722222222223 0.2328125 0.5638888888888889 0.23046875 0.5659722222222222 0.22421875 0.5638888888888889 0.215625 0.5569444444444445 0.21640625 0.5520833333333334 0.22734375 0.5451388888888888
1 0.21640625 0.5298611111111111 0.23671875 0.53125 0.25625 0.5291666666666667 0.25859375 0.5326388888888889 0.2578125 0.5361111111111111 0.25234375 0.5423611111111111 0.25 0.55 0.24453125 0.5527777777777778 0.2359375 0.5534722222222223 0.2328125 0.55625 0.23203125 0.5638888888888889 0.22734375 0.5652777777777778 0.2234375 0.5604166666666667 0.215625 0.5569444444444445 0.215625 0.5381944444444444 0.2125 0.5326388888888889 0.215625 0.5305555555555556
1 0.21328125 0.5298611111111111 0.23984375 0.5326388888888889 0.23359375 0.5409722222222222 0.2171875 0.5444444444444444 0.2125 0.5340277777777778 0.21328125 0.5305555555555556
1 0.08125 0.5979166666666667 0.071875 0.6097222222222223 0.06875 0.6090277777777777 0.0671875 0.5993055555555555 0.08046875 0.5979166666666667
1 0.60546875 0.1673611111111111 0.60859375 0.17222222222222222 0.60859375 0.19444444444444445 0.60546875 0.19444444444444445 0.59765625 0.17847222222222223 0.59921875 0.16875 0.6015625 0.16666666666666666 0.6046875 0.1673611111111111
1 0.50078125 0.1361111111111111 0.50625 0.1388888888888889 0.5015625 0.15555555555555556 0.49453125 0.15416666666666667 0.49296875 0.14027777777777778 0.49296875 0.13680555555555557 0.5 0.1361111111111111
1 0.49140625 0.13402777777777777 0.50546875 0.13680555555555557 0.50390625 0.15069444444444444 0.5 0.15555555555555556 0.49453125 0.15416666666666667 0.48984375 0.14375 0.48359375 0.14375 0.48046875 0.14097222222222222 0.48046875 0.13680555555555557 0.490625 0.13402777777777777
1 0.4875 0.13402777777777777 0.49453125 0.13680555555555557 0.49453125 0.14791666666666667 0.4921875 0.14444444444444443 0.4875 0.14375 0.48359375 0.14652777777777778 0.48046875 0.14305555555555555 0.48046875 0.13541666666666666 0.48671875 0.13402777777777777
1 0.06796875 0.2611111111111111 0.06953125 0.26875 0.0671875 0.2701388888888889 0.06171875 0.2652777777777778 0.06328125 0.2611111111111111 0.0671875 0.2611111111111111
1 0.67109375 0.08125 0.6765625 0.09027777777777778 0.68203125 0.09444444444444444 0.68203125 0.09930555555555555 0.671875 0.09583333333333334 0.66484375 0.09583333333333334 0.66171875 0.09236111111111112 0.6609375 0.08194444444444444 0.6703125 0.08125
1 0.725 0.05 0.7375 0.052083333333333336 0.74453125 0.06041666666666667 0.74375 0.06388888888888888 0.7375 0.06111111111111111 0.73359375 0.0625 0.73359375 0.07152777777777777 0.73046875 0.0763888888888889 0.7234375 0.0763888888888889 0.721875 0.07430555555555556 0.725 0.06875 0.725 0.06180555555555556 0.72109375 0.050694444444444445 0.72421875 0.05
1 0.541796875 0.08645833333333333 0.02421875 0.022916666666666665
1 0.66171875 0.05625 0.6640625 0.059027777777777776 0.66328125 0.07083333333333333 0.66796875 0.07430555555555556 0.66484375 0.07847222222222222 0.6734375 0.08333333333333333 0.67578125 0.08958333333333333 0.68203125 0.09513888888888888 0.68203125 0.09930555555555555 0.678125 0.09930555555555555 0.6734375 0.09583333333333334 0.66484375 0.09652777777777778 0.6609375 0.09166666666666666 0.65859375 0.08472222222222223 0.659375 0.07777777777777778 0.65234375 0.06180555555555556 0.6546875 0.05555555555555555 0.6609375 0.05625
1 0.6625 0.05625 0.66484375 0.06041666666666667 0.66328125 0.06944444444444445 0.6671875 0.07430555555555556 0.66171875 0.08055555555555556 0.65546875 0.075 0.65625 0.07083333333333333 0.6515625 0.06041666666666667 0.65390625 0.05555555555555555 0.66171875 0.05625
1 0.63984375 0.06944444444444445 0.6453125 0.07430555555555556 0.6359375 0.09097222222222222 0.634375 0.08472222222222223 0.63984375 0.07013888888888889
1 0.21328125 0.07361111111111111 0.2140625 0.08055555555555556 0.2078125 0.0875 0.20234375 0.10208333333333333 0.19921875 0.10208333333333333 0.19765625 0.09027777777777778 0.1890625 0.08055555555555556 0.19296875 0.07777777777777778 0.2 0.07777777777777778 0.2125 0.07361111111111111
1 0.10390625 0.10277777777777777 0.12109375 0.11180555555555556 0.1203125 0.11736111111111111 0.115625 0.12013888888888889 0.0875 0.11875 0.0828125 0.11597222222222223 0.0953125 0.10347222222222222 0.103125 0.10277777777777777
1 0.7375 0 0.74140625 0 0.74140625 0.008333333333333333 0.73828125 0.009027777777777777 0.7375 0.0006944444444444445
1 0.653125 0 0.66015625 0 0.6578125 0.009027777777777777 0.65390625 0.009027777777777777 0.653125 0.0006944444444444445
1 0.54375 0 0.559375 0 0.56015625 0.004861111111111111 0.5484375 0.00625 0.54453125 0.004861111111111111 0.54375 0.0006944444444444445