1 0.996875 0.8388888888888889 0.99921875 0.8395833333333333 0.99921875 0.8590277777777777 0.9921875 0.8645833333333334 0.98828125 0.8631944444444445 0.98046875 0.8444444444444444 0.98359375 0.8395833333333333 0.99609375 0.8388888888888889
1 0.8578125 0.9041666666666667 0.8703125 0.9041666666666667 0.86953125 0.9131944444444444 0.865625 0.9180555555555555 0.8625 0.9180555555555555 0.859375 0.9145833333333333 0.8578125 0.9048611111111111
1 0.89921875 0.8520833333333333 0.90390625 0.8520833333333333 0.90546875 0.8618055555555556 0.90390625 0.8652777777777778 0.90078125 0.8638888888888889 0.89921875 0.8527777777777777
1 0.96875 0.7888888888888889 0.9734375 0.7958333333333333 0.9734375 0.8006944444444445 0.9703125 0.8069444444444445 0.96640625 0.8083333333333333 0.95859375 0.7895833333333333 0.96796875 0.7888888888888889
1 0.77734375 0.8729166666666667 0.78046875 0.8694444444444445 0.7921875 0.8680555555555556 0.80703125 0.8625 0.80625 0.8694444444444445 0.80234375 0.8736111111111111 0.7796875 0.875 0.778125 0.8736111111111111
1 0.7546875 0.8111111111111111 0.76875 0.8125 0.77265625 0.8069444444444445 0.77578125 0.8076388888888889 0.77421875 0.8173611111111111 0.76328125 0.8222222222222222 0.75859375 0.8291666666666667 0.7546875 0.8277777777777777 0.7546875 0.8118055555555556
1 0.4734375 0.9944444444444445 0.48515625 0.9902777777777778 0.490625 0.9902777777777778 0.4921875 0.99375 0.49140625 0.9993055555555556 0.47421875 0.9993055555555556 0.4734375 0.9951388888888889
1 0.61171875 0.8159722222222222 0.61796875 0.825 0.61953125 0.8423611111111111 0.6171875 0.8444444444444444 0.609375 0.84375 0.6046875 0.8333333333333334 0.6046875 0.8173611111111111 0.6078125 0.8152777777777778 0.6109375 0.8159722222222222
1 0.9609375 0.6125 0.97109375 0.6125 0.97109375 0.6194444444444445 0.9640625 0.6236111111111111 0.96171875 0.6222222222222222 0.9609375 0.6131944444444445
1 0.7171875 0.70625 0.73125 0.70625 0.74140625 0.7131944444444445 0.74140625 0.7166666666666667 0.734375 0.7138888888888889 0.7296875 0.7166666666666667 0.7296875 0.7291666666666666 0.721875 0.7270833333333333 0.721875 0.7166666666666667 0.71796875 0.7069444444444445
1 0.59921875 0.8513888888888889 0.6 0.8444444444444444 0.59453125 0.83125 0.59609375 0.8180555555555555 0.603125 0.8173611111111111 0.60546875 0.8215277777777777 0.60703125 0.8451388888888889 0.60390625 0.85 0.6 0.8506944444444444
1 0.4890625 0.9607638888888889 0.015625 0.021527777777777778
1 0.6625 0.7277777777777777 0.66953125 0.7305555555555555 0.67265625 0.7416666666666667 0.6796875 0.7479166666666667 0.678125 0.7506944444444444 0.659375 0.7486111111111111 0.65703125 0.7284722222222222 0.66171875 0.7277777777777777
1 0.528125 0.86875 0.5328125 0.8791666666666667 0.53203125 0.8888888888888888 0.52890625 0.8923611111111112 0.51875 0.8756944444444444 0.51875 0.8694444444444445 0.52734375 0.86875
1 0.52578125 0.86875 0.53125 0.8763888888888889 0.53203125 0.8875 0.52890625 0.9006944444444445 0.521875 0.90625 0.5140625 0.9027777777777778 0.51328125 0.8902777777777777 0.515625 0.8722222222222222 0.51796875 0.86875 0.525 0.86875
1 0.65390625 0.7104166666666667 0.65625 0.7125 0.65625 0.7208333333333333 0.65859375 0.725 0.66796875 0.7284722222222222 0.671875 0.7402777777777778 0.67890625 0.7479166666666667 0.678125 0.75 0.659375 0.7479166666666667 0.65703125 0.7340277777777777 0.646875 0.7194444444444444 0.64921875 0.7118055555555556 0.653125 0.7104166666666667
1 0.6546875 0.7104166666666667 0.6578125 0.7291666666666666 0.6546875 0.7291666666666666 0.646875 0.7201388888888889 0.64765625 0.7131944444444445 0.65 0.7104166666666667 0.65390625 0.7104166666666667
1 0.49765625 0.8847222222222222 0.503125 0.9 0.5015625 0.9048611111111111 0.49140625 0.9041666666666667 0.4859375 0.8902777777777777 0.48671875 0.8861111111111111 0.496875 0.8847222222222222
1 0.76484375 0.5256944444444445 0.771875 0.5284722222222222 0.77578125 0.5256944444444445 0.7765625 0.5368055555555555 0.7828125 0.5423611111111111 0.78125 0.5465277777777777 0.77578125 0.55 0.7546875 0.5555555555555556 0.75234375 0.5486111111111112 0.75859375 0.5305555555555556 0.7625 0.5368055555555555 0.7671875 0.5361111111111111 0.76328125 0.5305555555555556 0.76484375 0.5263888888888889
1 0.8984375 0.26458333333333334 0.90078125 0.2652777777777778 0.9 0.2722222222222222 0.896875 0.2722222222222222 0.89609375 0.2701388888888889 0.89765625 0.26458333333333334
1 0.8625 0.26666666666666666 0.87578125 0.2673611111111111 0.87421875 0.2791666666666667 0.86953125 0.28125 0.8640625 0.27569444444444446 0.8625 0.2673611111111111
1 0.99140625 0.20416666666666666 0.99921875 0.20555555555555555 0.99921875 0.22847222222222222 0.99453125 0.22847222222222222 0.9875 0.21666666666666667 0.9859375 0.20625 0.990625 0.20416666666666666
1 0.91015625 0.2111111111111111 0.9109375 0.21736111111111112 0.9078125 0.22361111111111112 0.9046875 0.22291666666666668 0.903125 0.21319444444444444 0.909375 0.2111111111111111
1 0.97421875 0.1798611111111111 0.97890625 0.18472222222222223 0.98671875 0.2013888888888889 0.98515625 0.2048611111111111 0.9796875 0.20694444444444443 0.9734375 0.20625 0.9609375 0.19375 0.96640625 0.1875 0.96796875 0.18125 0.9734375 0.1798611111111111
1 0.81015625 0.22083333333333333 0.81171875 0.225 0.8078125 0.23125 0.784375 0.23194444444444445 0.78203125 0.23125 0.7828125 0.22777777777777777 0.809375 0.22152777777777777
1 0.96171875 0.15069444444444444 0.96328125 0.1486111111111111 0.9703125 0.15 0.97734375 0.15763888888888888 0.97578125 0.16805555555555557 0.9703125 0.16875 0.96875 0.16111111111111112 0.9625 0.15138888888888888
1 0.4703125 0.8763888888888889 0.48203125 0.8784722222222222 0.49765625 0.8777777777777778 0.49921875 0.8791666666666667 0.49765625 0.8881944444444444 0.490625 0.8861111111111111 0.48671875 0.8909722222222223 0.48203125 0.8916666666666667 0.48046875 0.8861111111111111 0.47109375 0.8798611111111111 0.47109375 0.8770833333333333
1 0.4875 0.8548611111111111 0.490625 0.8576388888888888 0.48828125 0.8645833333333334 0.48046875 0.8659722222222223 0.48046875 0.8576388888888888 0.48671875 0.8555555555555555
1 0.48671875 0.7895833333333333 0.50234375 0.7902777777777777 0.49921875 0.8 0.5 0.8069444444444445 0.49140625 0.8076388888888889 0.4921875 0.7979166666666667 0.4875 0.7902777777777777
1 0.54296875 0.7291666666666666 0.55 0.7375 0.54296875 0.7486111111111111 0.53515625 0.7506944444444444 0.52734375 0.7423611111111111 0.528125 0.7375 0.53671875 0.7354166666666667 0.5421875 0.7298611111111111
1 0.56171875 0.6388888888888888 0.5671875 0.6402777777777777 0.5640625 0.6451388888888889 0.565625 0.6548611111111111 0.5640625 0.6576388888888889 0.55703125 0.6583333333333333 0.55 0.6631944444444444 0.5421875 0.6611111111111111 0.54140625 0.6486111111111111 0.55546875 0.6361111111111111 0.5609375 0.6388888888888888
1 0.50390625 0.6388888888888888 0.51015625 0.6416666666666667 0.5109375 0.6458333333333334 0.49765625 0.65 0.4921875 0.6472222222222223 0.49140625 0.6368055555555555 0.49609375 0.6354166666666666 0.503125 0.6388888888888888
1 0.509375 0.5927083333333333 0.015625 0.011805555555555555
1 0.49453125 0.5145833333333333 0.5046875 0.5222222222222223 0.5171875 0.5222222222222223 0.5296875 0.5256944444444445 0.528125 0.5298611111111111 0.50546875 0.5388888888888889 0.49375 0.5361111111111111 0.4921875 0.5326388888888889 0.4953125 0.5263888888888889 0.49453125 0.5152777777777777
1 0.4875 0.3645833333333333 0.490625 0.3680555555555556 0.49453125 0.36875 0.49609375 0.3729166666666667 0.496875 0.3958333333333333 0.48359375 0.4027777777777778 0.48125 0.38333333333333336 0.48671875 0.37777777777777777 0.48671875 0.3729166666666667 0.48203125 0.3701388888888889 0.48203125 0.36666666666666664 0.48671875 0.3645833333333333
1 0.49375 0.3527777777777778 0.496875 0.35555555555555557 0.49609375 0.3597222222222222 0.49140625 0.36666666666666664 0.48671875 0.36944444444444446 0.48125 0.3680555555555556 0.48046875 0.3548611111111111 0.48671875 0.35208333333333336 0.49296875 0.3527777777777778
1 0.4984375 0.3090277777777778 0.5015625 0.31180555555555556 0.5015625 0.31527777777777777 0.5 0.3277777777777778 0.49765625 0.3298611111111111 0.4875 0.32916666666666666 0.48515625 0.3125 0.48671875 0.30694444444444446 0.49765625 0.3090277777777778
1 0.5015625 0.23680555555555555 0.5046875 0.24097222222222223 0.5046875 0.24791666666666667 0.51015625 0.2548611111111111 0.50859375 0.25833333333333336 0.49765625 0.25833333333333336 0.4890625 0.24444444444444444 0.4890625 0.24097222222222223 0.49375 0.23680555555555555 0.50078125 0.23680555555555555
1 0.53125 0.21944444444444444 0.5359375 0.2263888888888889 0.53671875 0.23958333333333334 0.53203125 0.25555555555555554 0.52890625 0.2590277777777778 0.52578125 0.2590277777777778 0.5234375 0.2548611111111111 0.528125 0.2423611111111111 0.5234375 0.225 0.528125 0.21944444444444444 0.53046875 0.21944444444444444
1 0.52890625 0.24791666666666667 0.5296875 0.24375 0.5234375 0.22430555555555556 0.52890625 0.21875 0.53203125 0.21944444444444444 0.53671875 0.22847222222222222 0.53671875 0.24027777777777778 0.5328125 0.24930555555555556 0.5296875 0.25 0.5296875 0.24861111111111112
1 0.53046875 0.21875 0.53515625 0.22361111111111112 0.53671875 0.23055555555555557 0.53671875 0.23819444444444443 0.53359375 0.2423611111111111 0.52890625 0.23958333333333334 0.5234375 0.22777777777777777 0.52421875 0.2222222222222222 0.5296875 0.21875
1 0.77890625 0.16041666666666668 0.78046875 0.1625 0.77890625 0.17152777777777778 0.7703125 0.175 0.76171875 0.18263888888888888 0.75859375 0.17847222222222223 0.75859375 0.1638888888888889 0.7625 0.1625 0.77265625 0.16597222222222222 0.778125 0.16041666666666668
1 0.60546875 0.18888888888888888 0.609375 0.18680555555555556 0.6125 0.19166666666666668 0.609375 0.19930555555555557 0.6046875 0.2013888888888889 0.6015625 0.19930555555555557 0.60546875 0.18958333333333333
1 0.47734375 0.2298611111111111 0.50234375 0.2298611111111111 0.503125 0.23472222222222222 0.49140625 0.23819444444444443 0.4875 0.2423611111111111 0.4765625 0.23402777777777778 0.4765625 0.23055555555555557
1 0.47734375 0.2298611111111111 0.503125 0.23055555555555557 0.5046875 0.24861111111111112 0.509375 0.2548611111111111 0.50859375 0.2569444444444444 0.49765625 0.25763888888888886 0.484375 0.2388888888888889 0.4765625 0.23402777777777778 0.4765625 0.23055555555555557
1 0.48515625 0.21666666666666667 0.4859375 0.20902777777777778 0.49140625 0.20625 0.49453125 0.20694444444444443 0.49375 0.21319444444444444 0.48984375 0.21666666666666667 0.4859375 0.21666666666666667
1 0.61484375 0.16458333333333333 0.61875 0.1673611111111111 0.62265625 0.17708333333333334 0.62265625 0.19305555555555556 0.6203125 0.19375 0.6125 0.19236111111111112 0.60859375 0.1840277777777778 0.6078125 0.16944444444444445 0.61171875 0.16458333333333333 0.6140625 0.16458333333333333
1 0.60546875 0.1673611111111111 0.6078125 0.17083333333333334 0.60859375 0.19583333333333333 0.60546875 0.1951388888888889 0.59765625 0.17847222222222223 0.6 0.16805555555555557 0.6046875 0.1673611111111111
1 0.66875 0.08125 0.67421875 0.08333333333333333 0.68203125 0.09375 0.6828125 0.09861111111111111 0.675 0.09513888888888888 0.6625 0.09583333333333334 0.6609375 0.08402777777777778 0.66796875 0.08125
1 0.73203125 0.050694444444444445 0.7421875 0.05694444444444444 0.74453125 0.06319444444444444 0.7375 0.06111111111111111 0.7328125 0.06319444444444444 0.7328125 0.07361111111111111 0.73046875 0.0763888888888889 0.721875 0.075 0.725 0.06944444444444445 0.725 0.0625 0.72109375 0.050694444444444445 0.73125 0.050694444444444445
1 0.21328125 0.7208333333333333 0.21484375 0.7236111111111111 0.21328125 0.7291666666666666 0.20859375 0.7340277777777777 0.20625 0.7451388888888889 0.20234375 0.7486111111111111 0.1984375 0.7479166666666667 0.1984375 0.7340277777777777 0.1953125 0.73125 0.18984375 0.7305555555555555 0.18828125 0.7270833333333333 0.2125 0.7208333333333333
1 0.49375 0.13541666666666666 0.50234375 0.13680555555555557 0.50625 0.14027777777777778 0.50234375 0.15416666666666667 0.49921875 0.15555555555555556 0.49453125 0.15486111111111112 0.49296875 0.1451388888888889 0.4859375 0.14027777777777778 0.48515625 0.13680555555555557 0.49296875 0.13541666666666666
1 0.54609375 0.07430555555555556 0.553125 0.08472222222222223 0.54921875 0.09236111111111112 0.5390625 0.09791666666666667 0.53203125 0.09375 0.5296875 0.08888888888888889 0.53046875 0.08472222222222223 0.54140625 0.08125 0.5453125 0.075
1 0.25546875 0.5277777777777778 0.2578125 0.5340277777777778 0.25234375 0.5423611111111111 0.25234375 0.5618055555555556 0.24765625 0.5708333333333333 0.2421875 0.575 0.23828125 0.5743055555555555 0.23359375 0.5673611111111111 0.23125 0.55 0.2203125 0.5513888888888889 0.21796875 0.55 0.2171875 0.5465277777777777 0.22265625 0.5395833333333333 0.2140625 0.5361111111111111 0.2125 0.5319444444444444 0.215625 0.5298611111111111 0.23828125 0.53125 0.2546875 0.5277777777777778
1 0.65390625 0.05694444444444444 0.6609375 0.05625 0.6640625 0.058333333333333334 0.6625 0.07152777777777777 0.66640625 0.07430555555555556 0.6625 0.07847222222222222 0.6734375 0.08194444444444444 0.6828125 0.09444444444444444 0.6828125 0.09861111111111111 0.675 0.09513888888888888 0.6625 0.09652777777777778 0.659375 0.08611111111111111 0.66015625 0.0763888888888889 0.653125 0.06319444444444444 0.65390625 0.05763888888888889
1 0.6625 0.05694444444444444 0.6640625 0.06041666666666667 0.66015625 0.06666666666666667 0.66328125 0.07430555555555556 0.66171875 0.075 0.65546875 0.06944444444444445 0.65234375 0.0625 0.65390625 0.05625 0.66171875 0.05694444444444444
1 0.21328125 0.07361111111111111 0.215625 0.07777777777777778 0.20703125 0.08958333333333333 0.203125 0.10555555555555556 0.19921875 0.10277777777777777 0.19765625 0.09027777777777778 0.18984375 0.08402777777777778 0.1890625 0.08055555555555556 0.2125 0.07361111111111111
1 0.2140625 0.07291666666666667 0.21640625 0.07361111111111111 0.215625 0.07847222222222222 0.20703125 0.08888888888888889 0.203125 0.10555555555555556 0.19921875 0.10277777777777777 0.19765625 0.09027777777777778 0.18984375 0.08402777777777778 0.1890625 0.08055555555555556 0.21328125 0.07291666666666667
1 0.06953125 0.5993055555555555 0.0765625 0.5972222222222222 0.08203125 0.5986111111111111 0.071875 0.6090277777777777 0.06875 0.6069444444444444 0.06953125 0.6
1 0.76328125 0.004166666666666667 0.77265625 0.007638888888888889 0.7796875 0.015277777777777777 0.77890625 0.022222222222222223 0.7734375 0.02361111111111111 0.75703125 0.022222222222222223 0.7515625 0.01875 0.75078125 0.014583333333333334 0.753125 0.010416666666666666 0.7578125 0.005555555555555556 0.7625 0.004166666666666667
1 0.73671875 0 0.7421875 0 0.74140625 0.008333333333333333 0.7390625 0.009027777777777777 0.7359375 0.005555555555555556 0.73671875 0.0006944444444444445
1 0.65390625 0 0.66015625 0 0.6578125 0.009027777777777777 0.65390625 0.008333333333333333 0.65390625 0.0006944444444444445
1 0.08125 0.13194444444444445 0.084375 0.13333333333333333 0.08515625 0.13680555555555557 0.078125 0.14097222222222222 0.07578125 0.1361111111111111 0.08046875 0.13194444444444445
1 0.0390625 0.19722222222222222 0.046875 0.19791666666666666 0.0484375 0.20347222222222222 0.0453125 0.21388888888888888 0.0359375 0.2222222222222222 0.021875 0.21736111111111112 0.01328125 0.21666666666666667 0.01015625 0.20902777777777778 0.015625 0.1986111111111111 0.03828125 0.19722222222222222
1 0.54296875 0 0.56015625 0 0.56015625 0.004861111111111111 0.55546875 0.00625 0.5453125 0.005555555555555556 0.54296875 0.0006944444444444445