0 0.913628 0.978492 0.031684 0.034529
0 0.677843 0.872685 0.015842 0.029707
0 0.642253 0.921103 0.029731 0.036651
0 0.550781 0.974730 0.026910 0.033179
0 0.426541 0.994792 0.018012 0.010031
0 0.436849 0.972415 0.023003 0.021605
0 0.810113 0.621046 0.029948 0.018711
0 0.531467 0.782311 0.021267 0.015625
0 0.948242 0.604070 0.031901 0.031443
0 0.499132 0.794946 0.016493 0.028164
0 0.327691 0.969329 0.025174 0.014275
0 0.691298 0.585938 0.026259 0.016397
0 0.538086 0.686632 0.025391 0.017168
0 0.581706 0.608025 0.027127 0.011960
0 0.435981 0.681617 0.020399 0.019483
0 0.263346 0.966339 0.018880 0.018326
0 0.309787 0.842785 0.015408 0.018133
0 0.326280 0.708912 0.024957 0.013117
0 0.333876 0.684896 0.015842 0.024498
0 0.211263 0.898727 0.014106 0.015818
0 0.260525 0.792342 0.013672 0.032986
0 0.199327 0.905285 0.014974 0.019290
0 0.297309 0.672550 0.034288 0.019483
0 0.209527 0.683063 0.024523 0.018904
0 0.284722 0.471933 0.024740 0.029900
0 0.232856 0.439333 0.016493 0.012924
0 0.955187 0.348958 0.041884 0.043210
0 0.449110 0.233700 0.022352 0.022184
0 0.555773 0.173997 0.021267 0.020833
0 0.509657 0.172647 0.026259 0.019290
0 0.477865 0.178241 0.036024 0.022762
0 0.459093 0.172743 0.021050 0.015239
0 0.435438 0.180073 0.024523 0.017940
0 0.426649 0.171200 0.014757 0.021798
0 0.402778 0.175926 0.017361 0.018133
0 0.571940 0.101370 0.013238 0.010610
0 0.464301 0.117380 0.028429 0.022569
0 0.5455729166666666 0.08082561728395062 0.017795138888888888 0.015817901234567902
0 0.540365 0.072724 0.014323 0.019290
0 0.118164 0.791763 0.023655 0.026813
0 0.282118 0.303048 0.019097 0.016590
0 0.136176 0.686921 0.022352 0.018519
0 0.194987 0.379437 0.025391 0.018904
0 0.268229 0.292342 0.013021 0.022184
0 0.124783 0.674865 0.026042 0.016782
0 0.125434 0.454379 0.016927 0.021798
0 0.139865 0.376640 0.026693 0.020640
0 0.030490 0.791088 0.018446 0.023148
0 0.013238 0.527488 0.026476 0.031443
0 0.817817 0.042921 0.024957 0.014468
0 0.3902994791666667 0.17390046296296297 0.010633680555555556 0.01986882716049383
0 0.482964 0.080633 0.020182 0.015432
0 0.400825 0.077643 0.009115 0.017940
0 0.344184 0.078897 0.022135 0.013889
0 0.032986 0.423129 0.021267 0.016397
0 0.457248 0.057774 0.015191 0.022184
0 0.489800 0.043306 0.010851 0.019869
0 0.469401 0.032890 0.019531 0.022569
0 0.42429036458333336 0.3835783179012346 0.03407552083333334 0.022650462962962963
0 0.469618 0.209491 0.017795 0.010417
0 0.483615 0.209491 0.015842 0.010802
0 0.779839 0.985629 0.008464 0.009838
0 0.825304 0.983603 0.008681 0.011574
0 0.805588 0.982411 0.014631 0.008064
0 0.814759 0.983787 0.005473 0.006830
0 0.344076 0.709201 0.010200 0.014082
0 0.356771 0.706694 0.014323 0.008681
0 0.338759 0.673322 0.021701 0.017940
