0 0.913628 0.978588 0.030382 0.033951
0 0.646159 0.926505 0.023220 0.026235
0 0.677734 0.872878 0.014323 0.030478
0 0.550347 0.975019 0.026042 0.033758
0 0.426432 0.994502 0.019097 0.010610
0 0.436849 0.972029 0.023003 0.021605
0 0.948351 0.603781 0.031250 0.032407
0 0.506402 0.792245 0.011936 0.028164
0 0.497179 0.795235 0.012587 0.029128
0 0.327908 0.969136 0.025174 0.013889
0 0.810330 0.621528 0.025608 0.018133
0 0.691406 0.586323 0.026910 0.017554
0 0.537977 0.687114 0.025174 0.018133
0 0.590820 0.608507 0.042318 0.012153
0 0.435872 0.681231 0.021484 0.019483
0 0.262804 0.965953 0.021267 0.018326
0 0.309136 0.843075 0.017578 0.017554
0 0.325521 0.709105 0.023438 0.012731
0 0.337565 0.680748 0.022352 0.031636
0 0.212565 0.899306 0.015408 0.018133
0 0.260742 0.793017 0.014106 0.030478
0 0.199110 0.905671 0.014540 0.018519
0 0.297526 0.673032 0.033420 0.020833
0 0.209310 0.682967 0.025391 0.019097
0 0.285265 0.473283 0.024089 0.032215
0 0.232422 0.437307 0.018663 0.017361
0 0.448242 0.235147 0.023220 0.024306
0 0.484049 0.208430 0.011068 0.010995
0 0.467339 0.207851 0.012370 0.010995
0 0.555773 0.173515 0.021701 0.020640
0 0.511393 0.173129 0.022352 0.017940
0 0.435113 0.180073 0.025174 0.018711
0 0.427083 0.171296 0.014757 0.021605
0 0.402669 0.175926 0.017144 0.018519
0 0.5728081597222222 0.1011766975308642 0.012803819444444444 0.010223765432098766
0 0.463108 0.117380 0.028212 0.021798
0 0.546441 0.082658 0.016059 0.012539
0 0.287435 0.306617 0.022786 0.029514
0 0.194444 0.379340 0.024306 0.018711
0 0.268229 0.292438 0.013021 0.023148
0 0.112956 0.792149 0.014106 0.027199
0 0.136610 0.686825 0.021050 0.018711
0 0.125977 0.676408 0.026693 0.019097
0 0.139865 0.376543 0.025825 0.021219
0 0.030056 0.790895 0.017144 0.023148
0 0.085503 0.378086 0.026476 0.026620
0 0.233724 0.272377 0.025608 0.021991
0 0.390516 0.173322 0.009766 0.019869
0 0.540148 0.072724 0.014323 0.019676
0 0.483398 0.081501 0.018880 0.015625
0 0.400716 0.077739 0.009332 0.017747
0 0.343533 0.079282 0.021701 0.013889
0 0.013129 0.527971 0.026259 0.032022
0 0.457682 0.057967 0.016059 0.021798
0 0.489800 0.043017 0.010851 0.020062
0 0.469184 0.033179 0.019531 0.021219
0 0.424045 0.381173 0.027778 0.020062
