1 0.9149305555555556 0.9610339506172839 0.921875 0.9633487654320988 0.9294704861111112 0.9737654320987654 0.9292534722222222 0.9772376543209876 0.9227430555555556 0.9801311728395061 0.9188368055555556 0.9886188271604939 0.9079861111111112 0.9855324074074074 0.9006076388888888 0.9774305555555556 0.8977864583333334 0.9704861111111112 0.9079861111111112 0.9691358024691358 0.9147135416666666 0.9612268518518519
1 0.8209635416666666 0.9778163580246914 0.82421875 0.980516975308642 0.8231336805555556 0.9868827160493827 0.8140190972222222 0.9918981481481481 0.8070746527777778 0.9810956790123457 0.8092447916666666 0.9789737654320988 0.8207465277777778 0.9780092592592593
1 0.9930555555555556 0.8072916666666666 0.9997829861111112 0.7989969135802469 0.9997829861111112 0.8115354938271605 0.9945746527777778 0.8111496913580247 0.9932725694444444 0.8074845679012346
1 0.7743055555555556 0.9809027777777778 0.78125 0.9809027777777778 0.7827690972222222 0.9828317901234568 0.7823350694444444 0.9878472222222222 0.7795138888888888 0.9890046296296297 0.7743055555555556 0.9810956790123457
1 0.6662326388888888 0.9141589506172839 0.6707899305555556 0.9182098765432098 0.6733940972222222 0.9251543209876543 0.6742621527777778 0.9322916666666666 0.6723090277777778 0.935570987654321 0.6647135416666666 0.9293981481481481 0.6614583333333334 0.9295910493827161 0.6579861111111112 0.9349922839506173 0.6514756944444444 0.921875 0.654296875 0.9147376543209876 0.666015625 0.9141589506172839
1 0.6373697916666666 0.9147376543209876 0.6443142361111112 0.9157021604938271 0.6456163194444444 0.9182098765432098 0.6404079861111112 0.9241898148148148 0.6341145833333334 0.925733024691358 0.6267361111111112 0.9243827160493827 0.6219618055555556 0.9182098765432098 0.6267361111111112 0.9155092592592593 0.6371527777777778 0.9147376543209876
1 0.6371527777777778 0.9018132716049383 0.6414930555555556 0.9103009259259259 0.6501736111111112 0.9114583333333334 0.6458333333333334 0.9189814814814815 0.640625 0.9228395061728395 0.6323784722222222 0.9249614197530864 0.6265190972222222 0.9232253086419753 0.6226128472222222 0.9184027777777778 0.6369357638888888 0.9020061728395061
1 0.5551215277777778 0.9594907407407407 0.5625 0.9670138888888888 0.5622829861111112 0.9704861111111112 0.560546875 0.9745370370370371 0.55078125 0.9762731481481481 0.5438368055555556 0.9739583333333334 0.5427517361111112 0.9664351851851852 0.5509982638888888 0.9592978395061729 0.5549045138888888 0.9594907407407407
1 0.6208767361111112 0.7914737654320988 0.623046875 0.7932098765432098 0.623046875 0.8038194444444444 0.6156684027777778 0.8036265432098766 0.6143663194444444 0.8015046296296297 0.6141493055555556 0.7924382716049383 0.6206597222222222 0.7914737654320988
1 0.4535590277777778 0.9625771604938271 0.4565972222222222 0.9664351851851852 0.4563802083333333 0.9731867283950617 0.4459635416666667 0.9855324074074074 0.4427083333333333 0.9812885802469136 0.4422743055555556 0.9702932098765432 0.4494357638888889 0.9619984567901234 0.4533420138888889 0.9625771604938271
1 0.4231770833333333 0.9890046296296297 0.4270833333333333 0.9913194444444444 0.4268663194444444 0.9998070987654321 0.4157986111111111 0.9998070987654321 0.4144965277777778 0.9965277777777778 0.4155815972222222 0.9907407407407407 0.4229600694444444 0.9890046296296297
1 0.4325086805555556 0.9560185185185185 0.4390190972222222 0.9589120370370371 0.4490017361111111 0.9592978395061729 0.4513888888888889 0.9631558641975309 0.4424913194444444 0.9718364197530864 0.4370659722222222 0.9728009259259259 0.4333767361111111 0.9710648148148148 0.4338107638888889 0.9641203703703703 0.4283854166666667 0.9594907407407407 0.4279513888888889 0.9565972222222222 0.4322916666666667 0.9560185185185185
1 0.5384114583333334 0.7897376543209876 0.5546875 0.7934027777777778 0.5546875 0.8101851851851852 0.5536024305555556 0.8119212962962963 0.5501302083333334 0.8115354938271605 0.5466579861111112 0.8159722222222222 0.5434027777777778 0.8159722222222222 0.5401475694444444 0.810570987654321 0.533203125 0.8140432098765432 0.5319010416666666 0.8121141975308642 0.5323350694444444 0.7966820987654321 0.5260416666666666 0.7932098765432098 0.5325520833333334 0.7895447530864198 0.5381944444444444 0.7897376543209876
1 0.8053385416666666 0.6122685185185185 0.8263888888888888 0.6140046296296297 0.8283420138888888 0.6273148148148148 0.8276909722222222 0.6292438271604939 0.82421875 0.6292438271604939 0.8135850694444444 0.623070987654321 0.8038194444444444 0.6302083333333334 0.798828125 0.6128472222222222 0.8051215277777778 0.6122685185185185
1 0.53125 0.7775848765432098 0.5377604166666666 0.7781635802469136 0.5414496527777778 0.7818287037037037 0.5401475694444444 0.7885802469135802 0.5364583333333334 0.7901234567901234 0.5260416666666666 0.7881944444444444 0.5219184027777778 0.7827932098765432 0.5247395833333334 0.7785493827160493 0.5310329861111112 0.7775848765432098
1 0.533203125 0.7785493827160493 0.5399305555555556 0.7810570987654321 0.5397135416666666 0.7841435185185185 0.5364583333333334 0.7835648148148148 0.5347222222222222 0.7866512345679012 0.5423177083333334 0.7908950617283951 0.5544704861111112 0.7934027777777778 0.5538194444444444 0.8094135802469136 0.5503472222222222 0.8088348765432098 0.5466579861111112 0.8150077160493827 0.5442708333333334 0.8140432098765432 0.5434027777777778 0.8070987654320988 0.5392795138888888 0.8076774691358025 0.5329861111111112 0.8130787037037037 0.5314670138888888 0.8040123456790124 0.5260416666666666 0.8030478395061729 0.5184461805555556 0.8065200617283951 0.5093315972222222 0.8003472222222222 0.5086805555555556 0.7926311728395061 0.5240885416666666 0.7897376543209876 0.5256076388888888 0.7860725308641975 0.5225694444444444 0.7827932098765432 0.5243055555555556 0.7795138888888888 0.5329861111111112 0.7785493827160493
1 0.5258246527777778 0.7517361111111112 0.5368923611111112 0.7621527777777778 0.5379774305555556 0.7771990740740741 0.5269097222222222 0.7781635802469136 0.5223524305555556 0.7816358024691358 0.5119357638888888 0.7690972222222222 0.5121527777777778 0.7650462962962963 0.5197482638888888 0.7669753086419753 0.5266927083333334 0.7642746913580247 0.5256076388888888 0.751929012345679
1 0.3420138888888889 0.9585262345679012 0.3452690972222222 0.9639274691358025 0.3424479166666667 0.9774305555555556 0.3298611111111111 0.9739583333333334 0.3257378472222222 0.970679012345679 0.328125 0.9627700617283951 0.341796875 0.9585262345679012
1 0.2621527777777778 0.9565972222222222 0.2771267361111111 0.9600694444444444 0.2764756944444444 0.9635416666666666 0.2723524305555556 0.9689429012345679 0.2621527777777778 0.9672067901234568 0.2552083333333333 0.9731867283950617 0.2482638888888889 0.9633487654320988 0.2619357638888889 0.9565972222222222
1 0.3001302083333333 0.8310185185185185 0.3142361111111111 0.8371913580246914 0.3159722222222222 0.8408564814814815 0.3133680555555556 0.8487654320987654 0.30859375 0.8543595679012346 0.3070746527777778 0.8638117283950617 0.3038194444444444 0.8647762345679012 0.2973090277777778 0.8564814814814815 0.2979600694444444 0.845679012345679 0.3012152777777778 0.8387345679012346 0.3001302083333333 0.8312114197530864
1 0.21744791666666666 0.9772376543209876 0.22157118055555555 0.9795524691358025 0.22178819444444445 0.9836033950617284 0.21397569444444445 0.9888117283950617 0.2092013888888889 0.9876543209876543 0.21006944444444445 0.9797453703703703 0.2131076388888889 0.9772376543209876 0.2172309027777778 0.9772376543209876
1 0.12999131944444445 0.9535108024691358 0.13368055555555555 0.9537037037037037 0.13563368055555555 0.9562114197530864 0.13368055555555555 0.9670138888888888 0.13802083333333334 0.9710648148148148 0.1369357638888889 0.9731867283950617 0.1291232638888889 0.9741512345679012 0.1265190972222222 0.9774305555555556 0.12065972222222222 0.9772376543209876 0.12608506944444445 0.9567901234567902 0.12999131944444445 0.9537037037037037
1 0.943359375 0.595679012345679 0.9641927083333334 0.6091820987654321 0.9637586805555556 0.6174768518518519 0.9537760416666666 0.6188271604938271 0.939453125 0.6128472222222222 0.9353298611111112 0.6089891975308642 0.9353298611111112 0.6024305555555556 0.939453125 0.5966435185185185 0.9431423611111112 0.595679012345679
1 0.6792534722222222 0.5773533950617284 0.6927083333333334 0.5796682098765432 0.7018229166666666 0.5883487654320988 0.6998697916666666 0.5910493827160493 0.69140625 0.5931712962962963 0.6859809027777778 0.5983796296296297 0.6781684027777778 0.5954861111111112 0.6764322916666666 0.5881558641975309 0.6790364583333334 0.5773533950617284
1 0.5948350694444444 0.6026234567901234 0.6032986111111112 0.605516975308642 0.6022135416666666 0.6136188271604939 0.5989583333333334 0.6134259259259259 0.587890625 0.6057098765432098 0.58984375 0.6026234567901234 0.5946180555555556 0.6026234567901234
1 0.5933159722222222 0.6022376543209876 0.6028645833333334 0.6053240740740741 0.6022135416666666 0.6140046296296297 0.5887586805555556 0.607445987654321 0.5850694444444444 0.6089891975308642 0.5848524305555556 0.6128472222222222 0.5846354166666666 0.6033950617283951 0.5930989583333334 0.6022376543209876
1 0.5859375 0.6024305555555556 0.5881076388888888 0.6059027777777778 0.5850694444444444 0.6149691358024691 0.5755208333333334 0.6041666666666666 0.5763888888888888 0.6024305555555556 0.5857204861111112 0.6024305555555556
1 0.4079861111111111 0.6747685185185185 0.4171006944444444 0.6788194444444444 0.4114583333333333 0.6934799382716049 0.4006076388888889 0.6828703703703703 0.4012586805555556 0.6778549382716049 0.4045138888888889 0.6747685185185185 0.4077690972222222 0.6747685185185185
1 0.3563368055555556 0.7033179012345679 0.359375 0.7067901234567902 0.3526475694444444 0.7197145061728395 0.3489583333333333 0.7183641975308642 0.3424479166666667 0.7058256172839507 0.3454861111111111 0.7033179012345679 0.3561197916666667 0.7033179012345679
1 0.3591579861111111 0.6730324074074074 0.3615451388888889 0.6788194444444444 0.3608940972222222 0.685570987654321 0.3478732638888889 0.6938657407407407 0.3409288194444444 0.6927083333333334 0.3459201388888889 0.6790123456790124 0.3500434027777778 0.6753472222222222 0.3589409722222222 0.6732253086419753
1 0.33203125 0.7027391975308642 0.3422309027777778 0.7035108024691358 0.3446180555555556 0.7065972222222222 0.3420138888888889 0.7156635802469136 0.3318142361111111 0.7189429012345679 0.3296440972222222 0.7172067901234568 0.3315972222222222 0.7094907407407407 0.318359375 0.7064043209876543 0.3194444444444444 0.7042824074074074 0.3318142361111111 0.7027391975308642
1 0.3179253472222222 0.7021604938271605 0.3374565972222222 0.703125 0.341796875 0.7056327160493827 0.341796875 0.7100694444444444 0.3177083333333333 0.7067901234567902 0.3120659722222222 0.7087191358024691 0.3131510416666667 0.703125 0.3177083333333333 0.7021604938271605
1 0.3233506944444444 0.6668595679012346 0.3396267361111111 0.6682098765432098 0.3478732638888889 0.6741898148148148 0.3450520833333333 0.6799768518518519 0.3335503472222222 0.6828703703703703 0.3270399305555556 0.6807484567901234 0.3196614583333333 0.6684027777777778 0.3231336805555556 0.6668595679012346
1 0.3038194444444444 0.6614583333333334 0.3044704861111111 0.6684027777777778 0.3127170138888889 0.6720679012345679 0.3142361111111111 0.6788194444444444 0.3107638888888889 0.6817129629629629 0.3003472222222222 0.6817129629629629 0.2931857638888889 0.6853780864197531 0.2897135416666667 0.6851851851851852 0.2786458333333333 0.6682098765432098 0.2795138888888889 0.6660879629629629 0.2829861111111111 0.6647376543209876 0.2890625 0.6674382716049383 0.2938368055555556 0.6631944444444444 0.3036024305555556 0.6614583333333334
1 0.22721354166666666 0.6739969135802469 0.2306857638888889 0.675733024691358 0.23133680555555555 0.6820987654320988 0.2243923611111111 0.6940586419753086 0.21223958333333334 0.6925154320987654 0.2035590277777778 0.6847993827160493 0.20833333333333334 0.6786265432098766 0.2269965277777778 0.6741898148148148
1 0.10677083333333333 0.9488811728395061 0.12065972222222222 0.9504243827160493 0.12239583333333333 0.9546682098765432 0.1171875 0.9581404320987654 0.109375 0.9554398148148148 0.10655381944444445 0.9488811728395061
1 0.11610243055555555 0.6620370370370371 0.12565104166666666 0.6649305555555556 0.1369357638888889 0.6630015432098766 0.1382378472222222 0.6697530864197531 0.14539930555555555 0.6739969135802469 0.14713541666666666 0.6780478395061729 0.1449652777777778 0.6828703703703703 0.1371527777777778 0.6822916666666666 0.13346354166666666 0.6857638888888888 0.1267361111111111 0.6842206790123457 0.11870659722222222 0.6714891975308642 0.11610243055555555 0.6622299382716049
1 0.9598524305555556 0.3541666666666667 0.9685329861111112 0.36246141975308643 0.9691840277777778 0.36612654320987653 0.9602864583333334 0.36670524691358025 0.9565972222222222 0.373070987654321 0.9455295138888888 0.36246141975308643 0.9429253472222222 0.3557098765432099 0.9459635416666666 0.35397376543209874 0.9596354166666666 0.3541666666666667
1 0.9427083333333334 0.32407407407407407 0.9563802083333334 0.3296682098765432 0.9631076388888888 0.33834876543209874 0.9743923611111112 0.3387345679012346 0.9761284722222222 0.3420138888888889 0.970703125 0.3479938271604938 0.9572482638888888 0.35300925925925924 0.9427083333333334 0.35320216049382713 0.9435763888888888 0.3452932098765432 0.935546875 0.3425925925925926 0.9411892361111112 0.33564814814814814 0.9424913194444444 0.32426697530864196
1 0.5611979166666666 0.36747685185185186 0.5642361111111112 0.3680555555555556 0.5713975694444444 0.3794367283950617 0.5611979166666666 0.3890817901234568 0.5572916666666666 0.3873456790123457 0.5551215277777778 0.38310185185185186 0.5609809027777778 0.36747685185185186
1 0.4431423611111111 0.36709104938271603 0.4459635416666667 0.36824845679012347 0.4509548611111111 0.37982253086419754 0.4459635416666667 0.3881172839506173 0.4392361111111111 0.38599537037037035 0.4372829861111111 0.3802083333333333 0.4429253472222222 0.36709104938271603
1 0.4229600694444444 0.37210648148148145 0.4357638888888889 0.376929012345679 0.4361979166666667 0.3836805555555556 0.4286024305555556 0.3888888888888889 0.4231770833333333 0.38773148148148145 0.4151475694444444 0.37712191358024694 0.4181857638888889 0.3722993827160494 0.4227430555555556 0.37210648148148145
1 0.2931857638888889 0.45717592592592593 0.2979600694444444 0.4702932098765432 0.2960069444444444 0.47858796296296297 0.2936197916666667 0.4816743827160494 0.2879774305555556 0.4809027777777778 0.2827690972222222 0.4876543209876543 0.2797309027777778 0.4878472222222222 0.2819010416666667 0.4807098765432099 0.2732204861111111 0.4699074074074074 0.2725694444444444 0.46334876543209874 0.2758246527777778 0.46064814814814814 0.2829861111111111 0.46103395061728397 0.29296875 0.45717592592592593
1 0.20008680555555555 0.3734567901234568 0.2065972222222222 0.3777006172839506 0.2133246527777778 0.3767361111111111 0.2185329861111111 0.3871527777777778 0.216796875 0.3898533950617284 0.1996527777777778 0.38773148148148145 0.19422743055555555 0.38503086419753085 0.1929253472222222 0.3800154320987654 0.19618055555555555 0.37364969135802467 0.19986979166666666 0.3734567901234568
1 0.2966579861111111 0.2814429012345679 0.3029513888888889 0.2951388888888889 0.3016493055555556 0.3005401234567901 0.296875 0.30420524691358025 0.29296875 0.30227623456790126 0.2890625 0.2935956790123457 0.2903645833333333 0.28260030864197533 0.2964409722222222 0.2814429012345679
1 0.1265190972222222 0.4357638888888889 0.13346354166666666 0.44540895061728397 0.1440972222222222 0.4434799382716049 0.15516493055555555 0.453125 0.15755208333333334 0.45949074074074076 0.1547309027777778 0.46315586419753085 0.14735243055555555 0.46238425925925924 0.14149305555555555 0.4712577160493827 0.1267361111111111 0.4702932098765432 0.1213107638888889 0.46334876543209874 0.1254340277777778 0.4556327160493827 0.12022569444444445 0.4494598765432099 0.1265190972222222 0.4359567901234568
1 0.2829861111111111 0.29031635802469136 0.2897135416666667 0.2926311728395062 0.2934027777777778 0.3003472222222222 0.2912326388888889 0.3150077160493827 0.2897135416666667 0.3161651234567901 0.2827690972222222 0.3115354938271605 0.2751736111111111 0.3003472222222222 0.2758246527777778 0.2961033950617284 0.2827690972222222 0.29050925925925924
1 0.1312934027777778 0.36419753086419754 0.1519097222222222 0.376929012345679 0.1540798611111111 0.3836805555555556 0.15104166666666666 0.38580246913580246 0.13671875 0.3836805555555556 0.12000868055555555 0.3732638888888889 0.12782118055555555 0.3643904320987654 0.1310763888888889 0.36419753086419754
1 0.026475694444444444 0.7797067901234568 0.03884548611111111 0.7899305555555556 0.040581597222222224 0.796875 0.036675347222222224 0.7989969135802469 0.029296875 0.798804012345679 0.022569444444444444 0.7959104938271605 0.021050347222222224 0.7829861111111112 0.022352430555555556 0.7802854938271605 0.026258680555555556 0.7797067901234568
1 0.09830729166666667 0.37635030864197533 0.10264756944444445 0.3786651234567901 0.10308159722222222 0.3836805555555556 0.10004340277777778 0.38773148148148145 0.095703125 0.3890817901234568 0.07660590277777778 0.388695987654321 0.07378472222222222 0.38676697530864196 0.0779079861111111 0.3800154320987654 0.08463541666666667 0.3765432098765432 0.09809027777777778 0.37635030864197533
1 0 0.5111882716049383 0.0030381944444444445 0.5123456790123457 0.008246527777777778 0.5235339506172839 0.021484375 0.5254629629629629 0.020182291666666668 0.5366512345679012 0.024522569444444444 0.5464891975308642 0.022352430555555556 0.5482253086419753 0.012152777777777778 0.5424382716049383 0.005208333333333333 0.5480324074074074 0 0.5493827160493827 0 0.5113811728395061
1 0.050347222222222224 0.36419753086419754 0.053385416666666664 0.36612654320987653 0.05555555555555555 0.3722993827160494 0.07118055555555555 0.3786651234567901 0.07573784722222222 0.3869598765432099 0.07161458333333333 0.3888888888888889 0.04600694444444445 0.3765432098765432 0.046875 0.3663194444444444 0.050130208333333336 0.36419753086419754
1 0.05078125 0.3626543209876543 0.053385416666666664 0.36612654320987653 0.053168402777777776 0.3732638888888889 0.057291666666666664 0.3767361111111111 0.06228298611111111 0.3767361111111111 0.0646701388888889 0.38387345679012347 0.047309027777777776 0.3777006172839506 0.040364583333333336 0.38117283950617287 0.025607638888888888 0.3819444444444444 0.014539930555555556 0.3765432098765432 0.018446180555555556 0.3726851851851852 0.04123263888888889 0.3699845679012346 0.04600694444444445 0.3638117283950617 0.05056423611111111 0.3626543209876543
1 0.5227864583333334 0.203125 0.5323350694444444 0.21334876543209877 0.5284288194444444 0.21412037037037038 0.5217013888888888 0.21334876543209877 0.5225694444444444 0.203125
1 0.4915364583333333 0.19888117283950618 0.4932725694444444 0.2042824074074074 0.4911024305555556 0.21489197530864199 0.4774305555555556 0.21412037037037038 0.4737413194444444 0.20601851851851852 0.4878472222222222 0.2021604938271605 0.4913194444444444 0.19888117283950618
1 0.5536024305555556 0.16743827160493827 0.5618489583333334 0.1684027777777778 0.5618489583333334 0.171875 0.5505642361111112 0.1880787037037037 0.5436197916666666 0.18190586419753085 0.5414496527777778 0.17476851851851852 0.5470920138888888 0.16454475308641975 0.5501302083333334 0.16415895061728394 0.5533854166666666 0.16743827160493827
1 0.5308159722222222 0.16377314814814814 0.5327690972222222 0.16493055555555555 0.5277777777777778 0.17881944444444445 0.5225694444444444 0.18229166666666666 0.5095486111111112 0.17843364197530864 0.5071614583333334 0.17515432098765432 0.5065104166666666 0.16493055555555555 0.5104166666666666 0.16493055555555555 0.5154079861111112 0.17033179012345678 0.5182291666666666 0.17033179012345678 0.5260416666666666 0.16454475308641975 0.5305989583333334 0.16377314814814814
1 0.4848090277777778 0.1743827160493827 0.48828125 0.17650462962962962 0.4893663194444444 0.18229166666666666 0.4878472222222222 0.1857638888888889 0.4815538194444444 0.1871141975308642 0.470703125 0.18595679012345678 0.4698350694444444 0.17862654320987653 0.4739583333333333 0.1743827160493827 0.4845920138888889 0.1743827160493827
1 0.5021701388888888 0.16280864197530864 0.5060763888888888 0.16493055555555555 0.5065104166666666 0.16878858024691357 0.501953125 0.17650462962962962 0.4900173611111111 0.17380401234567902 0.4858940972222222 0.16878858024691357 0.4876302083333333 0.16358024691358025 0.501953125 0.16280864197530864
1 0.4620225694444444 0.1527777777777778 0.46484375 0.15432098765432098 0.4652777777777778 0.15991512345679013 0.4713541666666667 0.1684027777777778 0.4678819444444444 0.1739969135802469 0.4639756944444444 0.17554012345679013 0.4600694444444444 0.17457561728395063 0.4559461805555556 0.1684027777777778 0.4563802083333333 0.15432098765432098 0.4618055555555556 0.1527777777777778
1 0.4704861111111111 0.14564043209876543 0.4791666666666667 0.15007716049382716 0.4800347222222222 0.1579861111111111 0.4837239583333333 0.16126543209876543 0.4774305555555556 0.1697530864197531 0.4737413194444444 0.1726466049382716 0.4676649305555556 0.1716820987654321 0.4702690972222222 0.14583333333333334
1 0.4370659722222222 0.16126543209876543 0.4372829861111111 0.1697530864197531 0.4431423611111111 0.17515432098765432 0.4442274305555556 0.17920524691358025 0.4388020833333333 0.18595679012345678 0.4322916666666667 0.1876929012345679 0.4286024305555556 0.19135802469135801 0.4253472222222222 0.19020061728395063 0.4227430555555556 0.18557098765432098 0.419921875 0.1726466049382716 0.4255642361111111 0.16242283950617284 0.4368489583333333 0.16126543209876543
1 0.4991319444444444 0.1400462962962963 0.5008680555555556 0.14795524691358025 0.4986979166666667 0.15084876543209877 0.48046875 0.14756944444444445 0.4841579861111111 0.14332561728395063 0.4989149305555556 0.1400462962962963
1 0.3904079861111111 0.16493055555555555 0.3971354166666667 0.1716820987654321 0.404296875 0.16608796296296297 0.4084201388888889 0.16647376543209877 0.4077690972222222 0.17515432098765432 0.404296875 0.18248456790123457 0.3984375 0.18479938271604937 0.3888888888888889 0.18267746913580246 0.3880208333333333 0.1684027777777778 0.3901909722222222 0.16512345679012347
1 0.5753038194444444 0.09760802469135803 0.5750868055555556 0.10609567901234568 0.5703125 0.10590277777777778 0.5685763888888888 0.10320216049382716 0.5698784722222222 0.09857253086419752 0.5750868055555556 0.09760802469135803
1 0.5592447916666666 0.09799382716049383 0.5670572916666666 0.09992283950617284 0.5755208333333334 0.09857253086419752 0.5746527777777778 0.10570987654320987 0.5692274305555556 0.10609567901234568 0.5555555555555556 0.10416666666666667 0.5538194444444444 0.09876543209876543 0.5590277777777778 0.09799382716049383
1 0.451171875 0.11207561728395062 0.4633246527777778 0.11439043209876543 0.4661458333333333 0.12345679012345678 0.4633246527777778 0.12827932098765432 0.4559461805555556 0.12654320987654322 0.4466145833333333 0.13001543209876543 0.4429253472222222 0.13001543209876543 0.4457465277777778 0.12364969135802469 0.4446614583333333 0.11516203703703703 0.4459635416666667 0.11246141975308642 0.4509548611111111 0.11207561728395062
1 0.46875 0.10570987654320987 0.4754774305555556 0.11728395061728394 0.4739583333333333 0.1232638888888889 0.470703125 0.125 0.4661458333333333 0.12403549382716049 0.4646267361111111 0.12037037037037036 0.4637586805555556 0.10609567901234568 0.4685329861111111 0.10570987654320987
1 0.6440972222222222 0.05690586419753087 0.6462673611111112 0.06404320987654322 0.6447482638888888 0.06790123456790123 0.6349826388888888 0.06751543209876543 0.6341145833333334 0.06500771604938271 0.6343315972222222 0.060378086419753084 0.6438802083333334 0.05690586419753087
1 0.5473090277777778 0.07330246913580248 0.5518663194444444 0.0779320987654321 0.5518663194444444 0.08159722222222222 0.5486111111111112 0.08661265432098765 0.5442708333333334 0.08815586419753087 0.5336371527777778 0.08506944444444445 0.5290798611111112 0.078125 0.5470920138888888 0.07330246913580248
1 0.4947916666666667 0.06867283950617284 0.4971788194444444 0.07118055555555555 0.4967447916666667 0.08043981481481481 0.4950086805555556 0.08506944444444445 0.4915364583333333 0.08699845679012345 0.4874131944444444 0.08603395061728394 0.4861111111111111 0.08101851851851852 0.4913194444444444 0.07060185185185185 0.4945746527777778 0.06867283950617284
1 0.5549045138888888 0.05131172839506173 0.5570746527777778 0.05381944444444445 0.5538194444444444 0.06481481481481481 0.5405815972222222 0.06404320987654322 0.5360243055555556 0.05304783950617284 0.5403645833333334 0.051890432098765434 0.5481770833333334 0.05439814814814815 0.5546875 0.05131172839506173
1 0.4459635416666667 0.06327160493827161 0.4500868055555556 0.07407407407407407 0.4479166666666667 0.08121141975308642 0.4381510416666667 0.08159722222222222 0.4357638888888889 0.0783179012345679 0.4357638888888889 0.06616512345679013 0.4457465277777778 0.06346450617283951
1 0.4053819444444444 0.06790123456790123 0.4084201388888889 0.07040895061728394 0.4084201388888889 0.08043981481481481 0.4071180555555556 0.08487654320987655 0.4045138888888889 0.08603395061728394 0.4001736111111111 0.08468364197530864 0.3988715277777778 0.078125 0.4051649305555556 0.06790123456790123
1 0.2586805555555556 0.14756944444444445 0.26953125 0.14776234567901234 0.2758246527777778 0.15297067901234568 0.2834201388888889 0.15084876543209877 0.2847222222222222 0.15335648148148148 0.2795138888888889 0.1566358024691358 0.2591145833333333 0.1572145061728395 0.2556423611111111 0.15470679012345678 0.2586805555555556 0.14776234567901234
1 0.3454861111111111 0.06018518518518518 0.3506944444444444 0.078125 0.3487413194444444 0.08371913580246913 0.3454861111111111 0.08564814814814815 0.3302951388888889 0.08506944444444445 0.3315972222222222 0.07600308641975309 0.3374565972222222 0.07330246913580248 0.3452690972222222 0.060378086419753084
1 0.2241753472222222 0.2654320987654321 0.2361111111111111 0.27546296296296297 0.23828125 0.2795138888888889 0.2341579861111111 0.2814429012345679 0.2228732638888889 0.2797067901234568 0.2209201388888889 0.2689043209876543 0.22395833333333334 0.2654320987654321
1 0.015842013888888888 0.3368055555555556 0.027777777777777776 0.3524305555555556 0.028428819444444444 0.3560956790123457 0.026041666666666668 0.3584104938271605 0.011935763888888888 0.3559027777777778 0.007161458333333333 0.35050154320987653 0.009765625 0.3385416666666667 0.015625 0.3368055555555556
1 0.4878472222222222 0.0314429012345679 0.4937065972222222 0.036265432098765434 0.4939236111111111 0.05015432098765432 0.4878472222222222 0.05150462962962963 0.4835069444444444 0.047260802469135804 0.4876302083333333 0.031635802469135804
1 0.4639756944444444 0.030478395061728395 0.4739583333333333 0.03279320987654321 0.4793836805555556 0.043402777777777776 0.4776475694444444 0.04822530864197531 0.4670138888888889 0.047453703703703706 0.4633246527777778 0.04398148148148148 0.4578993055555556 0.03260030864197531 0.4598524305555556 0.030285493827160493 0.4637586805555556 0.030478395061728395
1 0.4442274305555556 0.21392746913580246 0.4431423611111111 0.2201003086419753 0.4398871527777778 0.22723765432098766 0.4424913194444444 0.23109567901234568 0.4474826388888889 0.22974537037037038 0.4496527777777778 0.23013117283950618 0.4542100694444444 0.22743055555555555 0.4522569444444444 0.22106481481481483 0.4526909722222222 0.21296296296296297 0.4520399305555556 0.21161265432098766 0.4494357638888889 0.21026234567901234
1 0.4390190972222222 0.22878086419753085 0.4383680555555556 0.2309027777777778 0.4420572916666667 0.234375 0.4596354166666667 0.24382716049382716 0.4618055555555556 0.24575617283950618 0.4641927083333333 0.24633487654320987 0.4657118055555556 0.24556327160493827 0.4661458333333333 0.24459876543209877 0.4620225694444444 0.23804012345679013 0.4607204861111111 0.2334104938271605 0.4565972222222222 0.22993827160493827 0.455078125 0.23032407407407407
1 0.032552083333333336 0.41454475308641975 0.028428819444444444 0.4228395061728395 0.025824652777777776 0.4234182098765432 0.015190972222222222 0.4222608024691358 0.007595486111111111 0.42322530864197533 0 0.4216820987654321 0 0.4268904320987654 0.004991319444444444 0.42727623456790126 0.015407986111111112 0.43113425925925924 0.017795138888888888 0.43036265432098764 0.03797743055555555 0.43074845679012347 0.0390625 0.43016975308641975 0.039496527777777776 0.42862654320987653 0.034722222222222224 0.4158950617283951 0.033854166666666664 0.41473765432098764
1 0.1990017361111111 0.894483024691358 0.19856770833333334 0.9045138888888888 0.203125 0.9079861111111112 0.21006944444444445 0.9076003086419753 0.216796875 0.9050925925925926 0.22005208333333334 0.9006558641975309 0.2209201388888889 0.8975694444444444 0.22005208333333334 0.8933256172839507 0.20703125 0.8902391975308642 0.20052083333333334 0.890625
1 0.1017795138888889 0.9797453703703703 0.10221354166666667 0.988233024691358 0.10438368055555555 0.9998070987654321 0.11653645833333333 0.9998070987654321 0.11610243055555555 0.9949845679012346 0.1130642361111111 0.988233024691358 0.11263020833333333 0.984375 0.1056857638888889 0.9774305555555556 0.10264756944444445 0.9782021604938271