1 0.8213975694444444 0.9782021604938271 0.8240017361111112 0.9807098765432098 0.8246527777777778 0.9911265432098766 0.8177083333333334 0.9924768518518519 0.814453125 0.9911265432098766 0.8068576388888888 0.980516975308642 0.8211805555555556 0.9782021604938271
1 0.9962022569444444 0.8056520061728395 0.007595486111111111 0.01099537037037037
1 0.7758246527777778 0.9807098765432098 0.7816840277777778 0.9822530864197531 0.7827690972222222 0.9911265432098766 0.7745225694444444 0.9841820987654321 0.7736545138888888 0.9809027777777778 0.7756076388888888 0.9809027777777778
1 0.6653645833333334 0.9135802469135802 0.6714409722222222 0.9185956790123457 0.673828125 0.9251543209876543 0.6744791666666666 0.9322916666666666 0.6720920138888888 0.935570987654321 0.6681857638888888 0.9340277777777778 0.6608072916666666 0.9249614197530864 0.6577690972222222 0.9149305555555556 0.6651475694444444 0.9135802469135802
1 0.658203125 0.9133873456790124 0.662109375 0.9160879629629629 0.6610243055555556 0.935570987654321 0.6564670138888888 0.9344135802469136 0.6510416666666666 0.921875 0.6532118055555556 0.9149305555555556 0.6579861111111112 0.9133873456790124
1 0.6315104166666666 0.9079861111111112 0.6371527777777778 0.9031635802469136 0.6401909722222222 0.9103009259259259 0.6482204861111112 0.9128086419753086 0.6404079861111112 0.9236111111111112 0.6297743055555556 0.9251543209876543 0.6243489583333334 0.9216820987654321 0.623046875 0.9182098765432098 0.6315104166666666 0.908179012345679
1 0.5538194444444444 0.9581404320987654 0.5596788194444444 0.9635416666666666 0.5620659722222222 0.9704861111111112 0.560546875 0.9739583333333334 0.55078125 0.9758873456790124 0.5434027777777778 0.9739583333333334 0.5427517361111112 0.966820987654321 0.5536024305555556 0.9581404320987654
1 0.6200086805555556 0.7910879629629629 0.6263020833333334 0.7999614197530864 0.6236979166666666 0.8028549382716049 0.6161024305555556 0.8001543209876543 0.6161024305555556 0.7920524691358025 0.6197916666666666 0.7910879629629629
1 0.453125 0.9646990740740741 0.4563802083333333 0.9689429012345679 0.4561631944444444 0.9729938271604939 0.4463975694444444 0.9859182098765432 0.4435763888888889 0.9832175925925926 0.443359375 0.9704861111111112 0.4494357638888889 0.9645061728395061 0.4529079861111111 0.9646990740740741
1 0.4220920138888889 0.988233024691358 0.4266493055555556 0.9909336419753086 0.4281684027777778 0.9945987654320988 0.4262152777777778 0.9998070987654321 0.416015625 0.9998070987654321 0.4147135416666667 0.9972993827160493 0.4153645833333333 0.9911265432098766 0.421875 0.988233024691358
1 0.4322916666666667 0.9554398148148148 0.4401041666666667 0.9594907407407407 0.4490017361111111 0.9598765432098766 0.4507378472222222 0.9633487654320988 0.4422743055555556 0.9710648148148148 0.4357638888888889 0.9722222222222222 0.4320746527777778 0.9704861111111112 0.43359375 0.9635416666666666 0.4288194444444444 0.9594907407407407 0.4286024305555556 0.9564043209876543 0.4320746527777778 0.9554398148148148
1 0.5390625 0.7895447530864198 0.5503472222222222 0.7910879629629629 0.5542534722222222 0.7937885802469136 0.5536024305555556 0.8130787037037037 0.5466579861111112 0.8080632716049383 0.5431857638888888 0.8175154320987654 0.5399305555555556 0.8161651234567902 0.5342881944444444 0.8045910493827161 0.5256076388888888 0.8003472222222222 0.5277777777777778 0.796875 0.5227864583333334 0.7934027777777778 0.5297309027777778 0.7895447530864198 0.5388454861111112 0.7895447530864198
1 0.8096788194444444 0.6122685185185185 0.826171875 0.6140046296296297 0.8274739583333334 0.6273148148148148 0.8246527777777778 0.6307870370370371 0.8142361111111112 0.6244212962962963 0.8033854166666666 0.6304012345679012 0.7986111111111112 0.6128472222222222 0.8094618055555556 0.6122685185185185
1 0.5373263888888888 0.7775848765432098 0.5418836805555556 0.7827932098765432 0.5407986111111112 0.7870370370370371 0.5334201388888888 0.7905092592592593 0.5247395833333334 0.7866512345679012 0.5223524305555556 0.7800925925925926 0.5264756944444444 0.7775848765432098 0.537109375 0.7775848765432098
1 0.5262586805555556 0.7513503086419753 0.5373263888888888 0.7621527777777778 0.5362413194444444 0.7739197530864198 0.5336371527777778 0.7690972222222222 0.5277777777777778 0.765625 0.5260416666666666 0.7513503086419753
1 0.529296875 0.7532793209876543 0.537109375 0.7621527777777778 0.5384114583333334 0.7760416666666666 0.529296875 0.777391975308642 0.5225694444444444 0.7818287037037037 0.5188802083333334 0.7789351851851852 0.5141059027777778 0.765625 0.5227864583333334 0.7669753086419753 0.5262586805555556 0.7652391975308642 0.5282118055555556 0.7625385802469136 0.5271267361111112 0.7546296296296297 0.5290798611111112 0.7532793209876543
1 0.3400607638888889 0.9585262345679012 0.3435329861111111 0.9602623456790124 0.3452690972222222 0.9654706790123457 0.3424479166666667 0.9772376543209876 0.3268229166666667 0.9704861111111112 0.328125 0.9625771604938271 0.33984375 0.9585262345679012
1 0.2628038194444444 0.9565972222222222 0.2725694444444444 0.9558256172839507 0.2758246527777778 0.9619984567901234 0.2797309027777778 0.9635416666666666 0.2801649305555556 0.966820987654321 0.2697482638888889 0.9708719135802469 0.2615017361111111 0.9675925925925926 0.2552083333333333 0.9733796296296297 0.2526041666666667 0.9714506172839507 0.2515190972222222 0.9658564814814815 0.24739583333333334 0.9633487654320988 0.2625868055555556 0.9565972222222222
1 0.3001302083333333 0.8306327160493827 0.3146701388888889 0.8373842592592593 0.3161892361111111 0.8412422839506173 0.314453125 0.8487654320987654 0.30859375 0.8549382716049383 0.3072916666666667 0.8640046296296297 0.3038194444444444 0.8641975308641975 0.2975260416666667 0.8591820987654321 0.2979600694444444 0.845679012345679 0.3009982638888889 0.8389274691358025 0.3001302083333333 0.8308256172839507
1 0.21354166666666666 0.9770447530864198 0.22135416666666666 0.9787808641975309 0.22352430555555555 0.9809027777777778 0.2224392361111111 0.9841820987654321 0.2146267361111111 0.9888117283950617 0.2092013888888889 0.9886188271604939 0.20985243055555555 0.9799382716049383 0.2133246527777778 0.9772376543209876
1 0.3335503472222222 0.7025462962962963 0.3415798611111111 0.703125 0.3446180555555556 0.706983024691358 0.3391927083333333 0.7166280864197531 0.3318142361111111 0.7189429012345679 0.3294270833333333 0.7172067901234568 0.3315972222222222 0.7110339506172839 0.3298611111111111 0.7077546296296297 0.3118489583333333 0.7062114197530864 0.3135850694444444 0.7029320987654321 0.3333333333333333 0.7025462962962963
1 0.2065972222222222 0.8896604938271605 0.22005208333333334 0.892554012345679 0.22135416666666666 0.8975694444444444 0.21766493055555555 0.9045138888888888 0.20377604166666666 0.9079861111111112 0.19813368055555555 0.9072145061728395 0.1957465277777778 0.9045138888888888 0.19986979166666666 0.8915895061728395 0.20638020833333334 0.8896604938271605
1 0.1306423611111111 0.9529320987654321 0.13541666666666666 0.9562114197530864 0.1330295138888889 0.9708719135802469 0.12391493055555555 0.9778163580246914 0.12065972222222222 0.9772376543209876 0.1232638888888889 0.9739583333333334 0.12152777777777778 0.9670138888888888 0.12586805555555555 0.9564043209876543 0.1304253472222222 0.9529320987654321
1 0.13563368055555555 0.9699074074074074 0.1369357638888889 0.9741512345679012 0.12977430555555555 0.9741512345679012 0.12608506944444445 0.9780092592592593 0.11957465277777778 0.9772376543209876 0.12586805555555555 0.9565972222222222 0.12999131944444445 0.9529320987654321 0.13346354166666666 0.953125 0.13563368055555555 0.9564043209876543 0.13346354166666666 0.966820987654321 0.13541666666666666 0.9699074074074074
1 0.11002604166666667 0.949266975308642 0.11957465277777778 0.9496527777777778 0.12239583333333333 0.9517746913580247 0.1213107638888889 0.9562114197530864 0.11631944444444445 0.9579475308641975 0.1091579861111111 0.9552469135802469 0.10698784722222222 0.9496527777777778 0.10980902777777778 0.949266975308642
1 0.1130642361111111 0.9579475308641975 0.11631944444444445 0.9596836419753086 0.1213107638888889 0.9699074074074074 0.1171875 0.9737654320987654 0.115234375 0.9841820987654321 0.11870659722222222 0.9945987654320988 0.11805555555555555 0.9998070987654321 0.10698784722222222 0.9998070987654321 0.10394965277777778 0.9957561728395061 0.1037326388888889 0.9774305555555556 0.10004340277777778 0.9737654320987654 0.10199652777777778 0.9666280864197531 0.11284722222222222 0.9579475308641975
1 0.9429253472222222 0.5964506172839507 0.9509548611111112 0.5989583333333334 0.9587673611111112 0.607445987654321 0.9637586805555556 0.609375 0.9654947916666666 0.6170910493827161 0.9574652777777778 0.6188271604938271 0.9526909722222222 0.6188271604938271 0.939453125 0.613233024691358 0.9357638888888888 0.609375 0.9353298611111112 0.6026234567901234 0.9427083333333334 0.5964506172839507
1 0.6892361111111112 0.5733024691358025 0.6929253472222222 0.5815972222222222 0.7033420138888888 0.5885416666666666 0.7024739583333334 0.5927854938271605 0.6927083333333334 0.6028163580246914 0.6892361111111112 0.6037808641975309 0.6768663194444444 0.591820987654321 0.6755642361111112 0.5854552469135802 0.6766493055555556 0.5802469135802469 0.6825086805555556 0.5794753086419753 0.6890190972222222 0.5733024691358025
1 0.5735677083333334 0.6024305555555556 0.5989583333333334 0.6026234567901234 0.6026475694444444 0.6116898148148148 0.6022135416666666 0.6151620370370371 0.5928819444444444 0.6086033950617284 0.5883246527777778 0.6082175925925926 0.5779079861111112 0.6172839506172839 0.5735677083333334 0.6026234567901234
1 0.4086371527777778 0.6749614197530864 0.4166666666666667 0.6788194444444444 0.4114583333333333 0.6940586419753086 0.4006076388888889 0.6828703703703703 0.4029947916666667 0.6761188271604939 0.4084201388888889 0.6749614197530864
1 0.353515625 0.7029320987654321 0.3569878472222222 0.7040895061728395 0.3576388888888889 0.7092978395061729 0.3526475694444444 0.7185570987654321 0.3489583333333333 0.7195216049382716 0.3413628472222222 0.7062114197530864 0.3448350694444444 0.7035108024691358 0.3532986111111111 0.7029320987654321
1 0.3591579861111111 0.6724537037037037 0.3615451388888889 0.6784336419753086 0.3606770833333333 0.685570987654321 0.3478732638888889 0.6940586419753086 0.3420138888888889 0.6944444444444444 0.3404947916666667 0.6927083333333334 0.3489583333333333 0.6751543209876543 0.3589409722222222 0.6726466049382716
1 0.3318142361111111 0.7023533950617284 0.3385416666666667 0.7035108024691358 0.3415798611111111 0.7064043209876543 0.3385416666666667 0.7087191358024691 0.3111979166666667 0.7065972222222222 0.3140190972222222 0.7025462962962963 0.3315972222222222 0.7023533950617284
1 0.3426649305555556 0.6676311728395061 0.3465711805555556 0.6684027777777778 0.3485243055555556 0.6714891975308642 0.3463541666666667 0.6770833333333334 0.3370225694444444 0.6795910493827161 0.33203125 0.6832561728395061 0.328125 0.6824845679012346 0.3246527777777778 0.6784336419753086 0.3233506944444444 0.6714891975308642 0.3315972222222222 0.6678240740740741 0.3424479166666667 0.6676311728395061
1 0.3038194444444444 0.6612654320987654 0.3031684027777778 0.6684027777777778 0.3125 0.671875 0.3140190972222222 0.6788194444444444 0.310546875 0.6819058641975309 0.2975260416666667 0.6801697530864198 0.2901475694444444 0.6859567901234568 0.2795138888888889 0.6672453703703703 0.2821180555555556 0.6651234567901234 0.2864583333333333 0.6678240740740741 0.2894965277777778 0.6672453703703703 0.2934027777777778 0.6624228395061729 0.3036024305555556 0.6612654320987654
1 0.11067708333333333 0.9494598765432098 0.1208767361111111 0.951195987654321 0.1208767361111111 0.9565972222222222 0.11783854166666667 0.9596836419753086 0.11957465277777778 0.9643132716049383 0.12348090277777778 0.9631558641975309 0.12999131944444445 0.953125 0.13368055555555555 0.9533179012345679 0.13541666666666666 0.9562114197530864 0.13368055555555555 0.9672067901234568 0.13758680555555555 0.9702932098765432 0.1369357638888889 0.9735725308641975 0.12999131944444445 0.9745370370370371 0.1265190972222222 0.9787808641975309 0.11458333333333333 0.9830246913580247 0.1171875 0.9949845679012346 0.1134982638888889 0.9972993827160493 0.10677083333333333 0.9947916666666666 0.1052517361111111 0.980516975308642 0.09895833333333333 0.9741512345679012 0.1017795138888889 0.9664351851851852 0.11002604166666667 0.9564043209876543 0.10785590277777778 0.9496527777777778 0.11046006944444445 0.9494598765432098
1 0.2202690972222222 0.6726466049382716 0.23046875 0.6753472222222222 0.23155381944444445 0.6820987654320988 0.22374131944444445 0.6911651234567902 0.21028645833333334 0.6952160493827161 0.2072482638888889 0.6822916666666666 0.216796875 0.6726466049382716 0.22005208333333334 0.6726466049382716
1 0.11588541666666667 0.6614583333333334 0.12565104166666666 0.6645447530864198 0.1369357638888889 0.6628086419753086 0.13802083333333334 0.6695601851851852 0.1449652777777778 0.6734182098765432 0.14713541666666666 0.6784336419753086 0.14539930555555555 0.6822916666666666 0.138671875 0.6826774691358025 0.13368055555555555 0.685570987654321 0.126953125 0.6830632716049383 0.115234375 0.6649305555555556 0.11588541666666667 0.6616512345679012
1 0.9544270833333334 0.3533950617283951 0.96875 0.3626543209876543 0.96875 0.3663194444444444 0.9605034722222222 0.36689814814814814 0.9565972222222222 0.37114197530864196 0.943359375 0.3591820987654321 0.9450954861111112 0.35378086419753085 0.9542100694444444 0.3533950617283951
1 0.9431423611111112 0.3236882716049383 0.9563802083333334 0.33024691358024694 0.9576822916666666 0.3331404320987654 0.9529079861111112 0.33352623456790126 0.9463975694444444 0.3425925925925926 0.94140625 0.3443287037037037 0.9361979166666666 0.3441358024691358 0.9351128472222222 0.3420138888888889 0.9409722222222222 0.33526234567901236 0.9409722222222222 0.3246527777777778 0.9429253472222222 0.3236882716049383
1 0.560546875 0.36747685185185186 0.5640190972222222 0.36786265432098764 0.5661892361111112 0.3738425925925926 0.5713975694444444 0.37885802469135804 0.5638020833333334 0.3883101851851852 0.5603298611111112 0.3890817901234568 0.5572916666666666 0.3871527777777778 0.5549045138888888 0.3802083333333333 0.560546875 0.36766975308641975
1 0.4155815972222222 0.3732638888888889 0.4351128472222222 0.37635030864197533 0.4366319444444444 0.38233024691358025 0.4348958333333333 0.3871527777777778 0.4149305555555556 0.38599537037037035 0.4155815972222222 0.3734567901234568
1 0.291015625 0.4573688271604938 0.2931857638888889 0.45794753086419754 0.296875 0.46662808641975306 0.2966579861111111 0.47608024691358025 0.2934027777777778 0.47974537037037035 0.2853732638888889 0.4810956790123457 0.2827690972222222 0.4845679012345679 0.2760416666666667 0.47627314814814814 0.2721354166666667 0.46064814814814814 0.2764756944444444 0.45949074074074076 0.2827690972222222 0.46122685185185186 0.2907986111111111 0.4573688271604938
1 0.19618055555555555 0.37364969135802467 0.20008680555555555 0.3732638888888889 0.20703125 0.376929012345679 0.21354166666666666 0.3765432098765432 0.2185329861111111 0.3869598765432099 0.2152777777777778 0.3894675925925926 0.19639756944444445 0.38676697530864196 0.1929253472222222 0.3809799382716049 0.19618055555555555 0.3738425925925926
1 0.2829861111111111 0.29108796296296297 0.2884114583333333 0.2934027777777778 0.2940538194444444 0.30362654320987653 0.2901475694444444 0.3107638888888889 0.2827690972222222 0.3167438271604938 0.2795138888888889 0.31732253086419754 0.2775607638888889 0.3142361111111111 0.2779947916666667 0.30594135802469136 0.2751736111111111 0.296875 0.2827690972222222 0.29128086419753085
1 0.294921875 0.2804783950617284 0.2983940972222222 0.28337191358024694 0.3029513888888889 0.2959104938271605 0.3018663194444444 0.30073302469135804 0.2975260416666667 0.30401234567901236 0.29296875 0.30227623456790126 0.2890625 0.2941743827160494 0.2905815972222222 0.28260030864197533 0.2947048611111111 0.2804783950617284
1 0.1267361111111111 0.4390432098765432 0.1332465277777778 0.44502314814814814 0.14388020833333334 0.44309413580246915 0.15733506944444445 0.4565972222222222 0.1566840277777778 0.46199845679012347 0.14735243055555555 0.46238425925925924 0.1440972222222222 0.47010030864197533 0.14127604166666666 0.4710648148148148 0.1265190972222222 0.4704861111111111 0.12022569444444445 0.4635416666666667 0.12608506944444445 0.4567901234567901 0.12261284722222222 0.44598765432098764 0.1265190972222222 0.4390432098765432
1 0.1286892361111111 0.36496913580246915 0.13346354166666666 0.3680555555555556 0.140625 0.3690200617283951 0.1519097222222222 0.376929012345679 0.1545138888888889 0.38348765432098764 0.15104166666666666 0.38599537037037035 0.1369357638888889 0.38425925925925924 0.12608506944444445 0.37635030864197533 0.12239583333333333 0.3707561728395062 0.12239583333333333 0.36574074074074076 0.12369791666666667 0.3636188271604938 0.1284722222222222 0.36496913580246915
1 0.026475694444444444 0.7798996913580247 0.038628472222222224 0.7899305555555556 0.03993055555555555 0.7966820987654321 0.03689236111111111 0.7986111111111112 0.026475694444444444 0.7978395061728395 0.022569444444444444 0.7947530864197531 0.022352430555555556 0.7820216049382716 0.026258680555555556 0.7798996913580247
1 0.09266493055555555 0.3753858024691358 0.10221354166666667 0.3784722222222222 0.10069444444444445 0.3873456790123457 0.07465277777777778 0.3898533950617284 0.07291666666666667 0.38676697530864196 0.078125 0.3794367283950617 0.08506944444444445 0.3753858024691358 0.09244791666666667 0.3753858024691358
1 0.5223524305555556 0.2023533950617284 0.5323350694444444 0.21315586419753085 0.5217013888888888 0.21334876543209877 0.5223524305555556 0.2025462962962963
1 0.4763454861111111 0.21354166666666666 0.4741753472222222 0.2056327160493827 0.484375 0.20081018518518517 0.4943576388888889 0.19926697530864199 0.4917534722222222 0.20640432098765432 0.4921875 0.21354166666666666 0.4765625 0.21354166666666666
1 0.4513888888888889 0.21026234567901234 0.4524739583333333 0.22029320987654322 0.4609375 0.2334104938271605 0.4652777777777778 0.24459876543209877 0.4635416666666667 0.24614197530864199 0.4388020833333333 0.23070987654320987 0.443359375 0.22029320987654322 0.4437934027777778 0.21334876543209877 0.451171875 0.21026234567901234
1 0.9900173611111112 0.14564043209876543 0.019965277777777776 0.030864197530864196
1 0.5503472222222222 0.16435185185185186 0.5538194444444444 0.16763117283950618 0.5620659722222222 0.1684027777777778 0.5572916666666666 0.17997685185185186 0.5503472222222222 0.1880787037037037 0.5436197916666666 0.18171296296296297 0.5414496527777778 0.17650462962962962 0.546875 0.16473765432098766 0.5501302083333334 0.16435185185185186
1 0.5299479166666666 0.16338734567901234 0.5327690972222222 0.16493055555555555 0.5277777777777778 0.17843364197530864 0.5230034722222222 0.18229166666666666 0.509765625 0.17862654320987653 0.5071614583333334 0.17457561728395063 0.5065104166666666 0.16512345679012347 0.5086805555555556 0.16435185185185186 0.5154079861111112 0.16994598765432098 0.5190972222222222 0.16994598765432098 0.5297309027777778 0.16338734567901234
1 0.4815538194444444 0.1739969135802469 0.4880642361111111 0.17611882716049382 0.4900173611111111 0.18267746913580246 0.4889322916666667 0.18557098765432098 0.4813368055555556 0.1873070987654321 0.4720052083333333 0.1865354938271605 0.4696180555555556 0.18267746913580246 0.4733072916666667 0.17573302469135801 0.4813368055555556 0.1739969135802469
1 0.5052083333333334 0.16396604938271606 0.5073784722222222 0.16859567901234568 0.5017361111111112 0.17689043209876543 0.48828125 0.1730324074074074 0.4854600694444444 0.16473765432098766 0.4904513888888889 0.16280864197530864 0.5049913194444444 0.16396604938271606
1 0.4607204861111111 0.15316358024691357 0.4644097222222222 0.1545138888888889 0.4696180555555556 0.16647376543209877 0.4741753472222222 0.16820987654320987 0.4739583333333333 0.1720679012345679 0.4607204861111111 0.17457561728395063 0.451171875 0.1722608024691358 0.4605034722222222 0.15316358024691357
1 0.4325086805555556 0.16087962962962962 0.4375 0.16145833333333334 0.4368489583333333 0.1693672839506173 0.4457465277777778 0.17862654320987653 0.4459635416666667 0.18229166666666666 0.4322916666666667 0.18518518518518517 0.4288194444444444 0.19135802469135801 0.4253472222222222 0.19020061728395063 0.4225260416666667 0.18557098765432098 0.4192708333333333 0.17515432098765432 0.4251302083333333 0.16319444444444445 0.4322916666666667 0.16087962962962962
1 0.4982638888888889 0.1392746913580247 0.5008680555555556 0.140625 0.5004340277777778 0.15007716049382716 0.4971788194444444 0.15123456790123457 0.4806857638888889 0.14872685185185186 0.484375 0.14351851851851852 0.4913194444444444 0.14293981481481483 0.498046875 0.1394675925925926
1 0.4993489583333333 0.1400462962962963 0.5060763888888888 0.15123456790123457 0.5049913194444444 0.16087962962962962 0.4815538194444444 0.16377314814814814 0.4739583333333333 0.16878858024691357 0.4700520833333333 0.16589506172839505 0.46875 0.16165123456790123 0.4698350694444444 0.14486882716049382 0.4776475694444444 0.14737654320987653 0.4841579861111111 0.14332561728395063 0.4930555555555556 0.1431327160493827 0.4991319444444444 0.1400462962962963
1 0.5755208333333334 0.09780092592592593 0.5768229166666666 0.10243055555555555 0.5748697916666666 0.10628858024691358 0.5692274305555556 0.10570987654320987 0.568359375 0.10146604938271606 0.5700954861111112 0.09837962962962964 0.5753038194444444 0.09780092592592593
1 0.5750868055555556 0.09780092592592593 0.5766059027777778 0.10243055555555555 0.5748697916666666 0.10628858024691358 0.5546875 0.10551697530864197 0.5512152777777778 0.10262345679012345 0.5568576388888888 0.09837962962962964 0.5674913194444444 0.09953703703703703 0.5748697916666666 0.09780092592592593
1 0.6443142361111112 0.058256172839506175 0.6462673611111112 0.06751543209876543 0.6440972222222222 0.06809413580246913 0.6354166666666666 0.06751543209876543 0.6336805555555556 0.06172839506172839 0.6338975694444444 0.05999228395061729 0.640625 0.060570987654320986 0.6440972222222222 0.058256172839506175
1 0.8107638888888888 0.03587962962962963 0.8298611111111112 0.038580246913580245 0.8311631944444444 0.04070216049382716 0.828125 0.04938271604938271 0.8068576388888888 0.04764660493827161 0.8064236111111112 0.03973765432098766 0.810546875 0.03607253086419753
1 0.4743923611111111 0.15027006172839505 0.48046875 0.15432098765432098 0.4848090277777778 0.16126543209876543 0.4759114583333333 0.1722608024691358 0.4711371527777778 0.1739969135802469 0.4524739583333333 0.1716820987654321 0.4565972222222222 0.16685956790123457 0.4598524305555556 0.1705246913580247 0.4620225694444444 0.1684027777777778 0.4672309027777778 0.16049382716049382 0.4700520833333333 0.14564043209876543 0.4741753472222222 0.15027006172839505
1 0.5572916666666666 0.09818672839506173 0.5674913194444444 0.09972993827160494 0.5690104166666666 0.10570987654320987 0.5536024305555556 0.10551697530864197 0.5509982638888888 0.10223765432098765 0.5570746527777778 0.09837962962962964
1 0.3908420138888889 0.16493055555555555 0.3973524305555556 0.1714891975308642 0.404296875 0.16608796296296297 0.4079861111111111 0.16589506172839505 0.4095052083333333 0.16820987654320987 0.404296875 0.18267746913580246 0.3977864583333333 0.1849922839506173 0.390625 0.18460648148148148 0.388671875 0.18229166666666666 0.3880208333333333 0.16782407407407407 0.390625 0.16493055555555555
1 0.453125 0.11130401234567901 0.4635416666666667 0.11400462962962964 0.4650607638888889 0.12654320987654322 0.4633246527777778 0.12827932098765432 0.4548611111111111 0.1267361111111111 0.4463975694444444 0.13001543209876543 0.4422743055555556 0.13001543209876543 0.4459635416666667 0.12364969135802469 0.4448784722222222 0.11342592592592593 0.4529079861111111 0.11130401234567901
1 0.4689670138888889 0.10570987654320987 0.4756944444444444 0.11940586419753087 0.4741753472222222 0.1232638888888889 0.470703125 0.125 0.4654947916666667 0.12422839506172839 0.4639756944444444 0.11979166666666667 0.4635416666666667 0.10590277777777778 0.46875 0.10570987654320987
1 0.5470920138888888 0.07310956790123457 0.5512152777777778 0.07716049382716049 0.5518663194444444 0.08179012345679013 0.5501302083333334 0.08641975308641975 0.5436197916666666 0.08892746913580248 0.5329861111111112 0.08468364197530864 0.5319010416666666 0.07735339506172839 0.5342881944444444 0.07465277777777778 0.546875 0.07310956790123457
1 0.4878472222222222 0.08661265432098765 0.4867621527777778 0.078125 0.4945746527777778 0.06886574074074074 0.4973958333333333 0.07388117283950617 0.49609375 0.08314043209876543 0.4928385416666667 0.08680555555555555 0.4880642361111111 0.08661265432098765
1 0.5362413194444444 0.05092592592592592 0.5470920138888888 0.054205246913580245 0.5572916666666666 0.050347222222222224 0.5538194444444444 0.06520061728395062 0.5403645833333334 0.06404320987654322 0.5362413194444444 0.051118827160493825
1 0.4474826388888889 0.06404320987654322 0.4498697916666667 0.0783179012345679 0.4440104166666667 0.08256172839506173 0.4377170138888889 0.08159722222222222 0.4357638888888889 0.07889660493827161 0.4353298611111111 0.06693672839506173 0.4459635416666667 0.0628858024691358 0.447265625 0.06404320987654322
1 0.4049479166666667 0.06770833333333333 0.4077690972222222 0.06809413580246913 0.4086371527777778 0.07060185185185185 0.4084201388888889 0.08179012345679013 0.4049479166666667 0.08603395061728394 0.4008246527777778 0.08545524691358025 0.3988715277777778 0.08198302469135803 0.4008246527777778 0.07330246913580248 0.4047309027777778 0.06770833333333333
1 0 0.5108024691358025 0.0032552083333333335 0.5121527777777778 0.008246527777777778 0.5231481481481481 0.021050347222222224 0.5254629629629629 0.020399305555555556 0.5364583333333334 0.024956597222222224 0.5464891975308642 0.022352430555555556 0.5478395061728395 0.011935763888888888 0.5418595679012346 0.004991319444444444 0.548804012345679 0 0.5493827160493827 0 0.5109953703703703
1 0.03624131944444445 0.4112654320987654 0.03797743055555555 0.4305555555555556 0.030381944444444444 0.43074845679012347 0.026692708333333332 0.42862654320987653 0.029296875 0.41512345679012347 0.03602430555555555 0.4114583333333333
1 0.05099826388888889 0.36246141975308643 0.05967881944444445 0.3740354938271605 0.07139756944444445 0.3782793209876543 0.07465277777777778 0.38657407407407407 0.07183159722222222 0.3888888888888889 0.044921875 0.3765432098765432 0.04665798611111111 0.36747685185185186 0.05078125 0.36246141975308643
1 0.024522569444444444 0.4220679012345679 0.028645833333333332 0.019290123456790122
1 0.2651909722222222 0.14795524691358025 0.2723524305555556 0.14891975308641975 0.2760416666666667 0.15219907407407407 0.283203125 0.15084876543209877 0.2849392361111111 0.15432098765432098 0.2556423611111111 0.15779320987654322 0.2484809027777778 0.15779320987654322 0.24522569444444445 0.1545138888888889 0.2591145833333333 0.14776234567901234 0.2649739583333333 0.14795524691358025
1 0.3459201388888889 0.06076388888888889 0.3504774305555556 0.0785108024691358 0.3489583333333333 0.08352623456790123 0.345703125 0.08564814814814815 0.3302951388888889 0.08487654320987655 0.3315972222222222 0.07600308641975309 0.3370225694444444 0.07349537037037036 0.345703125 0.06076388888888889
1 0.2241753472222222 0.265625 0.23893229166666666 0.2795138888888889 0.2378472222222222 0.283179012345679 0.2228732638888889 0.2808641975308642 0.2209201388888889 0.2679398148148148 0.22395833333333334 0.265625
1 0.013454861111111112 0.36670524691358025 0.026692708333333332 0.3680555555555556 0.032769097222222224 0.3713348765432099 0.04709201388888889 0.37037037037037035 0.049262152777777776 0.376929012345679 0.041449652777777776 0.38117283950617287 0.027560763888888888 0.38271604938271603 0.022569444444444444 0.38233024691358025 0.011935763888888888 0.37635030864197533 0.007595486111111111 0.36959876543209874 0.008680555555555556 0.36747685185185186 0.013237847222222222 0.36670524691358025
1 0.016276041666666668 0.33796296296296297 0.027777777777777776 0.35223765432098764 0.028645833333333332 0.3560956790123457 0.025824652777777776 0.3591820987654321 0.011284722222222222 0.35628858024691357 0.005859375 0.34992283950617287 0.009765625 0.3385416666666667 0.016059027777777776 0.33796296296296297
1 0.7693142361111112 0.020061728395061727 0.779296875 0.022183641975308643 0.783203125 0.028935185185185185 0.7805989583333334 0.037037037037037035 0.7732204861111112 0.03973765432098766 0.7530381944444444 0.036458333333333336 0.7489149305555556 0.026041666666666668 0.7517361111111112 0.022569444444444444 0.7690972222222222 0.020061728395061727
1 0.4887152777777778 0.031635802469135804 0.4947916666666667 0.03973765432098766 0.4939236111111111 0.05015432098765432 0.4911024305555556 0.05169753086419753 0.4858940972222222 0.05073302469135803 0.4835069444444444 0.046875 0.486328125 0.03298611111111111 0.4884982638888889 0.031635802469135804
1 0.4639756944444444 0.030285493827160493 0.4739583333333333 0.03298611111111111 0.4791666666666667 0.04301697530864197 0.4772135416666667 0.047839506172839504 0.4672309027777778 0.0470679012345679 0.4633246527777778 0.04398148148148148 0.4578993055555556 0.03260030864197531 0.4600694444444444 0.029899691358024692 0.4637586805555556 0.030285493827160493
1 0.4364149305555556 0.37789351851851855 0.4357638888888889 0.38387345679012347 0.4375 0.3869598765432099 0.4424913194444444 0.38850308641975306 0.4453125 0.3883101851851852 0.4470486111111111 0.38773148148148145 0.4503038194444444 0.3846450617283951 0.4513888888888889 0.3800154320987654 0.4459635416666667 0.3680555555555556 0.4424913194444444 0.36709104938271603 0.4401041666666667 0.3724922839506173
1 0.9099392361111112 0.9670138888888888 0.9095052083333334 0.9708719135802469 0.9112413194444444 0.9785879629629629 0.9125434027777778 0.9807098765432098 0.912109375 0.9841820987654321 0.9149305555555556 0.9874614197530864 0.9184027777777778 0.9880401234567902 0.9207899305555556 0.9845679012345679 0.9225260416666666 0.9799382716049383 0.9273003472222222 0.9772376543209876 0.9290364583333334 0.9737654320987654 0.9225260416666666 0.9633487654320988 0.9184027777777778 0.9610339506172839 0.9147135416666666 0.9612268518518519 0.9134114583333334 0.9619984567901234 0.9114583333333334 0.9635416666666666