1 0.7732204861111112 0.9085648148148148 0.7810329861111112 0.9147376543209876 0.7845052083333334 0.9288194444444444 0.7892795138888888 0.9357638888888888 0.7790798611111112 0.935570987654321 0.767578125 0.9216820987654321 0.7662760416666666 0.9147376543209876 0.7688802083333334 0.910108024691358 0.7730034722222222 0.9085648148148148
1 0.7970920138888888 0.7139274691358025 0.8064236111111112 0.7204861111111112 0.8079427083333334 0.7245370370370371 0.8077256944444444 0.736304012345679 0.8005642361111112 0.7413194444444444 0.7916666666666666 0.7310956790123457 0.7899305555555556 0.7239583333333334 0.7921006944444444 0.7170138888888888 0.796875 0.7139274691358025
1 0.7864583333333334 0.7104552469135802 0.7907986111111112 0.7145061728395061 0.7916666666666666 0.7341820987654321 0.7829861111111112 0.7355324074074074 0.7775607638888888 0.716820987654321 0.7862413194444444 0.7104552469135802
1 0.7723524305555556 0.7102623456790124 0.7805989583333334 0.7166280864197531 0.7853732638888888 0.7309027777777778 0.7825520833333334 0.7395833333333334 0.7740885416666666 0.7357253086419753 0.7641059027777778 0.7239583333333334 0.7645399305555556 0.7170138888888888 0.7723524305555556 0.7104552469135802
1 0.6130642361111112 0.8983410493827161 0.6163194444444444 0.8996913580246914 0.6197916666666666 0.9116512345679012 0.6059027777777778 0.9097222222222222 0.5954861111111112 0.918016975308642 0.5913628472222222 0.9072145061728395 0.5776909722222222 0.9010416666666666 0.6128472222222222 0.8983410493827161
1 0.7085503472222222 0.7040895061728395 0.7165798611111112 0.7102623456790124 0.7211371527777778 0.7193287037037037 0.7309027777777778 0.7237654320987654 0.7176649305555556 0.7282021604938271 0.7005208333333334 0.7137345679012346 0.7005208333333334 0.7064043209876543 0.703125 0.7035108024691358 0.7083333333333334 0.7040895061728395
1 0.6950954861111112 0.7060185185185185 0.701171875 0.7135416666666666 0.689453125 0.7272376543209876 0.6861979166666666 0.7256944444444444 0.6864149305555556 0.7202932098765432 0.6825086805555556 0.7127700617283951 0.6877170138888888 0.7065972222222222 0.6948784722222222 0.7060185185185185
1 0.7202690972222222 0.5972222222222222 0.7309027777777778 0.6057098765432098 0.7309027777777778 0.609375 0.7243923611111112 0.6116898148148148 0.7098524305555556 0.6111111111111112 0.7044270833333334 0.6066743827160493 0.7122395833333334 0.5979938271604939 0.7200520833333334 0.5972222222222222
1 0.689453125 0.6003086419753086 0.6959635416666666 0.6032021604938271 0.7013888888888888 0.6091820987654321 0.7026909722222222 0.6238425925925926 0.6961805555555556 0.6375385802469136 0.6927083333333334 0.6373456790123457 0.6918402777777778 0.6315586419753086 0.6840277777777778 0.6257716049382716 0.6792534722222222 0.6128472222222222 0.6831597222222222 0.6024305555555556 0.6892361111111112 0.6003086419753086
1 0.8591579861111112 0.4810956790123457 0.8641493055555556 0.4809027777777778 0.8661024305555556 0.4841820987654321 0.8630642361111112 0.48842592592592593 0.8559027777777778 0.49016203703703703 0.8541666666666666 0.4878472222222222 0.8591579861111112 0.48128858024691357
1 0.7868923611111112 0.48649691358024694 0.7886284722222222 0.48823302469135804 0.7864583333333334 0.49710648148148145 0.7725694444444444 0.49614197530864196 0.7723524305555556 0.49324845679012347 0.7751736111111112 0.4878472222222222 0.7866753472222222 0.48649691358024694
1 0.4539930555555556 0.8283179012345679 0.016927083333333332 0.03356481481481482
1 0.5941840277777778 0.6168981481481481 0.6271701388888888 0.6195987654320988 0.6204427083333334 0.6242283950617284 0.6187065972222222 0.6344521604938271 0.6078559027777778 0.6338734567901234 0.6024305555555556 0.6404320987654321 0.599609375 0.6294367283950617 0.5868055555555556 0.6197916666666666 0.5874565972222222 0.6163194444444444 0.5939670138888888 0.6168981481481481
1 0.5865885416666666 0.6163194444444444 0.603515625 0.6184413580246914 0.6087239583333334 0.6300154320987654 0.6022135416666666 0.6402391975308642 0.6000434027777778 0.6304012345679012 0.5861545138888888 0.6195987654320988 0.5865885416666666 0.6165123456790124
1 0.7096354166666666 0.49421296296296297 0.7096354166666666 0.498070987654321 0.7065972222222222 0.4988425925925926 0.697265625 0.4957561728395062 0.6953125 0.48051697530864196 0.6996527777777778 0.47415123456790126 0.7029079861111112 0.47415123456790126 0.7055121527777778 0.47762345679012347 0.7065972222222222 0.49093364197530864 0.7094184027777778 0.49421296296296297
1 0.6872829861111112 0.47800925925925924 0.6905381944444444 0.4807098765432099 0.6918402777777778 0.498070987654321 0.6870659722222222 0.4988425925925926 0.6807725694444444 0.498070987654321 0.6799045138888888 0.49189814814814814 0.6812065972222222 0.4818672839506173 0.6870659722222222 0.47800925925925924
1 0.640625 0.4664351851851852 0.6451822916666666 0.470679012345679 0.6516927083333334 0.4876543209876543 0.6419270833333334 0.49074074074074076 0.6299913194444444 0.4774305555555556 0.6325954861111112 0.4704861111111111 0.6404079861111112 0.4664351851851852
1 0.6232638888888888 0.4737654320987654 0.6267361111111112 0.48148148148148145 0.623046875 0.49421296296296297 0.6197916666666666 0.49594907407407407 0.6167534722222222 0.49421296296296297 0.615234375 0.48032407407407407 0.6197916666666666 0.4737654320987654 0.623046875 0.4737654320987654
1 0.5887586805555556 0.4756944444444444 0.5989583333333334 0.47897376543209874 0.6004774305555556 0.4847608024691358 0.5911458333333334 0.48919753086419754 0.5835503472222222 0.49691358024691357 0.5794270833333334 0.49459876543209874 0.580078125 0.48148148148148145 0.583984375 0.47627314814814814 0.5885416666666666 0.4756944444444444
1 0.7141927083333334 0.38445216049382713 0.7252604166666666 0.3879243827160494 0.7263454861111112 0.39911265432098764 0.7241753472222222 0.41107253086419754 0.7170138888888888 0.4050925925925926 0.7115885416666666 0.40914351851851855 0.7063802083333334 0.4077932098765432 0.7057291666666666 0.3904320987654321 0.7139756944444444 0.38445216049382713
1 0.7135416666666666 0.38406635802469136 0.7250434027777778 0.38850308641975306 0.7239583333333334 0.41087962962962965 0.7170138888888888 0.40489969135802467 0.7122395833333334 0.4097222222222222 0.7061631944444444 0.4079861111111111 0.7052951388888888 0.390625 0.7133246527777778 0.38406635802469136
1 0.6026475694444444 0.4407793209876543 0.6085069444444444 0.44675925925925924 0.6082899305555556 0.4635416666666667 0.6061197916666666 0.4662422839506173 0.5987413194444444 0.46489197530864196 0.595703125 0.4677854938271605 0.591796875 0.44598765432098764 0.5950520833333334 0.44155092592592593 0.6024305555555556 0.4407793209876543
1 0.6766493055555556 0.38252314814814814 0.6875 0.3836805555555556 0.6950954861111112 0.3871527777777778 0.6927083333333334 0.3913966049382716 0.6831597222222222 0.3923611111111111 0.6790364583333334 0.39197530864197533 0.6731770833333334 0.3873456790123457 0.6727430555555556 0.3836805555555556 0.6764322916666666 0.38252314814814814
1 0.6484375 0.4058641975308642 0.66796875 0.4089506172839506 0.6684027777777778 0.41898148148148145 0.6647135416666666 0.4214891975308642 0.6577690972222222 0.4209104938271605 0.6521267361111112 0.42650462962962965 0.6434461805555556 0.42939814814814814 0.6404079861111112 0.43287037037037035 0.6315104166666666 0.42862654320987653 0.6299913194444444 0.408179012345679 0.6334635416666666 0.40625 0.6482204861111112 0.4058641975308642
1 0.6829427083333334 0.3900462962962963 0.6903211805555556 0.3956404320987654 0.6898871527777778 0.4002700617283951 0.6720920138888888 0.41165123456790126 0.6647135416666666 0.404320987654321 0.6573350694444444 0.404320987654321 0.6579861111111112 0.3948688271604938 0.6610243055555556 0.4020061728395062 0.6647135416666666 0.40412808641975306 0.6681857638888888 0.39988425925925924 0.6723090277777778 0.40065586419753085 0.6788194444444444 0.3902391975308642 0.6827256944444444 0.3900462962962963
1 0.6681857638888888 0.390625 0.6714409722222222 0.40007716049382713 0.6749131944444444 0.4010416666666667 0.67578125 0.4072145061728395 0.6684027777777778 0.41184413580246915 0.6506076388888888 0.404320987654321 0.6571180555555556 0.3908179012345679 0.66796875 0.390625
1 0.7007378472222222 0.3609182098765432 0.7096354166666666 0.3626543209876543 0.7063802083333334 0.37287808641975306 0.7033420138888888 0.3755787037037037 0.7000868055555556 0.3732638888888889 0.6959635416666666 0.3628472222222222 0.7005208333333334 0.3609182098765432
1 0.6516927083333334 0.38271604938271603 0.6579861111111112 0.390625 0.6558159722222222 0.40412808641975306 0.6514756944444444 0.4058641975308642 0.6473524305555556 0.4050925925925926 0.6438802083333334 0.40142746913580246 0.6373697916666666 0.390625 0.6419270833333334 0.3836805555555556 0.6514756944444444 0.38271604938271603
1 0.609375 0.3913966049382716 0.6128472222222222 0.3908179012345679 0.6197916666666666 0.3939043209876543 0.6234809027777778 0.4002700617283951 0.6184895833333334 0.4182098765432099 0.6085069444444444 0.4174382716049383 0.6037326388888888 0.40046296296296297 0.609375 0.3915895061728395
1 0.6490885416666666 0.3601466049382716 0.6634114583333334 0.36149691358024694 0.6614583333333334 0.3767361111111111 0.6545138888888888 0.36940586419753085 0.6475694444444444 0.3722993827160494 0.6432291666666666 0.36959876543209874 0.6391059027777778 0.3618827160493827 0.6488715277777778 0.3601466049382716
1 0.3665364583333333 0.9693287037037037 0.3739149305555556 0.9755015432098766 0.375 0.9810956790123457 0.3687065972222222 0.9945987654320988 0.3628472222222222 0.9969135802469136 0.3595920138888889 0.9782021604938271 0.3663194444444444 0.9693287037037037
1 0.4459635416666667 0.8140432098765432 0.4490017361111111 0.8173225308641975 0.4470486111111111 0.8346836419753086 0.4427083333333333 0.8412422839506173 0.4370659722222222 0.84375 0.4338107638888889 0.8420138888888888 0.4353298611111111 0.8211805555555556 0.4422743055555556 0.8142361111111112 0.4457465277777778 0.8140432098765432
1 0.3897569444444444 0.8429783950617284 0.4001736111111111 0.8445216049382716 0.3962673611111111 0.8518518518518519 0.3997395833333333 0.859375 0.390625 0.8559027777777778 0.3860677083333333 0.8454861111111112 0.3871527777777778 0.8429783950617284 0.3895399305555556 0.8429783950617284
1 0.4741753472222222 0.47800925925925924 0.4772135416666667 0.47974537037037035 0.4793836805555556 0.4870756172839506 0.4776475694444444 0.498070987654321 0.4741753472222222 0.5 0.4702690972222222 0.4982638888888889 0.4683159722222222 0.48823302469135804 0.4694010416666667 0.4807098765432099 0.4739583333333333 0.47800925925925924
1 0.640625 0.3599537037037037 0.6529947916666666 0.36226851851851855 0.6512586805555556 0.36959876543209874 0.6475694444444444 0.3724922839506173 0.6440972222222222 0.37094907407407407 0.6380208333333334 0.3626543209876543 0.6404079861111112 0.3601466049382716
1 0.5572916666666666 0.37885802469135804 0.5631510416666666 0.3836805555555556 0.5655381944444444 0.3902391975308642 0.5601128472222222 0.404320987654321 0.5559895833333334 0.4056712962962963 0.5525173611111112 0.40084876543209874 0.5540364583333334 0.3836805555555556 0.5570746527777778 0.37905092592592593
1 0.5572916666666666 0.37962962962962965 0.5625 0.3836805555555556 0.5646701388888888 0.3894675925925926 0.5583767361111112 0.4050925925925926 0.5538194444444444 0.4045138888888889 0.5503472222222222 0.40046296296296297 0.5431857638888888 0.40489969135802467 0.5388454861111112 0.4012345679012346 0.5434027777777778 0.3861882716049383 0.5570746527777778 0.37982253086419754
1 0.6158854166666666 0.33699845679012347 0.6232638888888888 0.34510030864197533 0.626953125 0.36246141975308643 0.6236979166666666 0.36496913580246915 0.6158854166666666 0.36072530864197533 0.6102430555555556 0.34857253086419754 0.6102430555555556 0.34085648148148145 0.6128472222222222 0.33699845679012347 0.6156684027777778 0.33699845679012347
1 0.6056857638888888 0.33564814814814814 0.6085069444444444 0.3385416666666667 0.6065538194444444 0.3474151234567901 0.599609375 0.35628858024691357 0.5954861111111112 0.3582175925925926 0.5896267361111112 0.3560956790123457 0.5915798611111112 0.3420138888888889 0.5987413194444444 0.33661265432098764 0.60546875 0.33564814814814814
1 0.7762586805555556 0.19695216049382716 0.7862413194444444 0.2056327160493827 0.7884114583333334 0.2185570987654321 0.7934027777777778 0.22376543209876543 0.7834201388888888 0.22511574074074073 0.76953125 0.20679012345679013 0.7699652777777778 0.203125 0.7760416666666666 0.19695216049382716
1 0.4357638888888889 0.9762731481481481 0.4424913194444444 0.9807098765432098 0.4568142361111111 0.9807098765432098 0.4565972222222222 0.9899691358024691 0.4500868055555556 0.9998070987654321 0.4342447916666667 0.9998070987654321 0.4296875 0.9839891975308642 0.435546875 0.9764660493827161
1 0.3598090277777778 0.8834876543209876 0.3645833333333333 0.8869598765432098 0.3648003472222222 0.8942901234567902 0.3628472222222222 0.8964120370370371 0.3487413194444444 0.8942901234567902 0.3454861111111111 0.8871527777777778 0.3472222222222222 0.8848379629629629 0.3595920138888889 0.8834876543209876
1 0.328125 0.8757716049382716 0.3344184027777778 0.8767361111111112 0.3383246527777778 0.8697916666666666 0.33984375 0.8784722222222222 0.345703125 0.8842592592592593 0.3628472222222222 0.8852237654320988 0.3628472222222222 0.8958333333333334 0.345703125 0.8935185185185185 0.3385416666666667 0.8954475308641975 0.3365885416666667 0.8883101851851852 0.3257378472222222 0.8767361111111112 0.3279079861111111 0.8757716049382716
1 0.3383246527777778 0.8697916666666666 0.33984375 0.8786651234567902 0.3465711805555556 0.8869598765432098 0.3461371527777778 0.8929398148148148 0.3385416666666667 0.8956404320987654 0.3365885416666667 0.888695987654321 0.3255208333333333 0.8767361111111112 0.3342013888888889 0.8765432098765432 0.3381076388888889 0.8699845679012346
1 0.2795138888888889 0.8817515432098766 0.2864583333333333 0.8858024691358025 0.2916666666666667 0.8937114197530864 0.2899305555555556 0.8977623456790124 0.2836371527777778 0.8958333333333334 0.2795138888888889 0.8981481481481481 0.2760416666666667 0.8967978395061729 0.2747395833333333 0.8933256172839507 0.279296875 0.8871527777777778 0.2795138888888889 0.8819444444444444
1 0.4769965277777778 0.4774305555555556 0.4806857638888889 0.4712577160493827 0.484375 0.47010030864197533 0.4880642361111111 0.47685185185185186 0.4854600694444444 0.48919753086419754 0.4806857638888889 0.48996913580246915 0.4772135416666667 0.47762345679012347
1 0.578125 0.38387345679012347 0.5850694444444444 0.3879243827160494 0.5872395833333334 0.3939043209876543 0.5870225694444444 0.4054783950617284 0.5785590277777778 0.41338734567901236 0.5694444444444444 0.40142746913580246 0.5668402777777778 0.3940972222222222 0.5705295138888888 0.3883101851851852 0.5779079861111112 0.38387345679012347
1 0.4114583333333333 0.4106867283950617 0.4236111111111111 0.41898148148148145 0.421875 0.4214891975308642 0.4173177083333333 0.4203317901234568 0.4147135416666667 0.4253472222222222 0.4105902777777778 0.42573302469135804 0.4071180555555556 0.42496141975308643 0.404296875 0.4112654320987654 0.4112413194444444 0.4106867283950617
1 0.5870225694444444 0.2966820987654321 0.591796875 0.3109567901234568 0.5885416666666666 0.3107638888888889 0.58203125 0.30401234567901236 0.5748697916666666 0.3082561728395062 0.5707465277777778 0.3072916666666667 0.5753038194444444 0.296875 0.5868055555555556 0.2966820987654321
1 0.4572482638888889 0.267554012345679 0.4609375 0.2689043209876543 0.4609375 0.27642746913580246 0.4496527777777778 0.2945601851851852 0.4446614583333333 0.28973765432098764 0.4466145833333333 0.27237654320987653 0.4483506944444444 0.2698688271604938 0.45703125 0.267554012345679
1 0.4461805555555556 0.2683256172839506 0.4479166666666667 0.27121913580246915 0.4468315972222222 0.28858024691358025 0.4427083333333333 0.2945601851851852 0.4342447916666667 0.27372685185185186 0.4392361111111111 0.2640817901234568 0.4424913194444444 0.2640817901234568 0.4459635416666667 0.2683256172839506
1 0.2701822916666667 0.8917824074074074 0.2747395833333333 0.894483024691358 0.2779947916666667 0.9010416666666666 0.2803819444444444 0.9149305555555556 0.2769097222222222 0.9164737654320988 0.2699652777777778 0.9147376543209876 0.2638888888888889 0.9047067901234568 0.263671875 0.8973765432098766 0.2699652777777778 0.8917824074074074
1 0.3213975694444444 0.4722222222222222 0.3287760416666667 0.4756944444444444 0.330078125 0.484375 0.3263888888888889 0.4949845679012346 0.3142361111111111 0.4967206790123457 0.3120659722222222 0.49286265432098764 0.3127170138888889 0.48128858024691357 0.3170572916666667 0.47415123456790126 0.3211805555555556 0.4722222222222222
1 0.3248697916666667 0.34239969135802467 0.3283420138888889 0.34375 0.3309461805555556 0.3487654320987654 0.3309461805555556 0.3628472222222222 0.3289930555555556 0.3663194444444444 0.3211805555555556 0.36496913580246915 0.3187934027777778 0.3559027777777778 0.3200954861111111 0.3452932098765432 0.3246527777777778 0.34239969135802467
1 0.373046875 0.26003086419753085 0.3776041666666667 0.2654320987654321 0.3782552083333333 0.27237654320987653 0.3728298611111111 0.2835648148148148 0.3669704861111111 0.28665123456790126 0.3637152777777778 0.26851851851851855 0.3695746527777778 0.26003086419753085 0.3728298611111111 0.26003086419753085
1 0.2725694444444444 0.8042052469135802 0.2825520833333333 0.8092206790123457 0.2873263888888889 0.8173225308641975 0.287109375 0.8225308641975309 0.2762586805555556 0.8383487654320988 0.2693142361111111 0.8329475308641975 0.2621527777777778 0.8352623456790124 0.2584635416666667 0.8348765432098766 0.2575954861111111 0.8321759259259259 0.2632378472222222 0.8179012345679012 0.2723524305555556 0.8043981481481481
1 0.6195746527777778 0.18422067901234568 0.626953125 0.19656635802469136 0.623046875 0.20119598765432098 0.6169704861111112 0.2023533950617284 0.609375 0.2021604938271605 0.6061197916666666 0.1996527777777778 0.60546875 0.19560185185185186 0.6089409722222222 0.19039351851851852 0.6193576388888888 0.18422067901234568
1 0.6193576388888888 0.18132716049382716 0.6232638888888888 0.19309413580246915 0.6095920138888888 0.19212962962962962 0.5989583333333334 0.2010030864197531 0.5944010416666666 0.18942901234567902 0.5815972222222222 0.18460648148148148 0.619140625 0.18132716049382716
1 0.3661024305555556 0.17033179012345678 0.3682725694444444 0.1743827160493827 0.3663194444444444 0.18306327160493827 0.3522135416666667 0.18074845679012347 0.3485243055555556 0.17573302469135801 0.3491753472222222 0.1714891975308642 0.3658854166666667 0.17033179012345678
1 0.341796875 0.1572145061728395 0.3439670138888889 0.16705246913580246 0.3517795138888889 0.17476851851851852 0.3541666666666667 0.18229166666666666 0.3528645833333333 0.18479938271604937 0.341796875 0.18344907407407407 0.3370225694444444 0.1739969135802469 0.3279079861111111 0.16493055555555555 0.328125 0.16280864197530864 0.3355034722222222 0.16435185185185186 0.3385416666666667 0.1574074074074074 0.3415798611111111 0.1572145061728395
1 0.2183159722222222 0.8819444444444444 0.22135416666666666 0.8836805555555556 0.22395833333333334 0.8913966049382716 0.21354166666666666 0.9074074074074074 0.20833333333333334 0.904320987654321 0.2087673611111111 0.9000771604938271 0.21158854166666666 0.8871527777777778 0.21809895833333334 0.8819444444444444
1 0.185546875 0.9604552469135802 0.1916232638888889 0.9670138888888888 0.19205729166666666 0.970679012345679 0.1890190972222222 0.9791666666666666 0.1820746527777778 0.9874614197530864 0.1781684027777778 0.9859182098765432 0.17708333333333334 0.9702932098765432 0.18229166666666666 0.9608410493827161 0.1853298611111111 0.9604552469135802
1 0.203125 0.8815586419753086 0.2065972222222222 0.8809799382716049 0.21223958333333334 0.8869598765432098 0.2085503472222222 0.9039351851851852 0.2029079861111111 0.9048996913580247 0.19835069444444445 0.8902391975308642 0.203125 0.8817515432098766
1 0.16927083333333334 0.8802083333333334 0.181640625 0.8832947530864198 0.19444444444444445 0.890625 0.1857638888888889 0.8987268518518519 0.16471354166666666 0.8912037037037037 0.15147569444444445 0.9014274691358025 0.14735243055555555 0.9012345679012346 0.14583333333333334 0.8979552469135802 0.14973958333333334 0.8894675925925926 0.15733506944444445 0.8823302469135802 0.16905381944444445 0.8802083333333334
1 0.1892361111111111 0.2611882716049383 0.19401041666666666 0.265625 0.19466145833333334 0.27295524691358025 0.1896701388888889 0.28433641975308643 0.1831597222222222 0.28973765432098764 0.1801215277777778 0.28684413580246915 0.1796875 0.2725694444444444 0.18250868055555555 0.2650462962962963 0.1857638888888889 0.2613811728395062 0.1890190972222222 0.2611882716049383
1 0.341796875 0.1570216049382716 0.3435329861111111 0.16589506172839505 0.3485243055555556 0.17033179012345678 0.3674045138888889 0.1716820987654321 0.3667534722222222 0.18209876543209877 0.3572048611111111 0.18190586419753085 0.3556857638888889 0.19077932098765432 0.3500434027777778 0.1888503086419753 0.3472222222222222 0.18479938271604937 0.341796875 0.18383487654320987 0.3370225694444444 0.17380401234567902 0.3279079861111111 0.16493055555555555 0.328125 0.16203703703703703 0.3355034722222222 0.16415895061728394 0.3385416666666667 0.1572145061728395 0.3415798611111111 0.1570216049382716
1 0.2725694444444444 0.18171296296296297 0.2795138888888889 0.1875 0.2827690972222222 0.2023533950617284 0.2814670138888889 0.2056327160493827 0.2764756944444444 0.2065972222222222 0.2725694444444444 0.20601851851851852 0.2658420138888889 0.19309413580246915 0.2684461805555556 0.18325617283950618 0.2723524305555556 0.18171296296296297
1 0.2827690972222222 0.1705246913580247 0.2864583333333333 0.171875 0.2944878472222222 0.18229166666666666 0.2931857638888889 0.18595679012345678 0.279296875 0.1871141975308642 0.2777777777777778 0.18190586419753085 0.2827690972222222 0.1707175925925926
1 0.220703125 0.17611882716049382 0.22395833333333334 0.17824074074074073 0.2261284722222222 0.1857638888888889 0.2170138888888889 0.20081018518518517 0.2144097222222222 0.2013888888888889 0.2107204861111111 0.19945987654320987 0.21006944444444445 0.19502314814814814 0.21354166666666666 0.18229166666666666 0.2204861111111111 0.17611882716049382
1 0.2211371527777778 0.17669753086419754 0.2241753472222222 0.17920524691358025 0.22591145833333334 0.18557098765432098 0.216796875 0.20081018518518517 0.2144097222222222 0.20119598765432098 0.203125 0.19907407407407407 0.19986979166666666 0.18557098765432098 0.20638020833333334 0.17631172839506173 0.2133246527777778 0.18036265432098766 0.2209201388888889 0.17669753086419754
1 0.11631944444444445 0.9608410493827161 0.1208767361111111 0.9635416666666666 0.12565104166666666 0.9724151234567902 0.1312934027777778 0.9774305555555556 0.12434895833333333 0.9787808641975309 0.11957465277777778 0.9832175925925926 0.11458333333333333 0.9809027777777778 0.11219618055555555 0.9699074074074074 0.11241319444444445 0.9627700617283951 0.11610243055555555 0.9608410493827161
1 0.13216145833333334 0.8692129629629629 0.13932291666666666 0.8744212962962963 0.15625 0.8800154320987654 0.14344618055555555 0.8993055555555556 0.1369357638888889 0.9029706790123457 0.13216145833333334 0.9010416666666666 0.13541666666666666 0.8827160493827161 0.1273871527777778 0.8699845679012346 0.12955729166666666 0.8674768518518519 0.13194444444444445 0.8692129629629629
1 0.126953125 0.8759645061728395 0.13172743055555555 0.8800154320987654 0.130859375 0.8913966049382716 0.12369791666666667 0.8983410493827161 0.1130642361111111 0.9004629629629629 0.1076388888888889 0.8975694444444444 0.10828993055555555 0.8836805555555556 0.1193576388888889 0.8763503086419753 0.1267361111111111 0.8759645061728395
1 0.10655381944444445 0.8290895061728395 0.11241319444444445 0.8315972222222222 0.1115451388888889 0.8348765432098766 0.107421875 0.8352623456790124 0.10308159722222222 0.8346836419753086 0.10091145833333333 0.8314043209876543 0.10221354166666667 0.8290895061728395 0.10633680555555555 0.8290895061728395
1 0.12630208333333334 0.8777006172839507 0.1304253472222222 0.8800154320987654 0.130859375 0.8908179012345679 0.1284722222222222 0.8942901234567902 0.11284722222222222 0.9020061728395061 0.09852430555555555 0.9020061728395061 0.08506944444444445 0.9064429012345679 0.08441840277777778 0.8958333333333334 0.09049479166666667 0.8782793209876543 0.11002604166666667 0.8829089506172839 0.12608506944444445 0.8777006172839507
1 0.20768229166666666 0.17611882716049382 0.21202256944444445 0.17881944444444445 0.21397569444444445 0.1861496913580247 0.2092013888888889 0.19888117283950618 0.2065972222222222 0.2006172839506173 0.2029079861111111 0.19945987654320987 0.1996527777777778 0.1853780864197531 0.2033420138888889 0.17804783950617284 0.2074652777777778 0.17611882716049382
1 0.1716579861111111 0.17843364197530864 0.1931423611111111 0.18479938271604937 0.189453125 0.19483024691358025 0.1857638888888889 0.19560185185185186 0.1779513888888889 0.19116512345679013 0.16536458333333334 0.19039351851851852 0.1564670138888889 0.1996527777777778 0.15169270833333334 0.20081018518518517 0.1462673611111111 0.19926697530864199 0.1521267361111111 0.1871141975308642 0.15885416666666666 0.18074845679012347 0.1714409722222222 0.17843364197530864
1 0.07183159722222222 0.8279320987654321 0.08094618055555555 0.8314043209876543 0.08072916666666667 0.8487654320987654 0.078125 0.8584104938271605 0.0744357638888889 0.8620756172839507 0.06966145833333333 0.8591820987654321 0.068359375 0.8454861111111112 0.059027777777777776 0.8383487654320988 0.06163194444444445 0.8275462962962963 0.07161458333333333 0.8279320987654321
1 0.1312934027777778 0.16956018518518517 0.13997395833333334 0.17457561728395063 0.15907118055555555 0.17939814814814814 0.15950520833333334 0.18209876543209877 0.14973958333333334 0.19598765432098766 0.15494791666666666 0.19945987654320987 0.14908854166666666 0.1996527777777778 0.14756944444444445 0.19791666666666666 0.13736979166666666 0.2037037037037037 0.1343315972222222 0.2013888888888889 0.134765625 0.18287037037037038 0.12369791666666667 0.17881944444444445 0.12782118055555555 0.17727623456790123 0.12825520833333334 0.1707175925925926 0.1310763888888889 0.16956018518518517
1 0.1306423611111111 0.1705246913580247 0.1423611111111111 0.1753472222222222 0.1423611111111111 0.17746913580246915 0.1330295138888889 0.18479938271604937 0.134765625 0.19270833333333334 0.1328125 0.19483024691358025 0.1252170138888889 0.2006172839506173 0.11610243055555555 0.2033179012345679 0.10590277777777778 0.2029320987654321 0.10633680555555555 0.19598765432098766 0.10894097222222222 0.19270833333333334 0.10655381944444445 0.18904320987654322 0.11957465277777778 0.17901234567901234 0.12955729166666666 0.17573302469135801 0.1304253472222222 0.1705246913580247
1 0.1284722222222222 0.17901234567901234 0.13194444444444445 0.18229166666666666 0.13216145833333334 0.19270833333333334 0.13020833333333334 0.19598765432098766 0.123046875 0.20081018518518517 0.09852430555555555 0.20756172839506173 0.08832465277777778 0.21277006172839505 0.08485243055555555 0.21180555555555555 0.08485243055555555 0.20505401234567902 0.09092881944444445 0.1849922839506173 0.1095920138888889 0.1861496913580247 0.11979166666666667 0.18036265432098766 0.12825520833333334 0.17901234567901234
1 0.7981770833333334 0 0.8036024305555556 0 0.810546875 0.008487654320987654 0.8120659722222222 0.015432098765432098 0.8111979166666666 0.022376543209876542 0.8072916666666666 0.025848765432098766 0.8025173611111112 0.025655864197530864 0.7938368055555556 0.012152777777777778 0.7936197916666666 0.005208333333333333 0.7981770833333334 0.00019290123456790122
1 0.3934461805555556 0.125 0.4029947916666667 0.1263503086419753 0.3986545138888889 0.13290895061728394 0.4038628472222222 0.1404320987654321 0.4012586805555556 0.1431327160493827 0.3921440972222222 0.13657407407407407 0.3878038194444444 0.1263503086419753 0.3932291666666667 0.125
1 0.4583333333333333 0.0920138888888889 0.4644097222222222 0.10609567901234568 0.4529079861111111 0.12422839506172839 0.4494357638888889 0.12210648148148148 0.4474826388888889 0.11246141975308642 0.4509548611111111 0.09529320987654322 0.4581163194444444 0.0920138888888889
1 0.4505208333333333 0.09471450617283951 0.4524739583333333 0.09895833333333333 0.4485677083333333 0.11631944444444445 0.4401041666666667 0.12384259259259259 0.4359809027777778 0.12307098765432099 0.4375 0.10243055555555555 0.4427083333333333 0.09606481481481481 0.4503038194444444 0.09471450617283951
1 0.2762586805555556 0.09182098765432099 0.28515625 0.09780092592592593 0.2890625 0.10667438271604938 0.2760416666666667 0.1253858024691358 0.2723524305555556 0.12152777777777778 0.2651909722222222 0.12287808641975309 0.2578125 0.11979166666666667 0.2706163194444444 0.0933641975308642 0.2760416666666667 0.09182098765432099
1 0.7686631944444444 0 0.7940538194444444 0 0.7955729166666666 0.004629629629629629 0.7938368055555556 0.015432098765432098 0.7875434027777778 0.01871141975308642 0.7862413194444444 0.022569444444444444 0.7827690972222222 0.022376543209876542 0.7684461805555556 0.008873456790123456 0.7669270833333334 0.004822530864197531 0.7686631944444444 0.00019290123456790122
1 0.7109375 0 0.7267795138888888 0 0.7341579861111112 0.005015432098765432 0.734375 0.007716049382716049 0.7189670138888888 0.009645061728395061 0.7109375 0.00019290123456790122
1 0.14756944444444445 0.12982253086419754 0.14713541666666666 0.13368055555555555 0.1382378472222222 0.1381172839506173 0.13389756944444445 0.14544753086419754 0.12217881944444445 0.13676697530864199 0.12152777777777778 0.13368055555555555 0.1267361111111111 0.13020833333333334 0.14735243055555555 0.12982253086419754
1 0.11024305555555555 0.13078703703703703 0.11241319444444445 0.13387345679012347 0.10590277777777778 0.13734567901234568 0.10221354166666667 0.13695987654320987 0.10026041666666667 0.13271604938271606 0.11002604166666667 0.13078703703703703
1 0.6896701388888888 0 0.7265625 0 0.7337239583333334 0.005015432098765432 0.734375 0.008487654320987654 0.7274305555555556 0.007716049382716049 0.7202690972222222 0.010030864197530864 0.7120225694444444 0.003279320987654321 0.7029079861111112 0.0021219135802469135 0.6920572916666666 0.008873456790123456 0.6892361111111112 0.006944444444444444 0.6896701388888888 0.00019290123456790122
1 0.6892361111111112 0 0.7000868055555556 0 0.6927083333333334 0.008873456790123456 0.6892361111111112 0.0073302469135802465 0.6892361111111112 0.00019290123456790122
1 0.06488715277777778 0.13290895061728394 0.08355034722222222 0.13368055555555555 0.08072916666666667 0.14390432098765432 0.08116319444444445 0.1545138888888889 0.078125 0.16570216049382716 0.07486979166666667 0.1684027777777778 0.06966145833333333 0.16493055555555555 0.0685763888888889 0.15200617283950618 0.05881076388888889 0.14525462962962962 0.059244791666666664 0.13638117283950618 0.0646701388888889 0.13290895061728394
1 0.517578125 0.5927854938271605 0.5171440972222222 0.5960648148148148 0.5186631944444444 0.5991512345679012 0.521484375 0.6022376543209876 0.5223524305555556 0.6095679012345679 0.5247395833333334 0.6111111111111112 0.52734375 0.6114969135802469 0.529296875 0.611304012345679 0.5308159722222222 0.6095679012345679 0.5308159722222222 0.6044697145061728 0.5347222222222222 0.6045524691358025 0.5360243055555556 0.609375 0.5401475694444444 0.6099537037037037 0.54296875 0.6087962962962963 0.5457899305555556 0.6008873456790124 0.5575086805555556 0.591820987654321 0.5536024305555556 0.5906635802469136 0.5494791666666666 0.5908564814814815 0.5466579861111112 0.5896990740740741 0.5412326388888888 0.5833333333333334 0.5362413194444444 0.5814043209876543 0.5243055555555556 0.5848765432098766
1 0.556640625 0.4722222222222222 0.556640625 0.4774305555555556 0.5588107638888888 0.4878472222222222 0.5603298611111112 0.48900462962962965 0.5640190972222222 0.48900462962962965 0.5659722222222222 0.4878472222222222 0.5668402777777778 0.4853395061728395 0.5677083333333334 0.47588734567901236 0.5668402777777778 0.470679012345679 0.5642361111111112 0.4679783950617284 0.560546875 0.4679783950617284 0.5570746527777778 0.4704861111111111
1 0.73046875 0.6385030864197531 0.7306857638888888 0.6415895061728395 0.7348090277777778 0.6415895061728395 0.7419704861111112 0.6371527777777778 0.7421875 0.6336805555555556 0.740234375 0.6332947530864198 0.734375 0.6342592592592593 0.7313368055555556 0.6361882716049383
1 0.6373697916666666 0.6188271604938271 0.6354166666666666 0.6197916666666666 0.6397569444444444 0.6217206790123457 0.6440972222222222 0.6261574074074074 0.6469184027777778 0.6240354938271605 0.6473524305555556 0.6205632716049383 0.6462673611111112 0.6188271604938271 0.6443142361111112 0.6180555555555556
1 0.12261284722222222 0.8344907407407407 0.12217881944444445 0.8360339506172839 0.12391493055555555 0.8387345679012346 0.1271701388888889 0.8406635802469136 0.13346354166666666 0.8466435185185185 0.1382378472222222 0.8439429012345679 0.1401909722222222 0.839891975308642 0.1447482638888889 0.8379629629629629 0.14735243055555555 0.8377700617283951 0.1488715277777778 0.8354552469135802 0.14735243055555555 0.8315972222222222 0.13389756944444445 0.8306327160493827 0.1267361111111111 0.8315972222222222
1 0.11480034722222222 0.26871141975308643 0.11480034722222222 0.27642746913580246 0.1171875 0.28703703703703703 0.11805555555555555 0.28973765432098764 0.11957465277777778 0.29128086419753085 0.12239583333333333 0.29224537037037035 0.1232638888888889 0.2934027777777778 0.12434895833333333 0.2932098765432099 0.1254340277777778 0.29128086419753085 0.1254340277777778 0.2871141975308642 0.126953125 0.28510802469135804 0.12999131944444445 0.2856867283950617 0.13346354166666666 0.28858024691358025 0.1369357638888889 0.28703703703703703 0.1371527777777778 0.2862654320987654 0.1343315972222222 0.2827932098765432 0.13172743055555555 0.2814429012345679 0.12803819444444445 0.2770061728395062 0.123046875 0.26967592592592593 0.11957465277777778 0.2671682098765432 0.11631944444444445 0.2665895061728395