1 0.7730034722222222 0.9085648148148148 0.7808159722222222 0.9145447530864198 0.7845052083333334 0.9288194444444444 0.7899305555555556 0.9357638888888888 0.7788628472222222 0.935570987654321 0.7677951388888888 0.921875 0.7662760416666666 0.9149305555555556 0.7688802083333334 0.910108024691358 0.7727864583333334 0.9085648148148148
1 0.7990451388888888 0.7156635802469136 0.806640625 0.7208719135802469 0.8083767361111112 0.7336033950617284 0.8075086805555556 0.7376543209876543 0.8003472222222222 0.7409336419753086 0.7925347222222222 0.7316743827160493 0.7897135416666666 0.7237654320987654 0.79296875 0.714891975308642 0.7966579861111112 0.7135416666666666 0.798828125 0.7156635802469136
1 0.7907986111111112 0.7085262345679012 0.7942708333333334 0.7098765432098766 0.7957899305555556 0.7135416666666666 0.7916666666666666 0.7199074074074074 0.7905815972222222 0.7341820987654321 0.7875434027777778 0.7351466049382716 0.7829861111111112 0.7351466049382716 0.7758246527777778 0.716820987654321 0.7905815972222222 0.7085262345679012
1 0.7727864583333334 0.7106481481481481 0.7771267361111112 0.7135416666666666 0.7836371527777778 0.7278163580246914 0.7827690972222222 0.7395833333333334 0.7725694444444444 0.734375 0.763671875 0.7237654320987654 0.7645399305555556 0.7170138888888888 0.7725694444444444 0.7106481481481481
1 0.7903645833333334 0.7085262345679012 0.7938368055555556 0.7094907407407407 0.8072916666666666 0.7224151234567902 0.8077256944444444 0.7374614197530864 0.8003472222222222 0.7409336419753086 0.7931857638888888 0.7320601851851852 0.7847222222222222 0.7355324074074074 0.7829861111111112 0.7388117283950617 0.7784288194444444 0.7376543209876543 0.7641059027777778 0.7235725308641975 0.7651909722222222 0.716820987654321 0.7723524305555556 0.7108410493827161 0.7797309027777778 0.7145061728395061 0.7901475694444444 0.7085262345679012
1 0.6158854166666666 0.8991126543209876 0.6195746527777778 0.9106867283950617 0.6059027777777778 0.9097222222222222 0.5954861111111112 0.9184027777777778 0.5915798611111112 0.9072145061728395 0.5776909722222222 0.9010416666666666 0.6156684027777778 0.8991126543209876
1 0.7068142361111112 0.703125 0.7163628472222222 0.7102623456790124 0.7213541666666666 0.7195216049382716 0.7311197916666666 0.7237654320987654 0.7176649305555556 0.7282021604938271 0.7007378472222222 0.7135416666666666 0.7000868055555556 0.7065972222222222 0.703125 0.7033179012345679 0.7065972222222222 0.703125
1 0.6942274305555556 0.7058256172839507 0.6994357638888888 0.7091049382716049 0.7009548611111112 0.7137345679012346 0.6896701388888888 0.7272376543209876 0.6861979166666666 0.7260802469135802 0.6866319444444444 0.7204861111111112 0.6825086805555556 0.7127700617283951 0.6859809027777778 0.7077546296296297 0.6940104166666666 0.7058256172839507
1 0.8599175347222222 0.4855324074074074 0.011067708333333334 0.009259259259259259
1 0.7868923611111112 0.4868827160493827 0.7862413194444444 0.4974922839506173 0.7730034722222222 0.49614197530864196 0.7723524305555556 0.4940200617283951 0.7760416666666666 0.4876543209876543 0.7866753472222222 0.4868827160493827
1 0.5868055555555556 0.6163194444444444 0.6245659722222222 0.6195987654320988 0.6176215277777778 0.6259645061728395 0.6171875 0.6363811728395061 0.6091579861111112 0.6344521604938271 0.6022135416666666 0.640625 0.5978732638888888 0.628858024691358 0.5872395833333334 0.6195987654320988 0.5868055555555556 0.6165123456790124
1 0.7000868055555556 0.47415123456790126 0.705078125 0.47723765432098764 0.70703125 0.48977623456790126 0.7107204861111112 0.49459876543209874 0.7068142361111112 0.4990354938271605 0.697265625 0.498070987654321 0.6940104166666666 0.4949845679012346 0.6974826388888888 0.49170524691358025 0.6955295138888888 0.4801311728395062 0.6998697916666666 0.47415123456790126
1 0.6879340277777778 0.47800925925925924 0.6911892361111112 0.4839891975308642 0.6898871527777778 0.4949845679012346 0.6881510416666666 0.498070987654321 0.6822916666666666 0.4988425925925926 0.6801215277777778 0.49517746913580246 0.6801215277777778 0.4841820987654321 0.6831597222222222 0.4793595679012346 0.6877170138888888 0.47800925925925924
1 0.6404079861111112 0.4660493827160494 0.6467013888888888 0.4739583333333333 0.6493055555555556 0.4859182098765432 0.640625 0.49074074074074076 0.6297743055555556 0.4774305555555556 0.6312934027777778 0.4720293209876543 0.6401909722222222 0.4662422839506173
1 0.6209852430555556 0.4849537037037037 0.011935763888888888 0.022376543209876542
1 0.4357638888888889 0.9764660493827161 0.4429253472222222 0.9814814814814815 0.4568142361111111 0.9809027777777778 0.4565972222222222 0.9899691358024691 0.4498697916666667 0.9998070987654321 0.4344618055555556 0.9998070987654321 0.4294704861111111 0.984375 0.435546875 0.9766589506172839
1 0.3869357638888889 0.8429783950617284 0.3997395833333333 0.8443287037037037 0.3960503472222222 0.8522376543209876 0.4008246527777778 0.8591820987654321 0.3967013888888889 0.859375 0.3912760416666667 0.8553240740740741 0.3860677083333333 0.8454861111111112 0.3869357638888889 0.8431712962962963
1 0.3626302083333333 0.8836805555555556 0.3648003472222222 0.8929398148148148 0.3630642361111111 0.8964120370370371 0.3489583333333333 0.8942901234567902 0.345703125 0.8873456790123457 0.3478732638888889 0.8850308641975309 0.3624131944444444 0.8836805555555556
1 0.5887586805555556 0.47588734567901236 0.5989583333333334 0.47897376543209874 0.6002604166666666 0.484375 0.5826822916666666 0.49710648148148145 0.5792100694444444 0.49459876543209874 0.580078125 0.48128858024691357 0.5842013888888888 0.47627314814814814 0.5885416666666666 0.47588734567901236
1 0.7139756944444444 0.38445216049382713 0.7250434027777778 0.38753858024691357 0.7261284722222222 0.39949845679012347 0.7239583333333334 0.41107253086419754 0.7172309027777778 0.4047067901234568 0.7109375 0.4095293209876543 0.7061631944444444 0.4077932098765432 0.7057291666666666 0.3902391975308642 0.7137586805555556 0.38445216049382713
1 0.7139756944444444 0.38483796296296297 0.7165798611111112 0.3869598765432099 0.7152777777777778 0.40142746913580246 0.7102864583333334 0.41030092592592593 0.705078125 0.4074074074074074 0.7044270833333334 0.3900462962962963 0.7137586805555556 0.38483796296296297
1 0.5622829861111112 0.4782986111111111 0.011284722222222222 0.02179783950617284
1 0.6028645833333334 0.4409722222222222 0.6085069444444444 0.44598765432098764 0.6080729166666666 0.4643132716049383 0.6061197916666666 0.46662808641975306 0.5989583333333334 0.46489197530864196 0.5954861111111112 0.4681712962962963 0.591796875 0.44637345679012347 0.5954861111111112 0.4411651234567901 0.6026475694444444 0.4409722222222222
1 0.6753472222222222 0.38233024691358025 0.6892361111111112 0.38425925925925924 0.6946614583333334 0.3869598765432099 0.6940104166666666 0.390625 0.6790364583333334 0.3915895061728395 0.6729600694444444 0.3871527777777778 0.6727430555555556 0.3836805555555556 0.6751302083333334 0.38252314814814814
1 0.6825086805555556 0.3904320987654321 0.6905381944444444 0.39641203703703703 0.6898871527777778 0.40084876543209874 0.6720920138888888 0.41184413580246915 0.6627604166666666 0.40412808641975306 0.6681857638888888 0.39853395061728397 0.6716579861111112 0.4010416666666667 0.6783854166666666 0.3915895061728395 0.6822916666666666 0.3904320987654321
1 0.6343315972222222 0.40625 0.6545138888888888 0.4058641975308642 0.6690538194444444 0.41107253086419754 0.6681857638888888 0.4201388888888889 0.6553819444444444 0.421875 0.6510416666666666 0.42727623456790126 0.640625 0.43267746913580246 0.6310763888888888 0.42843364197530864 0.6295572916666666 0.4106867283950617 0.6299913194444444 0.4077932098765432 0.6341145833333334 0.40625
1 0.6555989583333334 0.4060570987654321 0.6684027777777778 0.4097222222222222 0.6684027777777778 0.4195601851851852 0.6555989583333334 0.4216820987654321 0.6512586805555556 0.4270833333333333 0.6438802083333334 0.42939814814814814 0.640625 0.43267746913580246 0.6312934027777778 0.4288194444444444 0.6299913194444444 0.4079861111111111 0.6332465277777778 0.40625 0.6553819444444444 0.4060570987654321
1 0.6545138888888888 0.4050925925925926 0.6681857638888888 0.4095293209876543 0.6684027777777778 0.41975308641975306 0.6564670138888888 0.4214891975308642 0.6512586805555556 0.42727623456790126 0.640625 0.43267746913580246 0.6310763888888888 0.4288194444444444 0.6299913194444444 0.4077932098765432 0.6334635416666666 0.4060570987654321 0.654296875 0.4050925925925926
1 0.6640625 0.3902391975308642 0.6684027777777778 0.3923611111111111 0.67578125 0.4074074074074074 0.671875 0.4114583333333333 0.6506076388888888 0.4045138888888889 0.6569010416666666 0.39197530864197533 0.6638454861111112 0.3902391975308642
1 0.7065972222222222 0.361304012345679 0.7096354166666666 0.3628472222222222 0.7063802083333334 0.3732638888888889 0.703125 0.3759645061728395 0.6957465277777778 0.36226851851851855 0.7063802083333334 0.361304012345679
1 0.6516927083333334 0.38271604938271603 0.6558159722222222 0.3861882716049383 0.6575520833333334 0.39274691358024694 0.6551649305555556 0.40219907407407407 0.6514756944444444 0.4050925925925926 0.6438802083333334 0.4012345679012346 0.6375868055555556 0.3921682098765432 0.642578125 0.38348765432098764 0.6514756944444444 0.38271604938271603
1 0.6145833333333334 0.39197530864197533 0.6197916666666666 0.3939043209876543 0.6232638888888888 0.39949845679012347 0.6189236111111112 0.4166666666666667 0.6165364583333334 0.41878858024691357 0.6076388888888888 0.41628086419753085 0.6037326388888888 0.40142746913580246 0.6091579861111112 0.3917824074074074 0.6143663194444444 0.39197530864197533
1 0.6616753472222222 0.3603395061728395 0.6638454861111112 0.36651234567901236 0.6614583333333334 0.37635030864197533 0.6545138888888888 0.36863425925925924 0.6475694444444444 0.3724922839506173 0.6393229166666666 0.3628472222222222 0.6440972222222222 0.36072530864197533 0.6614583333333334 0.3603395061728395
1 0.3383246527777778 0.8695987654320988 0.3394097222222222 0.8784722222222222 0.3470052083333333 0.886766975308642 0.3487413194444444 0.8939043209876543 0.3385416666666667 0.8958333333333334 0.3344184027777778 0.8854166666666666 0.3259548611111111 0.8765432098765432 0.3279079861111111 0.8746141975308642 0.333984375 0.8761574074074074 0.3381076388888889 0.8697916666666666
1 0.4748263888888889 0.4783950617283951 0.4796006944444444 0.4880401234567901 0.4776475694444444 0.49787808641975306 0.4743923611111111 0.4998070987654321 0.4700520833333333 0.49787808641975306 0.4680989583333333 0.4870756172839506 0.4694010416666667 0.4807098765432099 0.474609375 0.4783950617283951
1 0.4841579861111111 0.47010030864197533 0.4880642361111111 0.47665895061728397 0.4850260416666667 0.4893904320987654 0.4806857638888889 0.48996913580246915 0.4769965277777778 0.47762345679012347 0.4806857638888889 0.4712577160493827 0.4839409722222222 0.4702932098765432
1 0.6488715277777778 0.36072530864197533 0.6532118055555556 0.36342592592592593 0.6510416666666666 0.37017746913580246 0.6475694444444444 0.37287808641975306 0.6430121527777778 0.3697916666666667 0.638671875 0.3620756172839506 0.6401909722222222 0.3603395061728395 0.6486545138888888 0.36072530864197533
1 0.5785590277777778 0.38425925925925924 0.5861545138888888 0.3898533950617284 0.5874565972222222 0.40412808641975306 0.5785590277777778 0.41338734567901236 0.5670572916666666 0.3948688271604938 0.5700954861111112 0.3888888888888889 0.5783420138888888 0.38425925925925924
1 0.5572916666666666 0.3794367283950617 0.5631510416666666 0.38387345679012347 0.5655381944444444 0.3902391975308642 0.5598958333333334 0.404320987654321 0.5572916666666666 0.4058641975308642 0.5538194444444444 0.404320987654321 0.5525173611111112 0.39988425925925924 0.5538194444444444 0.38387345679012347 0.5570746527777778 0.37962962962962965
1 0.5579427083333334 0.38078703703703703 0.5640190972222222 0.38676697530864196 0.5642361111111112 0.3910108024691358 0.5572916666666666 0.4054783950617284 0.5503472222222222 0.40046296296296297 0.541015625 0.4045138888888889 0.5386284722222222 0.40046296296296297 0.5431857638888888 0.3863811728395062 0.5501302083333334 0.3819444444444444 0.5577256944444444 0.38078703703703703
1 0.6167534722222222 0.33796296296296297 0.6232638888888888 0.3454861111111111 0.6256510416666666 0.36226851851851855 0.6232638888888888 0.36477623456790126 0.6156684027777778 0.36149691358024694 0.6087239583333334 0.3452932098765432 0.6095920138888888 0.341820987654321 0.6165364583333334 0.33796296296296297
1 0.6022135416666666 0.3331404320987654 0.6095920138888888 0.3420138888888889 0.6056857638888888 0.359375 0.5987413194444444 0.3587962962962963 0.5941840277777778 0.3454861111111111 0.5954861111111112 0.3387345679012346 0.6019965277777778 0.3333333333333333
1 0.7764756944444444 0.19714506172839505 0.7873263888888888 0.20640432098765432 0.7879774305555556 0.2170138888888889 0.7934027777777778 0.22376543209876543 0.7855902777777778 0.22511574074074073 0.78125 0.22395833333333334 0.7693142361111112 0.20640432098765432 0.7723524305555556 0.19945987654320987 0.7762586805555556 0.19714506172839505
1 0.3665364583333333 0.9693287037037037 0.3739149305555556 0.9756944444444444 0.375 0.9809027777777778 0.3689236111111111 0.9945987654320988 0.3637152777777778 0.9963348765432098 0.361328125 0.9949845679012346 0.3595920138888889 0.9774305555555556 0.3663194444444444 0.9693287037037037
1 0.4424913194444444 0.8142361111111112 0.4565972222222222 0.8119212962962963 0.4620225694444444 0.8238811728395061 0.4496527777777778 0.8449074074074074 0.4459635416666667 0.8395061728395061 0.4351128472222222 0.8431712962962963 0.4353298611111111 0.8225308641975309 0.4424913194444444 0.814429012345679
1 0.3383246527777778 0.8695987654320988 0.3394097222222222 0.8782793209876543 0.3439670138888889 0.8832947530864198 0.3483072916666667 0.8852237654320988 0.3628472222222222 0.8848379629629629 0.3634982638888889 0.8956404320987654 0.3454861111111111 0.8935185185185185 0.3383246527777778 0.8954475308641975 0.3365885416666667 0.8883101851851852 0.326171875 0.8767361111111112 0.3276909722222222 0.8748070987654321 0.3342013888888889 0.8761574074074074 0.3381076388888889 0.8697916666666666
1 0.2795138888888889 0.8817515432098766 0.2901475694444444 0.8904320987654321 0.2903645833333333 0.8973765432098766 0.2829861111111111 0.8960262345679012 0.279296875 0.8985339506172839 0.2760416666666667 0.8975694444444444 0.2745225694444444 0.8937114197530864 0.2788628472222222 0.8871527777777778 0.279296875 0.8819444444444444
1 0.2701822916666667 0.8917824074074074 0.2775607638888889 0.8993055555555556 0.279296875 0.9164737654320988 0.2706163194444444 0.9155092592592593 0.2638888888888889 0.9050925925925926 0.263671875 0.8973765432098766 0.2664930555555556 0.8929398148148148 0.2699652777777778 0.8917824074074074
1 0.2805989583333333 0.8074845679012346 0.2864583333333333 0.814429012345679 0.2877604166666667 0.8211805555555556 0.2760416666666667 0.8383487654320988 0.26953125 0.8329475308641975 0.265625 0.8350694444444444 0.2584635416666667 0.8350694444444444 0.2582465277777778 0.8315972222222222 0.2654079861111111 0.8140432098765432 0.2725694444444444 0.8070987654320988 0.2803819444444444 0.8074845679012346
1 0.21766493055555555 0.8823302469135802 0.2230902777777778 0.8869598765432098 0.22374131944444445 0.8939043209876543 0.21375868055555555 0.9079861111111112 0.20811631944444445 0.9045138888888888 0.20833333333333334 0.8977623456790124 0.21223958333333334 0.8856095679012346 0.21744791666666666 0.8823302469135802
1 0.185546875 0.9606481481481481 0.19140625 0.9670138888888888 0.1918402777777778 0.9708719135802469 0.1890190972222222 0.9789737654320988 0.18229166666666666 0.9870756172839507 0.177734375 0.9851466049382716 0.17708333333333334 0.9701003086419753 0.1820746527777778 0.9610339506172839 0.1853298611111111 0.9606481481481481
1 0.20811631944444445 0.8798225308641975 0.2150607638888889 0.8836805555555556 0.20963541666666666 0.8942901234567902 0.20833333333333334 0.904320987654321 0.2033420138888889 0.9052854938271605 0.1994357638888889 0.9037422839506173 0.1970486111111111 0.8902391975308642 0.203125 0.8805941358024691 0.20789930555555555 0.8798225308641975
1 0.16905381944444445 0.8802083333333334 0.18684895833333334 0.8865740740740741 0.19053819444444445 0.8904320987654321 0.1892361111111111 0.8971836419753086 0.18424479166666666 0.8981481481481481 0.16493055555555555 0.8913966049382716 0.154296875 0.9002700617283951 0.1482204861111111 0.9021990740740741 0.14539930555555555 0.9010416666666666 0.146484375 0.8973765432098766 0.15364583333333334 0.8859953703703703 0.16145833333333334 0.8805941358024691 0.16883680555555555 0.8802083333333334
1 0.11631944444444445 0.9604552469135802 0.1310763888888889 0.9772376543209876 0.13020833333333334 0.9789737654320988 0.12391493055555555 0.9789737654320988 0.11957465277777778 0.9832175925925926 0.1150173611111111 0.9814814814814815 0.11263020833333333 0.9714506172839507 0.11263020833333333 0.9623842592592593 0.11610243055555555 0.9604552469135802
1 0.12890625 0.8699845679012346 0.13802083333333334 0.8755787037037037 0.154296875 0.8773148148148148 0.15711805555555555 0.8798225308641975 0.14149305555555555 0.8996913580246914 0.1343315972222222 0.9025848765432098 0.13151041666666666 0.9004629629629629 0.1349826388888889 0.8861882716049383 0.12608506944444445 0.8738425925925926 0.12630208333333334 0.8695987654320988 0.1286892361111111 0.8699845679012346
1 0.1467013888888889 0.8321759259259259 0.14735243055555555 0.8350694444444444 0.1382378472222222 0.8389274691358025 0.13368055555555555 0.8454861111111112 0.12391493055555555 0.8383487654320988 0.12369791666666667 0.8342978395061729 0.12999131944444445 0.8312114197530864 0.146484375 0.8321759259259259
1 0.11805555555555555 0.886670524691358 0.025173611111111112 0.028356481481481483
1 0.58203125 0.2959104938271605 0.5881076388888888 0.2976466049382716 0.5920138888888888 0.3107638888888889 0.5887586805555556 0.3101851851851852 0.58203125 0.30362654320987653 0.5748697916666666 0.3080632716049383 0.5709635416666666 0.30767746913580246 0.5740017361111112 0.2980324074074074 0.5818142361111112 0.2959104938271605
1 0.4565972222222222 0.267554012345679 0.4609375 0.2692901234567901 0.4607204861111111 0.27642746913580246 0.4498697916666667 0.2935956790123457 0.4459635416666667 0.2932098765432099 0.4442274305555556 0.29050925925925924 0.4470486111111111 0.27199074074074076 0.4563802083333333 0.26774691358024694
1 0.3218315972222222 0.4724151234567901 0.3274739583333333 0.47453703703703703 0.3296440972222222 0.47781635802469136 0.3270399305555556 0.4940200617283951 0.3142361111111111 0.4972993827160494 0.3120659722222222 0.49517746913580246 0.3127170138888889 0.4810956790123457 0.3172743055555556 0.4739583333333333 0.3216145833333333 0.4724151234567901
1 0.3266059027777778 0.3427854938271605 0.3309461805555556 0.34857253086419754 0.3294270833333333 0.3663194444444444 0.3211805555555556 0.36516203703703703 0.3187934027777778 0.3557098765432099 0.3200954861111111 0.3454861111111111 0.3263888888888889 0.3427854938271605
1 0.4418402777777778 0.26427469135802467 0.4494357638888889 0.26967592592592593 0.4598524305555556 0.2681327160493827 0.4609375 0.27179783950617287 0.4600694444444444 0.2777777777777778 0.4496527777777778 0.2932098765432099 0.4429253472222222 0.29475308641975306 0.4344618055555556 0.2760416666666667 0.4372829861111111 0.2658179012345679 0.4416232638888889 0.26427469135802467
1 0.373046875 0.26003086419753085 0.3776041666666667 0.265625 0.3782552083333333 0.27218364197530864 0.373046875 0.28337191358024694 0.3665364583333333 0.28665123456790126 0.3634982638888889 0.26871141975308643 0.3695746527777778 0.26003086419753085 0.3728298611111111 0.26003086419753085
1 0.6126302083333334 0.1873070987654321 0.6195746527777778 0.18460648148148148 0.626953125 0.19579475308641975 0.6232638888888888 0.20119598765432098 0.6091579861111112 0.2025462962962963 0.6052517361111112 0.1996527777777778 0.60546875 0.19560185185185186 0.6126302083333334 0.1875
1 0.6184895833333334 0.18094135802469136 0.623046875 0.19328703703703703 0.609375 0.19212962962962962 0.5989583333333334 0.2017746913580247 0.5946180555555556 0.1896219135802469 0.5815972222222222 0.18441358024691357 0.6182725694444444 0.18094135802469136
1 0.3630642361111111 0.16956018518518517 0.3682725694444444 0.171875 0.3663194444444444 0.18306327160493827 0.3526475694444444 0.18055555555555555 0.3485243055555556 0.1753472222222222 0.349609375 0.1712962962962963 0.3628472222222222 0.16956018518518517
1 0.3385416666666667 0.1570216049382716 0.341796875 0.1576003086419753 0.3430989583333333 0.16608796296296297 0.3504774305555556 0.1728395061728395 0.353515625 0.18171296296296297 0.3509114583333333 0.1840277777777778 0.3420138888888889 0.18422067901234568 0.3344184027777778 0.16898148148148148 0.3289930555555556 0.16473765432098766 0.3279079861111111 0.16145833333333334 0.3357204861111111 0.16358024691358025 0.3385416666666667 0.1572145061728395
1 0.2341579861111111 0.47608024691358025 0.2443576388888889 0.484375 0.244140625 0.4876543209876543 0.23763020833333334 0.49382716049382713 0.2339409722222222 0.49189814814814814 0.224609375 0.47723765432098764 0.22591145833333334 0.47530864197530864 0.2339409722222222 0.47608024691358025
1 0.2730034722222222 0.18190586419753085 0.2799479166666667 0.1882716049382716 0.2827690972222222 0.2023533950617284 0.2819010416666667 0.2052469135802469 0.2760416666666667 0.2065972222222222 0.2725694444444444 0.20601851851851852 0.2660590277777778 0.19270833333333334 0.2684461805555556 0.18325617283950618 0.2727864583333333 0.18190586419753085
1 0.2829861111111111 0.1711033950617284 0.2918836805555556 0.17881944444444445 0.2938368055555556 0.18557098765432098 0.279296875 0.1869212962962963 0.2775607638888889 0.18209876543209877 0.2821180555555556 0.17611882716049382 0.2827690972222222 0.1712962962962963
1 0.10503472222222222 0.8288966049382716 0.11263020833333333 0.8308256172839507 0.11263020833333333 0.8354552469135802 0.10264756944444445 0.8341049382716049 0.10091145833333333 0.8298611111111112 0.10481770833333333 0.8288966049382716
1 0.1247829861111111 0.8753858024691358 0.1291232638888889 0.8892746913580247 0.1265190972222222 0.8958333333333334 0.11263020833333333 0.9018132716049383 0.09852430555555555 0.9018132716049383 0.08550347222222222 0.9064429012345679 0.0842013888888889 0.8958333333333334 0.08984375 0.8784722222222222 0.1095920138888889 0.8819444444444444 0.123046875 0.8740354938271605 0.12456597222222222 0.8753858024691358
1 0.1892361111111111 0.2611882716049383 0.19401041666666666 0.265625 0.19466145833333334 0.2725694444444444 0.1896701388888889 0.2839506172839506 0.18294270833333334 0.28915895061728397 0.1801215277777778 0.2864583333333333 0.1796875 0.2725694444444444 0.18229166666666666 0.2654320987654321 0.1857638888888889 0.26157407407407407 0.1890190972222222 0.2611882716049383
1 0.11957465277777778 0.2679398148148148 0.1362847222222222 0.2864583333333333 0.1273871527777778 0.2854938271604938 0.1232638888888889 0.29050925925925924 0.11827256944444445 0.28973765432098764 0.11458333333333333 0.27199074074074076 0.11631944444444445 0.26851851851851855 0.1193576388888889 0.2681327160493827
1 0.2204861111111111 0.17592592592592593 0.22591145833333334 0.18595679012345678 0.216796875 0.2017746913580247 0.2105034722222222 0.19945987654320987 0.2105034722222222 0.19463734567901234 0.2144097222222222 0.17920524691358025 0.2202690972222222 0.17592592592592593
1 0.2065972222222222 0.17457561728395063 0.2124565972222222 0.1753472222222222 0.21614583333333334 0.17862654320987653 0.20768229166666666 0.19926697530864199 0.20203993055555555 0.19945987654320987 0.19835069444444445 0.1869212962962963 0.20638020833333334 0.17476851851851852
1 0.17513020833333334 0.17920524691358025 0.1857638888888889 0.18171296296296297 0.1918402777777778 0.18557098765432098 0.1931423611111111 0.18904320987654322 0.189453125 0.19521604938271606 0.1781684027777778 0.19135802469135801 0.16536458333333334 0.1900077160493827 0.15559895833333334 0.19945987654320987 0.14778645833333334 0.2013888888888889 0.150390625 0.19155092592592593 0.1603732638888889 0.18055555555555555 0.16710069444444445 0.17824074074074073 0.17491319444444445 0.17920524691358025
1 0.7977430555555556 0 0.8016493055555556 0 0.8062065972222222 0.0036651234567901233 0.8118489583333334 0.011959876543209876 0.8111979166666666 0.022376543209876542 0.8033854166666666 0.025655864197530864 0.7940538194444444 0.012152777777777778 0.7942708333333334 0.004822530864197531 0.7977430555555556 0.00019290123456790122
1 0.7690972222222222 0 0.7942708333333334 0 0.794921875 0.004243827160493827 0.7927517361111112 0.015432098765432098 0.7875434027777778 0.01890432098765432 0.7866753472222222 0.022569444444444444 0.7827690972222222 0.022569444444444444 0.7686631944444444 0.008873456790123456 0.7667100694444444 0.005015432098765432 0.7690972222222222 0.00019290123456790122
1 0.7113715277777778 0 0.7265625 0 0.7341579861111112 0.005208333333333333 0.7339409722222222 0.008101851851851851 0.7200520833333334 0.009837962962962963 0.7113715277777778 0.00019290123456790122
1 0.6898871527777778 0 0.7267795138888888 0 0.7337239583333334 0.005015432098765432 0.7328559027777778 0.007716049382716049 0.7200520833333334 0.009837962962962963 0.7118055555555556 0.002700617283950617 0.7024739583333334 0.0019290123456790122 0.6916232638888888 0.008680555555555556 0.6892361111111112 0.007716049382716049 0.6898871527777778 0.00019290123456790122
1 0.6903211805555556 0 0.7269965277777778 0 0.7339409722222222 0.005208333333333333 0.7328559027777778 0.007716049382716049 0.7204861111111112 0.010030864197530864 0.7111545138888888 0.002507716049382716 0.7022569444444444 0.0019290123456790122 0.6920572916666666 0.008680555555555556 0.6892361111111112 0.007523148148148148 0.6903211805555556 0.00019290123456790122
1 0.1306423611111111 0.1712962962962963 0.140625 0.17611882716049382 0.1545138888888889 0.17650462962962962 0.15907118055555555 0.17862654320987653 0.146484375 0.19791666666666666 0.13736979166666666 0.2038966049382716 0.13368055555555555 0.20158179012345678 0.1349826388888889 0.1853780864197531 0.1273871527777778 0.17554012345679013 0.126953125 0.171875 0.1304253472222222 0.1712962962962963
1 0.13389756944444445 0.18152006172839505 0.1293402777777778 0.19598765432098766 0.12391493055555555 0.2006172839506173 0.11675347222222222 0.2029320987654321 0.1091579861111111 0.2027391975308642 0.1072048611111111 0.2006172839506173 0.1076388888888889 0.1888503086419753 0.10980902777777778 0.18595679012345678 0.1267361111111111 0.1739969135802469 0.13368055555555555 0.18152006172839505
1 0.1232638888888889 0.17824074074074073 0.1304253472222222 0.1853780864197531 0.1291232638888889 0.19618055555555555 0.12348090277777778 0.2006172839506173 0.10828993055555555 0.2038966049382716 0.08854166666666667 0.21277006172839505 0.08485243055555555 0.21257716049382716 0.08506944444444445 0.2033179012345679 0.0900607638888889 0.18557098765432098 0.09613715277777778 0.1840277777777778 0.10980902777777778 0.1857638888888889 0.123046875 0.17843364197530864
1 0.4008246527777778 0.1248070987654321 0.4029947916666667 0.12654320987654322 0.3986545138888889 0.13387345679012347 0.4032118055555556 0.1404320987654321 0.4019097222222222 0.14390432098765432 0.3912760416666667 0.13695987654320987 0.3882378472222222 0.1267361111111111 0.4006076388888889 0.1248070987654321
1 0.4594184027777778 0.09239969135802469 0.4644097222222222 0.10590277777777778 0.4546440972222222 0.11844135802469136 0.4529079861111111 0.1244212962962963 0.4494357638888889 0.1232638888888889 0.4476996527777778 0.11381172839506173 0.4509548611111111 0.10628858024691358 0.4513888888888889 0.09529320987654322 0.4561631944444444 0.09182098765432099 0.4592013888888889 0.09239969135802469
1 0.4507378472222222 0.09471450617283951 0.4526909722222222 0.09799382716049383 0.4507378472222222 0.11130401234567901 0.4479166666666667 0.11766975308641975 0.4396701388888889 0.12384259259259259 0.4357638888888889 0.12307098765432099 0.4372829861111111 0.10281635802469136 0.4427083333333333 0.09587191358024691 0.4505208333333333 0.09471450617283951
1 0.2821180555555556 0.09452160493827161 0.2873263888888889 0.10088734567901235 0.2886284722222222 0.1089891975308642 0.2810329861111111 0.11728395061728394 0.279296875 0.12422839506172839 0.2764756944444444 0.1255787037037037 0.2723524305555556 0.12056327160493827 0.2647569444444444 0.12307098765432099 0.2580295138888889 0.11959876543209877 0.2615017361111111 0.11535493827160494 0.2632378472222222 0.10570987654320987 0.2712673611111111 0.09529320987654322 0.2819010416666667 0.09452160493827161
1 0.1232638888888889 0.17708333333333334 0.13216145833333334 0.18209876543209877 0.1325954861111111 0.1900077160493827 0.1310763888888889 0.19598765432098766 0.12196180555555555 0.2038966049382716 0.1267361111111111 0.2052469135802469 0.13368055555555555 0.19888117283950618 0.1362847222222222 0.2027391975308642 0.1351996527777778 0.20910493827160495 0.1265190972222222 0.21026234567901234 0.11957465277777778 0.20543981481481483 0.1171875 0.21315586419753085 0.11848958333333333 0.21720679012345678 0.11610243055555555 0.2195216049382716 0.10611979166666667 0.2204861111111111 0.0998263888888889 0.21682098765432098 0.10394965277777778 0.21006944444444445 0.10264756944444445 0.2052469135802469 0.0920138888888889 0.21026234567901234 0.08506944444444445 0.20987654320987653 0.08506944444444445 0.20814043209876543 0.08832465277777778 0.20987654320987653 0.0900607638888889 0.20717592592592593 0.08745659722222222 0.19926697530864199 0.0920138888888889 0.1865354938271605 0.09526909722222222 0.19020061728395063 0.09830729166666667 0.18904320987654322 0.09830729166666667 0.1857638888888889 0.10199652777777778 0.1878858024691358 0.109375 0.1867283950617284 0.123046875 0.17727623456790123
1 0.1213107638888889 0.13368055555555555 0.12890625 0.13001543209876543 0.14735243055555555 0.12982253086419754 0.14713541666666666 0.13348765432098766 0.13758680555555555 0.1385030864197531 0.13389756944444445 0.14564043209876543 0.12239583333333333 0.13695987654320987 0.12152777777777778 0.13387345679012347
1 0.10980902777777778 0.13078703703703703 0.11263020833333333 0.13387345679012347 0.10611979166666667 0.13734567901234568 0.10221354166666667 0.1371527777777778 0.10026041666666667 0.13310185185185186 0.10221354166666667 0.13097993827160495 0.1095920138888889 0.13078703703703703
1 0.6892361111111112 0 0.6998697916666666 0 0.6976996527777778 0.005208333333333333 0.6929253472222222 0.008873456790123456 0.6892361111111112 0.008294753086419753 0.6892361111111112 0.00019290123456790122
1 0.08268229166666667 0.13348765432098766 0.08051215277777778 0.1417824074074074 0.08116319444444445 0.15470679012345678 0.078125 0.16570216049382716 0.07486979166666667 0.16820987654320987 0.06987847222222222 0.16473765432098766 0.06879340277777778 0.15084876543209877 0.059895833333333336 0.14641203703703703 0.05837673611111111 0.1400462962962963 0.060546875 0.13464506172839505 0.06401909722222222 0.13290895061728394 0.08246527777777778 0.13348765432098766
1 0.3851996527777778 0.41415895061728397 0.384765625 0.4182098765432099 0.3878038194444444 0.4193672839506173 0.3960503472222222 0.41531635802469136 0.3988715277777778 0.4112654320987654 0.3967013888888889 0.4099151234567901 0.3934461805555556 0.4097222222222222 0.388671875 0.4114583333333333
1 0.4301215277777778 0.4575617283950617 0.4296875 0.46026234567901236 0.4303385416666667 0.46103395061728397 0.4318576388888889 0.4618055555555556 0.435546875 0.46141975308641975 0.4364149305555556 0.45698302469135804 0.435546875 0.45524691358024694 0.4320746527777778 0.4554398148148148
1 0.5171440972222222 0.5933641975308642 0.5169270833333334 0.5954861111111112 0.5206163194444444 0.6020447530864198 0.5223524305555556 0.6101466049382716 0.5258246527777778 0.6116898148148148 0.5290798611111112 0.611304012345679 0.5303819444444444 0.6091820987654321 0.5310329861111112 0.6012731481481481 0.5329861111111112 0.5981867283950617 0.5336371527777778 0.5952932098765432 0.5336371527777778 0.5848765432098766 0.5295138888888888 0.5833333333333334 0.5258246527777778 0.5841049382716049 0.5177951388888888 0.5914351851851852
1 0.5342881944444444 0.5887345679012346 0.5334201388888888 0.5985725308641975 0.53515625 0.6014660493827161 0.5358072916666666 0.6059027777777778 0.5399305555555556 0.6091820987654321 0.5434027777777778 0.6078317901234568 0.5462239583333334 0.6005015432098766 0.5501302083333334 0.5981867283950617 0.5509982638888888 0.5958719135802469 0.55078125 0.5902777777777778 0.5501302083333334 0.5889274691358025 0.5462239583333334 0.5885416666666666 0.5366753472222222 0.5850694444444444 0.53515625 0.5860339506172839
1 0.05881076388888889 0.8314043209876543 0.05859375 0.8387345679012346 0.05967881944444445 0.8410493827160493 0.06076388888888889 0.8425925925925926 0.06684027777777778 0.8452932098765432 0.06792534722222222 0.8470293209876543 0.068359375 0.8595679012345679 0.0700954861111111 0.8616898148148148 0.07465277777777778 0.8647762345679012 0.0783420138888889 0.8607253086419753 0.08159722222222222 0.8495370370370371 0.0818142361111111 0.8314043209876543 0.07899305555555555 0.8287037037037037 0.0642361111111111 0.8258101851851852 0.06032986111111111 0.8267746913580247
1 0.6812065972222222 0.6066743827160493 0.6801215277777778 0.6103395061728395 0.681640625 0.6194058641975309 0.6851128472222222 0.6263503086419753 0.6877170138888888 0.6275077160493827 0.6907552083333334 0.6307870370370371 0.69140625 0.6404320987654321 0.6927083333333334 0.6419753086419753 0.6985677083333334 0.6369598765432098 0.7035590277777778 0.6305941358024691 0.7022569444444444 0.626929012345679 0.703125 0.6228780864197531 0.7020399305555556 0.6209490740740741 0.7007378472222222 0.6089891975308642 0.6966145833333334 0.6039737654320988 0.6890190972222222 0.6003086419753086 0.685546875 0.6010802469135802
1 0.7306857638888888 0.6375385802469136 0.7300347222222222 0.640625 0.7311197916666666 0.6419753086419753 0.7352430555555556 0.6413966049382716 0.7428385416666666 0.636766975308642 0.7424045138888888 0.6352237654320988 0.7411024305555556 0.6344521604938271 0.734375 0.6350308641975309 0.7322048611111112 0.6358024691358025