1 0.7732204861111112 0.9085648148148148 0.7810329861111112 0.9147376543209876 0.7845052083333334 0.9288194444444444 0.7897135416666666 0.935570987654321 0.7797309027777778 0.9359567901234568 0.7660590277777778 0.9185956790123457 0.7688802083333334 0.910108024691358 0.7730034722222222 0.9085648148148148
1 0.7966579861111112 0.7133487654320988 0.8064236111111112 0.7204861111111112 0.8079427083333334 0.7258873456790124 0.8077256944444444 0.7349537037037037 0.8003472222222222 0.7413194444444444 0.7927517361111112 0.7316743827160493 0.7905815972222222 0.7241512345679012 0.7927517361111112 0.714891975308642 0.7964409722222222 0.7133487654320988
1 0.6148003472222222 0.8985339506172839 0.6197916666666666 0.9114583333333334 0.6056857638888888 0.9099151234567902 0.595703125 0.9182098765432098 0.5911458333333334 0.9068287037037037 0.5779079861111112 0.9008487654320988 0.6145833333333334 0.8985339506172839
1 0.7725694444444444 0.7104552469135802 0.779296875 0.7145061728395061 0.7894965277777778 0.7129629629629629 0.7879774305555556 0.7170138888888888 0.7899305555555556 0.7193287037037037 0.7897135416666666 0.7303240740740741 0.7829861111111112 0.7395833333333334 0.7725694444444444 0.734375 0.7638888888888888 0.7235725308641975 0.7645399305555556 0.7170138888888888 0.7723524305555556 0.7106481481481481
1 0.7934027777777778 0.7083333333333334 0.8075086805555556 0.7235725308641975 0.8072916666666666 0.7357253086419753 0.8001302083333334 0.7413194444444444 0.7931857638888888 0.7318672839506173 0.7849392361111112 0.7357253086419753 0.7827690972222222 0.7390046296296297 0.7788628472222222 0.7378472222222222 0.7723524305555556 0.7334104938271605 0.7634548611111112 0.7204861111111112 0.7723524305555556 0.7112268518518519 0.7795138888888888 0.7143132716049383 0.7931857638888888 0.7083333333333334
1 0.4401041666666667 0.9998070987654321 0.4435763888888889 0.9832175925925926 0.4520399305555556 0.9803240740740741 0.4572482638888889 0.9820601851851852 0.4559461805555556 0.9915123456790124 0.4500868055555556 0.9998070987654321 0.4403211805555556 0.9998070987654321
1 0.4357638888888889 0.9762731481481481 0.4429253472222222 0.9810956790123457 0.4568142361111111 0.9809027777777778 0.4565972222222222 0.9901620370370371 0.4500868055555556 0.9998070987654321 0.4340277777777778 0.9998070987654321 0.4290364583333333 0.984375 0.435546875 0.9764660493827161
1 0.3671875 0.9695216049382716 0.3736979166666667 0.9753086419753086 0.3747829861111111 0.9812885802469136 0.3687065972222222 0.9945987654320988 0.36328125 0.9965277777777778 0.361328125 0.9949845679012346 0.3595920138888889 0.9774305555555556 0.3669704861111111 0.9695216049382716
1 0.7063802083333334 0.7029320987654321 0.7165798611111112 0.7102623456790124 0.720703125 0.71875 0.7309027777777778 0.7243441358024691 0.7228732638888888 0.7253086419753086 0.7174479166666666 0.7283950617283951 0.71484375 0.7274305555555556 0.7005208333333334 0.7135416666666666 0.7003038194444444 0.7064043209876543 0.7061631944444444 0.703125
1 0.6955295138888888 0.7060185185185185 0.6996527777777778 0.7089120370370371 0.7013888888888888 0.7137345679012346 0.6901041666666666 0.7272376543209876 0.6861979166666666 0.7260802469135802 0.6864149305555556 0.7202932098765432 0.6825086805555556 0.7133487654320988 0.6881510416666666 0.7064043209876543 0.6953125 0.7060185185185185
1 0.4496527777777778 0.8451003086419753 0.4461805555555556 0.839891975308642 0.4427083333333333 0.839891975308642 0.4390190972222222 0.8433641975308642 0.4340277777777778 0.8420138888888888 0.4348958333333333 0.8240740740740741 0.4388020833333333 0.8173225308641975 0.4427083333333333 0.8142361111111112 0.4565972222222222 0.8121141975308642 0.4613715277777778 0.8209876543209876 0.4611545138888889 0.8279320987654321 0.4498697916666667 0.8449074074074074
1 0.3986545138888889 0.8433641975308642 0.4001736111111111 0.8454861111111112 0.3962673611111111 0.8524305555555556 0.4008246527777778 0.8599537037037037 0.3973524305555556 0.8599537037037037 0.3914930555555556 0.8557098765432098 0.3860677083333333 0.8454861111111112 0.3869357638888889 0.8431712962962963 0.3984375 0.8433641975308642
1 0.3383246527777778 0.8699845679012346 0.33984375 0.8786651234567902 0.3435329861111111 0.8831018518518519 0.3487413194444444 0.8852237654320988 0.3628472222222222 0.8848379629629629 0.3645833333333333 0.8869598765432098 0.3639322916666667 0.8956404320987654 0.3489583333333333 0.8950617283950617 0.3454861111111111 0.892554012345679 0.3383246527777778 0.8948688271604939 0.3368055555555556 0.8885030864197531 0.3259548611111111 0.8767361111111112 0.3335503472222222 0.8773148148148148 0.3381076388888889 0.8701774691358025
1 0.3383246527777778 0.8697916666666666 0.33984375 0.8786651234567902 0.3465711805555556 0.8869598765432098 0.3459201388888889 0.8921682098765432 0.3383246527777778 0.8954475308641975 0.3361545138888889 0.8883101851851852 0.3253038194444444 0.8767361111111112 0.333984375 0.8765432098765432 0.3381076388888889 0.8699845679012346
1 0.2795138888888889 0.8821373456790124 0.2838541666666667 0.8834876543209876 0.2903645833333333 0.8904320987654321 0.2907986111111111 0.8967978395061729 0.2760416666666667 0.8975694444444444 0.2747395833333333 0.8931327160493827 0.2788628472222222 0.8873456790123457 0.279296875 0.8823302469135802
1 0.26953125 0.8913966049382716 0.2740885416666667 0.8940972222222222 0.2777777777777778 0.9004629629629629 0.2803819444444444 0.9145447530864198 0.2779947916666667 0.9166666666666666 0.2706163194444444 0.9157021604938271 0.2634548611111111 0.9041280864197531 0.263671875 0.8971836419753086 0.2693142361111111 0.8913966049382716
1 0.2771267361111111 0.8061342592592593 0.2845052083333333 0.8103780864197531 0.2875434027777778 0.8213734567901234 0.2760416666666667 0.8389274691358025 0.2690972222222222 0.8331404320987654 0.2654079861111111 0.8356481481481481 0.2584635416666667 0.8348765432098766 0.2582465277777778 0.8315972222222222 0.2651909722222222 0.8140432098765432 0.2706163194444444 0.8069058641975309 0.2769097222222222 0.8061342592592593
1 0.185546875 0.9604552469135802 0.19227430555555555 0.9704861111111112 0.1892361111111111 0.9789737654320988 0.18229166666666666 0.9870756172839507 0.17881944444444445 0.9868827160493827 0.177734375 0.9847608024691358 0.17708333333333334 0.9701003086419753 0.1820746527777778 0.9610339506172839 0.1853298611111111 0.9604552469135802
1 0.2170138888888889 0.8815586419753086 0.2211371527777778 0.8834876543209876 0.2241753472222222 0.8923611111111112 0.21419270833333334 0.9077932098765432 0.208984375 0.9050925925925926 0.20833333333333334 0.9004629629629629 0.21158854166666666 0.886766975308642 0.216796875 0.8817515432098766
1 0.20703125 0.8792438271604939 0.21223958333333334 0.8836805555555556 0.21223958333333334 0.8942901234567902 0.2072482638888889 0.9054783950617284 0.2009548611111111 0.9072145061728395 0.19791666666666666 0.9058641975308642 0.1987847222222222 0.9002700617283951 0.1955295138888889 0.8904320987654321 0.201171875 0.8802083333333334 0.2068142361111111 0.8792438271604939
1 0.1684027777777778 0.8805941358024691 0.1812065972222222 0.8832947530864198 0.18684895833333334 0.8869598765432098 0.19075520833333334 0.8904320987654321 0.1892361111111111 0.8967978395061729 0.1851128472222222 0.8983410493827161 0.1642795138888889 0.8915895061728395 0.154296875 0.9002700617283951 0.1480034722222222 0.9016203703703703 0.1469184027777778 0.8971836419753086 0.1538628472222222 0.8859953703703703 0.16102430555555555 0.8809799382716049 0.1681857638888889 0.8805941358024691
1 0.11610243055555555 0.9606481481481481 0.1208767361111111 0.9635416666666666 0.130859375 0.9789737654320988 0.1254340277777778 0.9787808641975309 0.12000868055555555 0.9832175925925926 0.1154513888888889 0.9818672839506173 0.11219618055555555 0.9656635802469136 0.11284722222222222 0.9623842592592593 0.11588541666666667 0.9608410493827161
1 0.1286892361111111 0.8697916666666666 0.13758680555555555 0.8751929012345679 0.154296875 0.876929012345679 0.15690104166666666 0.8798225308641975 0.14171006944444445 0.8991126543209876 0.1371527777777778 0.9016203703703703 0.1323784722222222 0.9008487654320988 0.1351996527777778 0.8861882716049383 0.1267361111111111 0.875 0.12630208333333334 0.8695987654320988 0.1284722222222222 0.8697916666666666
1 0.12825520833333334 0.9000771604938271 0.13997395833333334 0.9018132716049383 0.14192708333333334 0.9050925925925926 0.1371527777777778 0.9164737654320988 0.1286892361111111 0.9251543209876543 0.12456597222222222 0.9263117283950617 0.1193576388888889 0.9261188271604939 0.1134982638888889 0.9172453703703703 0.10091145833333333 0.9149305555555556 0.09852430555555555 0.9110725308641975 0.10590277777777778 0.9027777777777778 0.12803819444444445 0.9000771604938271
1 0.12044270833333333 0.8761574074074074 0.12803819444444445 0.8796296296296297 0.12999131944444445 0.8875385802469136 0.1330295138888889 0.890625 0.12565104166666666 0.8985339506172839 0.11284722222222222 0.9020061728395061 0.10438368055555555 0.9008487654320988 0.1052517361111111 0.8836805555555556 0.12022569444444445 0.8761574074074074
1 0.10677083333333333 0.8290895061728395 0.11284722222222222 0.8314043209876543 0.111328125 0.8348765432098766 0.10698784722222222 0.8352623456790124 0.10112847222222222 0.8314043209876543 0.10243055555555555 0.8290895061728395 0.10655381944444445 0.8290895061728395
1 0.11979166666666667 0.8775077160493827 0.1267361111111111 0.8804012345679012 0.130859375 0.8908179012345679 0.1247829861111111 0.8975694444444444 0.1252170138888889 0.9008487654320988 0.11957465277777778 0.9016203703703703 0.11610243055555555 0.9045138888888888 0.11414930555555555 0.9147376543209876 0.1013454861111111 0.9147376543209876 0.09830729166666667 0.9112654320987654 0.1015625 0.9021990740740741 0.09830729166666667 0.9012345679012346 0.09049479166666667 0.904320987654321 0.08854166666666667 0.8985339506172839 0.08506944444444445 0.9020061728395061 0.08485243055555555 0.8975694444444444 0.08854166666666667 0.8838734567901234 0.09635416666666667 0.8836805555555556 0.0915798611111111 0.8832947530864198 0.09136284722222222 0.8798225308641975 0.0993923611111111 0.8800154320987654 0.1017795138888889 0.8831018518518519 0.11046006944444445 0.8829089506172839 0.11957465277777778 0.8777006172839507
1 0.12413194444444445 0.8782793209876543 0.1312934027777778 0.890625 0.1271701388888889 0.8967978395061729 0.115234375 0.9037422839506173 0.1115451388888889 0.9143518518518519 0.10850694444444445 0.9151234567901234 0.10264756944444445 0.9149305555555556 0.09874131944444445 0.9122299382716049 0.10221354166666667 0.9045138888888888 0.10069444444444445 0.9020061728395061 0.0920138888888889 0.9047067901234568 0.08506944444444445 0.904320987654321 0.08463541666666667 0.8971836419753086 0.08854166666666667 0.8821373456790124 0.0915798611111111 0.878858024691358 0.11024305555555555 0.8827160493827161 0.11957465277777778 0.8773148148148148 0.12391493055555555 0.8782793209876543
1 0.7274305555555556 0.6219135802469136 0.7510850694444444 0.6232638888888888 0.7456597222222222 0.6336805555555556 0.734375 0.6408179012345679 0.7306857638888888 0.6404320987654321 0.7313368055555556 0.636766975308642 0.7272135416666666 0.6315586419753086 0.7131076388888888 0.6300154320987654 0.7220052083333334 0.626929012345679 0.7235243055555556 0.6224922839506173 0.7272135416666666 0.6219135802469136
1 0.7172309027777778 0.6099537037037037 0.7243923611111112 0.6114969135802469 0.7259114583333334 0.6184413580246914 0.73046875 0.6221064814814815 0.7504340277777778 0.6232638888888888 0.7508680555555556 0.6265432098765432 0.7456597222222222 0.6332947530864198 0.734375 0.640625 0.7241753472222222 0.6317515432098766 0.6994357638888888 0.6336805555555556 0.7007378472222222 0.6263503086419753 0.7072482638888888 0.6203703703703703 0.7107204861111112 0.6105324074074074 0.7170138888888888 0.6099537037037037
1 0.7180989583333334 0.5970293209876543 0.7239583333333334 0.5987654320987654 0.7311197916666666 0.6059027777777778 0.7309027777777778 0.609375 0.7237413194444444 0.6116898148148148 0.7098524305555556 0.6111111111111112 0.705078125 0.6087962962962963 0.7042100694444444 0.605516975308642 0.7063802083333334 0.6028163580246914 0.712890625 0.5978009259259259 0.7178819444444444 0.5970293209876543
1 0.5859375 0.6163194444444444 0.6260850694444444 0.6192129629629629 0.6189236111111112 0.626929012345679 0.6195746527777778 0.6336805555555556 0.615234375 0.6350308641975309 0.6091579861111112 0.6332947530864198 0.6024305555555556 0.6402391975308642 0.5998263888888888 0.6298225308641975 0.5868055555555556 0.6197916666666666 0.5861545138888888 0.6165123456790124
1 0.5855034722222222 0.6163194444444444 0.6050347222222222 0.6190200617283951 0.6089409722222222 0.6302083333333334 0.6022135416666666 0.6398533950617284 0.6000434027777778 0.6302083333333334 0.5861545138888888 0.6197916666666666 0.5857204861111112 0.6165123456790124
1 0.7096354166666666 0.49363425925925924 0.7102864583333334 0.4982638888888889 0.7074652777777778 0.4990354938271605 0.6970486111111112 0.49594907407407407 0.6953125 0.4807098765432099 0.6996527777777778 0.47434413580246915 0.7029079861111112 0.47434413580246915 0.7052951388888888 0.47723765432098764 0.7065972222222222 0.4903549382716049 0.7094184027777778 0.49363425925925924
1 0.5399305555555556 0.5864197530864198 0.5505642361111112 0.5881558641975309 0.5512152777777778 0.5916280864197531 0.5447048611111112 0.6059027777777778 0.5403645833333334 0.6084104938271605 0.5362413194444444 0.6057098765432098 0.5347222222222222 0.5993441358024691 0.5360243055555556 0.5877700617283951 0.5397135416666666 0.5864197530864198
1 0.6885850694444444 0.47820216049382713 0.6909722222222222 0.4836033950617284 0.69140625 0.4963348765432099 0.6959635416666666 0.4982638888888889 0.685546875 0.4988425925925926 0.6805555555555556 0.498070987654321 0.6801215277777778 0.484375 0.6829427083333334 0.47955246913580246 0.6883680555555556 0.47820216049382713
1 0.6404079861111112 0.4652777777777778 0.6451822916666666 0.470679012345679 0.6510416666666666 0.4876543209876543 0.6404079861111112 0.49074074074074076 0.6297743055555556 0.4774305555555556 0.630859375 0.47260802469135804 0.6401909722222222 0.4654706790123457
1 0.6232638888888888 0.4737654320987654 0.6267361111111112 0.48148148148148145 0.623046875 0.49421296296296297 0.6197916666666666 0.49614197530864196 0.6171875 0.4947916666666667 0.6150173611111112 0.4809027777777778 0.619140625 0.4747299382716049 0.623046875 0.4737654320987654
1 0.5883246527777778 0.4756944444444444 0.5989583333333334 0.47897376543209874 0.6002604166666666 0.4847608024691358 0.5913628472222222 0.48900462962962965 0.5852864583333334 0.4967206790123457 0.5815972222222222 0.4972993827160494 0.5794270833333334 0.49228395061728397 0.5802951388888888 0.48128858024691357 0.5842013888888888 0.47627314814814814 0.5881076388888888 0.4756944444444444
1 0.7135416666666666 0.38425925925925924 0.7252604166666666 0.3879243827160494 0.7265625 0.39814814814814814 0.7239583333333334 0.4112654320987654 0.7170138888888888 0.4047067901234568 0.7113715277777778 0.40933641975308643 0.7061631944444444 0.4079861111111111 0.7057291666666666 0.3904320987654321 0.7133246527777778 0.38425925925925924
1 0.7144097222222222 0.38522376543209874 0.716796875 0.3869598765432099 0.7154947916666666 0.4010416666666667 0.7107204861111112 0.4104938271604938 0.7055121527777778 0.4079861111111111 0.7048611111111112 0.3904320987654321 0.7098524305555556 0.3856095679012346 0.7141927083333334 0.38522376543209874
1 0.5668402777777778 0.4702932098765432 0.5666232638888888 0.48726851851851855 0.5607638888888888 0.48919753086419754 0.5581597222222222 0.48746141975308643 0.5570746527777778 0.4714506172839506 0.5607638888888888 0.4675925925925926 0.5666232638888888 0.4702932098765432
1 0.6030815972222222 0.4409722222222222 0.6085069444444444 0.44598765432098764 0.6080729166666666 0.4643132716049383 0.6059027777777778 0.46662808641975306 0.5987413194444444 0.4652777777777778 0.595703125 0.4679783950617284 0.5920138888888888 0.44540895061728397 0.5952690972222222 0.44135802469135804 0.6028645833333334 0.4409722222222222
1 0.6825086805555556 0.390625 0.6901041666666666 0.3956404320987654 0.6898871527777778 0.40065586419753085 0.6723090277777778 0.41184413580246915 0.6662326388888888 0.4079861111111111 0.6655815972222222 0.40412808641975306 0.6716579861111112 0.40162037037037035 0.6786024305555556 0.3915895061728395 0.6822916666666666 0.390625
1 0.6354166666666666 0.40625 0.6547309027777778 0.4060570987654321 0.6649305555555556 0.4077932098765432 0.6692708333333334 0.41107253086419754 0.6681857638888888 0.419945987654321 0.6569010416666666 0.4211033950617284 0.6510416666666666 0.42746913580246915 0.640625 0.43287037037037035 0.6310763888888888 0.42746913580246915 0.6299913194444444 0.4077932098765432 0.6351996527777778 0.40625
1 0.6775173611111112 0.38271604938271603 0.6877170138888888 0.3836805555555556 0.6948784722222222 0.3871527777777778 0.6927083333333334 0.3910108024691358 0.6831597222222222 0.39197530864197533 0.6729600694444444 0.3871527777777778 0.6727430555555556 0.38348765432098764 0.6773003472222222 0.38271604938271603
1 0.6623263888888888 0.3900462962962963 0.6684027777777778 0.39197530864197533 0.6716579861111112 0.40142746913580246 0.6755642361111112 0.4056712962962963 0.6762152777777778 0.4077932098765432 0.6716579861111112 0.4112654320987654 0.6579861111111112 0.40837191358024694 0.65234375 0.404320987654321 0.6573350694444444 0.39197530864197533 0.662109375 0.3900462962962963
1 0.6510416666666666 0.38252314814814814 0.6584201388888888 0.3904320987654321 0.6558159722222222 0.4045138888888889 0.6536458333333334 0.4058641975308642 0.6473524305555556 0.4050925925925926 0.6375868055555556 0.3939043209876543 0.6408420138888888 0.38483796296296297 0.6508246527777778 0.38252314814814814
1 0.6126302083333334 0.3904320987654321 0.6197916666666666 0.3939043209876543 0.6232638888888888 0.39911265432098764 0.6184895833333334 0.4182098765432099 0.6080729166666666 0.41705246913580246 0.603515625 0.4010416666666667 0.6091579861111112 0.3917824074074074 0.6124131944444444 0.390625
1 0.4741753472222222 0.47820216049382713 0.4776475694444444 0.4809027777777778 0.4791666666666667 0.4913194444444444 0.4776475694444444 0.498070987654321 0.4739583333333333 0.5 0.4702690972222222 0.4982638888888889 0.4683159722222222 0.48823302469135804 0.4694010416666667 0.4809027777777778 0.4739583333333333 0.47820216049382713
1 0.4826388888888889 0.48032407407407407 0.011284722222222222 0.02044753086419753
1 0.6961805555555556 0.36149691358024694 0.7094184027777778 0.3626543209876543 0.7063802083333334 0.37287808641975306 0.7026909722222222 0.3755787037037037 0.6961805555555556 0.3616898148148148
1 0.6612413194444444 0.3601466049382716 0.6638454861111112 0.3628472222222222 0.6614583333333334 0.3765432098765432 0.654296875 0.36863425925925924 0.6475694444444444 0.3722993827160494 0.6440972222222222 0.37037037037037035 0.6397569444444444 0.36149691358024694 0.6610243055555556 0.3603395061728395
1 0.5787760416666666 0.38425925925925924 0.5865885416666666 0.3904320987654321 0.5874565972222222 0.40489969135802467 0.5783420138888888 0.41338734567901236 0.5703125 0.4027777777777778 0.5670572916666666 0.3939043209876543 0.572265625 0.38676697530864196 0.5785590277777778 0.38425925925925924
1 0.5572916666666666 0.37905092592592593 0.560546875 0.38040123456790126 0.5653211805555556 0.3898533950617284 0.560546875 0.40412808641975306 0.5572916666666666 0.4058641975308642 0.5540364583333334 0.40489969135802467 0.5516493055555556 0.40065586419753085 0.5531684027777778 0.38599537037037035 0.5514322916666666 0.3836805555555556 0.5570746527777778 0.3792438271604938
1 0.5575086805555556 0.3800154320987654 0.5640190972222222 0.38599537037037035 0.5646701388888888 0.3912037037037037 0.5572916666666666 0.4056712962962963 0.5505642361111112 0.40084876543209874 0.5434027777777778 0.40489969135802467 0.5401475694444444 0.404320987654321 0.5388454861111112 0.4012345679012346 0.5434027777777778 0.3861882716049383 0.5572916666666666 0.3800154320987654
1 0.6171875 0.3395061728395062 0.6232638888888888 0.3454861111111111 0.6258680555555556 0.3626543209876543 0.6232638888888888 0.36477623456790126 0.6143663194444444 0.3609182098765432 0.6134982638888888 0.35397376543209874 0.6082899305555556 0.34587191358024694 0.609375 0.3412422839506173 0.6169704861111112 0.3395061728395062
1 0.6016710069444444 0.34664351851851855 0.015842013888888888 0.02662037037037037
1 0.7764756944444444 0.19714506172839505 0.7868923611111112 0.2065972222222222 0.7879774305555556 0.2175925925925926 0.79296875 0.22376543209876543 0.7840711805555556 0.22530864197530864 0.76953125 0.20679012345679013 0.7725694444444444 0.19907407407407407 0.7762586805555556 0.19714506172839505
1 0.5861545138888888 0.2962962962962963 0.5920138888888888 0.3107638888888889 0.5885416666666666 0.3101851851851852 0.5818142361111112 0.3038194444444444 0.5744357638888888 0.3082561728395062 0.5705295138888888 0.3072916666666667 0.5709635416666666 0.3028549382716049 0.5755208333333334 0.2966820987654321 0.5859375 0.2962962962962963
1 0.4578993055555556 0.26774691358024694 0.4609375 0.26967592592592593 0.4602864583333333 0.2775848765432099 0.4496527777777778 0.29378858024691357 0.4450954861111111 0.2932098765432099 0.4437934027777778 0.29031635802469136 0.4470486111111111 0.27179783950617287 0.4505208333333333 0.2689043209876543 0.4576822916666667 0.26774691358024694
1 0.3211805555555556 0.4724151234567901 0.3268229166666667 0.4739583333333333 0.3294270833333333 0.47723765432098764 0.3268229166666667 0.4949845679012346 0.3140190972222222 0.49710648148148145 0.3120659722222222 0.4947916666666667 0.3142361111111111 0.4774305555555556 0.3209635416666667 0.47260802469135804
1 0.3250868055555556 0.3425925925925926 0.328125 0.3435570987654321 0.3307291666666667 0.34837962962962965 0.3309461805555556 0.3630401234567901 0.3289930555555556 0.3663194444444444 0.3211805555555556 0.36496913580246915 0.3187934027777778 0.3557098765432099 0.3200954861111111 0.345679012345679 0.3248697916666667 0.3425925925925926
1 0.4396701388888889 0.2640817901234568 0.44921875 0.26948302469135804 0.4598524305555556 0.2681327160493827 0.4609375 0.27044753086419754 0.4598524305555556 0.27835648148148145 0.4496527777777778 0.2932098765432099 0.4435763888888889 0.2943672839506173 0.4344618055555556 0.2760416666666667 0.4357638888888889 0.2681327160493827 0.439453125 0.2640817901234568
1 0.37109375 0.25983796296296297 0.3767361111111111 0.2640817901234568 0.3782552083333333 0.27179783950617287 0.3726128472222222 0.2837577160493827 0.3663194444444444 0.28684413580246915 0.3637152777777778 0.26851851851851855 0.3708767361111111 0.25983796296296297
1 0.5928819444444444 0.18287037037037038 0.6171875 0.18094135802469136 0.6200086805555556 0.18190586419753085 0.6215277777777778 0.1857638888888889 0.623046875 0.19328703703703703 0.6091579861111112 0.19193672839506173 0.5993923611111112 0.20119598765432098 0.5935329861111112 0.1884645061728395 0.5811631944444444 0.18557098765432098 0.5846354166666666 0.18325617283950618 0.5926649305555556 0.18287037037037038
1 0.3637152777777778 0.1701388888888889 0.3674045138888889 0.171875 0.3682725694444444 0.17515432098765432 0.3661024305555556 0.18325617283950618 0.3522135416666667 0.18055555555555555 0.3480902777777778 0.17573302469135801 0.3487413194444444 0.1714891975308642 0.3634982638888889 0.1701388888888889
1 0.3385416666666667 0.1576003086419753 0.341796875 0.1574074074074074 0.3428819444444444 0.16550925925925927 0.3491753472222222 0.1720679012345679 0.3509114583333333 0.17785493827160495 0.3493923611111111 0.18190586419753085 0.341796875 0.18325617283950618 0.3361545138888889 0.1730324074074074 0.328125 0.16531635802469136 0.3287760416666667 0.16338734567901234 0.3359375 0.16415895061728394 0.3385416666666667 0.15779320987654322
1 0.189453125 0.2611882716049383 0.19422743055555555 0.265625 0.19466145833333334 0.27276234567901236 0.1896701388888889 0.28433641975308643 0.18272569444444445 0.28973765432098764 0.1799045138888889 0.2849151234567901 0.18055555555555555 0.2689043209876543 0.185546875 0.26157407407407407 0.1892361111111111 0.2611882716049383
1 0.2723524305555556 0.18171296296296297 0.2795138888888889 0.1875 0.2821180555555556 0.2048611111111111 0.2730034722222222 0.20640432098765432 0.2667100694444444 0.19598765432098766 0.2673611111111111 0.18518518518518517 0.2721354166666667 0.18190586419753085
1 0.2827690972222222 0.1707175925925926 0.2864583333333333 0.1722608024691358 0.2940538194444444 0.18209876543209877 0.2934027777777778 0.1857638888888889 0.279296875 0.1865354938271605 0.2775607638888889 0.18209876543209877 0.2827690972222222 0.1709104938271605
1 0.09223090277777778 0.8775077160493827 0.1017795138888889 0.8800154320987654 0.10677083333333333 0.8836805555555556 0.10460069444444445 0.8975694444444444 0.10221354166666667 0.9008487654320988 0.08550347222222222 0.9064429012345679 0.0837673611111111 0.9047067901234568 0.08528645833333333 0.8912037037037037 0.08875868055555555 0.8802083333333334 0.0920138888888889 0.8775077160493827
1 0.1228298611111111 0.8771219135802469 0.12782118055555555 0.8809799382716049 0.13151041666666666 0.8904320987654321 0.1267361111111111 0.8967978395061729 0.11284722222222222 0.9025848765432098 0.09830729166666667 0.9020061728395061 0.08506944444444445 0.90625 0.08528645833333333 0.890625 0.09027777777777778 0.8784722222222222 0.1095920138888889 0.8823302469135802 0.12261284722222222 0.8771219135802469
1 0.06575520833333333 0.8265817901234568 0.0779079861111111 0.8287037037037037 0.08072916666666667 0.8310185185185185 0.08072916666666667 0.8491512345679012 0.0779079861111111 0.8587962962962963 0.07465277777777778 0.8618827160493827 0.06966145833333333 0.859375 0.06727430555555555 0.8449074074074074 0.059027777777777776 0.8383487654320988 0.06032986111111111 0.8283179012345679 0.06553819444444445 0.8265817901234568
1 0.11979166666666667 0.2679398148148148 0.13671875 0.2862654320987654 0.1265190972222222 0.28587962962962965 0.1232638888888889 0.29070216049382713 0.11827256944444445 0.2899305555555556 0.11480034722222222 0.2760416666666667 0.11566840277777778 0.2689043209876543 0.11957465277777778 0.2679398148148148
1 0.2209201388888889 0.17611882716049382 0.2261284722222222 0.1857638888888889 0.2170138888888889 0.20081018518518517 0.2146267361111111 0.20158179012345678 0.20985243055555555 0.19753086419753085 0.2126736111111111 0.18209876543209877 0.21484375 0.17824074074074073 0.220703125 0.17611882716049382
1 0.20703125 0.17418981481481483 0.21397569444444445 0.17881944444444445 0.2144097222222222 0.1861496913580247 0.2087673611111111 0.19945987654320987 0.2035590277777778 0.2021604938271605 0.1996527777777778 0.2006172839506173 0.2007378472222222 0.19598765432098766 0.1976996527777778 0.1853780864197531 0.2026909722222222 0.17573302469135801 0.2068142361111111 0.17418981481481483
1 0.16905381944444445 0.17843364197530864 0.181640625 0.18016975308641975 0.19032118055555555 0.18441358024691357 0.19249131944444445 0.1886574074074074 0.19140625 0.19290123456790123 0.185546875 0.19540895061728394 0.1773003472222222 0.19116512345679013 0.16514756944444445 0.19020061728395063 0.1558159722222222 0.19945987654320987 0.15104166666666666 0.20081018518518517 0.1467013888888889 0.19926697530864199 0.1538628472222222 0.1865354938271605 0.1605902777777778 0.18036265432098766 0.16883680555555555 0.17843364197530864
1 0.3995225694444444 0.1248070987654321 0.4029947916666667 0.12654320987654322 0.3986545138888889 0.13348765432098766 0.4032118055555556 0.1404320987654321 0.4012586805555556 0.14332561728395063 0.3914930555555556 0.1371527777777778 0.388671875 0.1267361111111111 0.3993055555555556 0.1248070987654321
1 0.13020833333333334 0.1711033950617284 0.1371527777777778 0.17515432098765432 0.1547309027777778 0.17650462962962962 0.15885416666666666 0.17862654320987653 0.1460503472222222 0.19772376543209877 0.1371527777777778 0.2033179012345679 0.13389756944444445 0.19984567901234568 0.13563368055555555 0.1853780864197531 0.12825520833333334 0.17611882716049382 0.12782118055555555 0.1716820987654321 0.12999131944444445 0.1711033950617284
1 0.1232638888888889 0.17901234567901234 0.13020833333333334 0.18248456790123457 0.13368055555555555 0.18190586419753085 0.13151041666666666 0.19347993827160495 0.1232638888888889 0.2013888888888889 0.11002604166666667 0.20466820987654322 0.10503472222222222 0.2033179012345679 0.10590277777777778 0.18904320987654322 0.1154513888888889 0.18152006172839505 0.123046875 0.17901234567901234
1 0.1232638888888889 0.17997685185185186 0.13151041666666666 0.18595679012345678 0.12955729166666666 0.19598765432098766 0.11631944444444445 0.2040895061728395 0.0978732638888889 0.20756172839506173 0.08854166666666667 0.21257716049382716 0.08506944444444445 0.21238425925925927 0.08441840277777778 0.20852623456790123 0.08984375 0.1857638888888889 0.09440104166666667 0.18422067901234568 0.109375 0.18557098765432098 0.123046875 0.17997685185185186
1 0.7955729166666666 0 0.8025173611111112 0 0.810546875 0.008487654320987654 0.8118489583333334 0.012924382716049383 0.810546875 0.022376543209876542 0.8029513888888888 0.026041666666666668 0.7934027777777778 0.011959876543209876 0.7925347222222222 0.005208333333333333 0.7955729166666666 0.00019290123456790122
1 0.4568142361111111 0.09182098765432099 0.4600694444444444 0.0931712962962963 0.4646267361111111 0.10570987654320987 0.455078125 0.11786265432098765 0.4529079861111111 0.12403549382716049 0.4494357638888889 0.12345679012345678 0.4476996527777778 0.11554783950617284 0.4513888888888889 0.09529320987654322 0.4565972222222222 0.09182098765432099
1 0.4503038194444444 0.09490740740740741 0.4516059027777778 0.09992283950617284 0.4479166666666667 0.11631944444444445 0.4429253472222222 0.12287808641975309 0.4396701388888889 0.12384259259259259 0.4359809027777778 0.12307098765432099 0.4377170138888889 0.10243055555555555 0.4427083333333333 0.09625771604938271 0.4500868055555556 0.09490740740740741
1 0.4565972222222222 0.0920138888888889 0.4598524305555556 0.09297839506172839 0.4644097222222222 0.10590277777777778 0.4529079861111111 0.12384259259259259 0.4496527777777778 0.1232638888888889 0.4461805555555556 0.11786265432098765 0.4427083333333333 0.12307098765432099 0.4359809027777778 0.12307098765432099 0.4366319444444444 0.10590277777777778 0.4437934027777778 0.0954861111111111 0.4563802083333333 0.09220679012345678
1 0.2764756944444444 0.09297839506172839 0.2840711805555556 0.0954861111111111 0.2890625 0.10532407407407407 0.2884114583333333 0.1091820987654321 0.2805989583333333 0.11824845679012345 0.279296875 0.12422839506172839 0.2764756944444444 0.1253858024691358 0.2725694444444444 0.12133487654320987 0.2645399305555556 0.12307098765432099 0.2584635416666667 0.11998456790123457 0.2619357638888889 0.11458333333333333 0.2632378472222222 0.10590277777777778 0.2699652777777778 0.09510030864197531 0.2762586805555556 0.09297839506172839
1 0.14735243055555555 0.12962962962962962 0.14713541666666666 0.13368055555555555 0.13736979166666666 0.13908179012345678 0.13389756944444445 0.14564043209876543 0.1213107638888889 0.13695987654320987 0.12022569444444445 0.13368055555555555 0.1284722222222222 0.13001543209876543 0.14713541666666666 0.12962962962962962
1 0.7688802083333334 0 0.7881944444444444 0 0.7923177083333334 0.005015432098765432 0.79296875 0.010030864197530864 0.7866753472222222 0.022376543209876542 0.7827690972222222 0.022569444444444444 0.7682291666666666 0.008487654320987654 0.7667100694444444 0.004822530864197531 0.7688802083333334 0.00019290123456790122
1 0.7122395833333334 0 0.7265625 0 0.7339409722222222 0.005208333333333333 0.7337239583333334 0.008101851851851851 0.7202690972222222 0.009837962962962963 0.7170138888888888 0.008487654320987654 0.7122395833333334 0.00019290123456790122
1 0.7109375 0 0.7267795138888888 0 0.7335069444444444 0.005015432098765432 0.7326388888888888 0.007523148148148148 0.7202690972222222 0.009837962962962963 0.7109375 0.00019290123456790122
1 0.6892361111111112 0 0.6996527777777778 0 0.697265625 0.0055941358024691355 0.6929253472222222 0.008680555555555556 0.6892361111111112 0.007523148148148148 0.6892361111111112 0.00019290123456790122
1 0.7109375 0 0.7269965277777778 0 0.7337239583333334 0.005208333333333333 0.7330729166666666 0.007716049382716049 0.7200520833333334 0.009837962962962963 0.7109375 0.00019290123456790122
1 0.11263020833333333 0.13117283950617284 0.11241319444444445 0.13503086419753085 0.10677083333333333 0.13734567901234568 0.10199652777777778 0.13695987654320987 0.10112847222222222 0.13175154320987653 0.11241319444444445 0.13117283950617284
1 0.06553819444444445 0.13271604938271606 0.08289930555555555 0.13348765432098766 0.08051215277777778 0.1419753086419753 0.08116319444444445 0.1545138888888889 0.0779079861111111 0.16570216049382716 0.07486979166666667 0.16801697530864199 0.06944444444444445 0.16473765432098766 0.06901041666666667 0.15239197530864199 0.05859375 0.14429012345679013 0.06032986111111111 0.13445216049382716 0.06532118055555555 0.13271604938271606
1 0.12413194444444445 0.8341049382716049 0.12348090277777778 0.8352623456790124 0.12456597222222222 0.8385416666666666 0.13346354166666666 0.8458719135802469 0.13541666666666666 0.8451003086419753 0.13758680555555555 0.8402777777777778 0.1391059027777778 0.8389274691358025 0.14388020833333334 0.8375771604938271 0.14756944444444445 0.8352623456790124 0.14735243055555555 0.8329475308641975 0.14561631944444445 0.8317901234567902 0.1349826388888889 0.8310185185185185 0.1273871527777778 0.8317901234567902
1 0.2417534722222222 0.9243827160493827 0.24153645833333334 0.9253472222222222 0.24479166666666666 0.9301697530864198 0.2482638888888889 0.9299768518518519 0.25 0.9288194444444444 0.2508680555555556 0.9249614197530864 0.2482638888888889 0.9224537037037037 0.2443576388888889 0.921875
1 0.681640625 0.6059027777777778 0.6801215277777778 0.609375 0.6814236111111112 0.6192129629629629 0.6851128472222222 0.6261574074074074 0.6898871527777778 0.6294367283950617 0.6916232638888888 0.6332947530864198 0.6916232638888888 0.6408179012345679 0.6929253472222222 0.6417824074074074 0.6959635416666666 0.6404320987654321 0.7020399305555556 0.6334876543209876 0.7033420138888888 0.6302083333333334 0.7013888888888888 0.626929012345679 0.7024739583333334 0.623070987654321 0.7009548611111112 0.6095679012345679 0.6974826388888888 0.6047453703703703 0.6935763888888888 0.6022376543209876 0.6896701388888888 0.6008873456790124 0.6853298611111112 0.6014660493827161
1 0.6575520833333334 0.626929012345679 0.6569010416666666 0.6300154320987654 0.6579861111111112 0.6307870370370371 0.6764322916666666 0.6277006172839507 0.6833767361111112 0.6273148148148148 0.6875 0.6280864197530864 0.6890190972222222 0.6304012345679012 0.6909722222222222 0.6315586419753086 0.6918402777777778 0.6371527777777778 0.69140625 0.6404320987654321 0.6924913194444444 0.6413966049382716 0.6955295138888888 0.6404320987654321 0.7007378472222222 0.6354166666666666 0.7063802083333334 0.6344521604938271 0.7085503472222222 0.6329089506172839 0.7087673611111112 0.6300154320987654 0.70703125 0.6275077160493827 0.70703125 0.6226851851851852 0.7063802083333334 0.6215277777777778 0.7035590277777778 0.621141975308642 0.6987847222222222 0.6226851851851852 0.6959635416666666 0.6222993827160493 0.6937934027777778 0.6232638888888888 0.6831597222222222 0.6207561728395061 0.681640625 0.6197916666666666 0.6720920138888888 0.6194058641975309 0.6684027777777778 0.621141975308642 0.6657986111111112 0.6238425925925926 0.658203125 0.6261574074074074
1 0.5171440972222222 0.5925925925925926 0.5164930555555556 0.5952932098765432 0.5208333333333334 0.6028163580246914 0.5223524305555556 0.6099537037037037 0.5258246527777778 0.6114969135802469 0.529296875 0.6111111111111112 0.5305989583333334 0.6086033950617284 0.53125 0.6020447530864198 0.5334201388888888 0.5989583333333334 0.5345052083333334 0.5916280864197531 0.5362413194444444 0.5887345679012346 0.5353732638888888 0.5815972222222222 0.533203125 0.5802469135802469 0.5299479166666666 0.5796682098765432 0.5262586805555556 0.5808256172839507 0.5208333333333334 0.5891203703703703 0.5177951388888888 0.5912422839506173
1 0.3834635416666667 0.4122299382716049 0.3832465277777778 0.41531635802469136 0.3882378472222222 0.41801697530864196 0.3871527777777778 0.4216820987654321 0.3904079861111111 0.4234182098765432 0.3936631944444444 0.4226466049382716 0.3947482638888889 0.4216820987654321 0.3949652777777778 0.41705246913580246 0.396484375 0.4114583333333333 0.3938802083333333 0.41030092592592593 0.3836805555555556 0.4114583333333333
1 0.4296875 0.4581404320987654 0.4292534722222222 0.46026234567901236 0.4305555555555556 0.4618055555555556 0.4322916666666667 0.46238425925925924 0.4346788194444444 0.46199845679012347 0.4364149305555556 0.45987654320987653 0.4366319444444444 0.45621141975308643 0.4357638888888889 0.45524691358024694 0.4322916666666667 0.45524691358024694 0.4303385416666667 0.4565972222222222