1 0.7732204861111112 0.9087577160493827 0.7808159722222222 0.9145447530864198 0.7847222222222222 0.9290123456790124 0.7899305555555556 0.9357638888888888 0.7786458333333334 0.935570987654321 0.767578125 0.9216820987654321 0.7662760416666666 0.9149305555555556 0.7688802083333334 0.9103009259259259 0.7730034722222222 0.9087577160493827
1 0.796875 0.7137345679012346 0.8072916666666666 0.7222222222222222 0.8083767361111112 0.734375 0.8064236111111112 0.7376543209876543 0.7992621527777778 0.7409336419753086 0.7914496527777778 0.7289737654320988 0.7905815972222222 0.7202932098765432 0.7966579861111112 0.7139274691358025
1 0.6128472222222222 0.8983410493827161 0.6161024305555556 0.8993055555555556 0.6195746527777778 0.9099151234567902 0.6059027777777778 0.910108024691358 0.5952690972222222 0.9184027777777778 0.5911458333333334 0.9070216049382716 0.5779079861111112 0.9010416666666666 0.6126302083333334 0.8985339506172839
1 0.4357638888888889 0.9762731481481481 0.4427083333333333 0.9810956790123457 0.4568142361111111 0.9809027777777778 0.4565972222222222 0.9901620370370371 0.4498697916666667 0.9998070987654321 0.4344618055555556 0.9998070987654321 0.4299045138888889 0.9839891975308642 0.435546875 0.9764660493827161
1 0.4357638888888889 0.9760802469135802 0.4437934027777778 0.9841820987654321 0.44140625 0.9947916666666666 0.4377170138888889 0.9998070987654321 0.4348958333333333 0.9998070987654321 0.4290364583333333 0.9849537037037037 0.435546875 0.9762731481481481
1 0.3663194444444444 0.9693287037037037 0.3700086805555556 0.9710648148148148 0.375 0.9783950617283951 0.3687065972222222 0.9945987654320988 0.3617621527777778 0.9957561728395061 0.359375 0.9818672839506173 0.3595920138888889 0.9774305555555556 0.3661024305555556 0.9695216049382716
1 0.7862413194444444 0.7114197530864198 0.7907986111111112 0.716820987654321 0.7905815972222222 0.734375 0.7827690972222222 0.7355324074074074 0.7764756944444444 0.7204861111111112 0.7779947916666666 0.7143132716049383 0.7860243055555556 0.7116126543209876
1 0.7725694444444444 0.7106481481481481 0.77734375 0.7135416666666666 0.7829861111111112 0.7391975308641975 0.7725694444444444 0.734375 0.763671875 0.7233796296296297 0.7643229166666666 0.7172067901234568 0.7723524305555556 0.7108410493827161
1 0.7065972222222222 0.7029320987654321 0.7163628472222222 0.7100694444444444 0.7213541666666666 0.7193287037037037 0.7311197916666666 0.7239583333333334 0.7172309027777778 0.7283950617283951 0.7005208333333334 0.7135416666666666 0.6998697916666666 0.7065972222222222 0.7063802083333334 0.7029320987654321
1 0.6940104166666666 0.7056327160493827 0.69921875 0.7087191358024691 0.7009548611111112 0.7137345679012346 0.6898871527777778 0.7272376543209876 0.6859809027777778 0.7266589506172839 0.6864149305555556 0.7204861111111112 0.6822916666666666 0.7133487654320988 0.6859809027777778 0.7077546296296297 0.6937934027777778 0.7056327160493827
1 0.4565972222222222 0.8117283950617284 0.4620225694444444 0.8250385802469136 0.4496527777777778 0.8449074074074074 0.4429253472222222 0.8393132716049383 0.4390190972222222 0.8431712962962963 0.4344618055555556 0.8423996913580247 0.4351128472222222 0.8240740740740741 0.4427083333333333 0.814429012345679 0.4563802083333333 0.8117283950617284
1 0.3875868055555556 0.8427854938271605 0.3995225694444444 0.8441358024691358 0.396484375 0.8526234567901234 0.400390625 0.8597608024691358 0.390625 0.8557098765432098 0.3860677083333333 0.845679012345679 0.3873697916666667 0.8427854938271605
1 0.3279079861111111 0.8748070987654321 0.3333333333333333 0.8753858024691358 0.3383246527777778 0.8697916666666666 0.3391927083333333 0.8784722222222222 0.3450520833333333 0.8832947530864198 0.3628472222222222 0.8817515432098766 0.3663194444444444 0.8834876543209876 0.3626302083333333 0.8958333333333334 0.3385416666666667 0.8950617283950617 0.3370225694444444 0.8885030864197531 0.3279079861111111 0.875
1 0.3383246527777778 0.8695987654320988 0.3389756944444444 0.8778935185185185 0.3472222222222222 0.8854166666666666 0.3504774305555556 0.8939043209876543 0.3385416666666667 0.8954475308641975 0.3331163194444444 0.8825231481481481 0.3270399305555556 0.8767361111111112 0.3279079861111111 0.8738425925925926 0.3328993055555556 0.875 0.3381076388888889 0.8697916666666666
1 0.3637152777777778 0.8819444444444444 0.3669704861111111 0.8836805555555556 0.3630642361111111 0.8960262345679012 0.349609375 0.8940972222222222 0.3472222222222222 0.8861882716049383 0.3493923611111111 0.8836805555555556 0.3634982638888889 0.8819444444444444
1 0.2795138888888889 0.8829089506172839 0.2858072916666667 0.8850308641975309 0.2918836805555556 0.8939043209876543 0.2901475694444444 0.8977623456790124 0.2766927083333333 0.8975694444444444 0.2749565972222222 0.8931327160493827 0.2795138888888889 0.8831018518518519
1 0.7185329861111112 0.5966435185185185 0.7239583333333334 0.5987654320987654 0.7306857638888888 0.6057098765432098 0.73046875 0.6091820987654321 0.7239583333333334 0.6116898148148148 0.7100694444444444 0.6111111111111112 0.7052951388888888 0.6086033950617284 0.7065972222222222 0.6026234567901234 0.7133246527777778 0.5972222222222222 0.7183159722222222 0.5966435185185185
1 0.5865885416666666 0.6163194444444444 0.6221788194444444 0.6195987654320988 0.6169704861111112 0.6259645061728395 0.6174045138888888 0.6356095679012346 0.6091579861111112 0.6350308641975309 0.6056857638888888 0.6410108024691358 0.5978732638888888 0.6277006172839507 0.5872395833333334 0.6195987654320988 0.5865885416666666 0.6165123456790124
1 0.7866753472222222 0.4866898148148148 0.7873263888888888 0.4949845679012346 0.7834201388888888 0.4972993827160494 0.7725694444444444 0.4955632716049383 0.7725694444444444 0.49209104938271603 0.7760416666666666 0.48726851851851855 0.7864583333333334 0.4866898148148148
1 0.6996527777777778 0.4739583333333333 0.7029079861111112 0.47415123456790126 0.7063802083333334 0.47974537037037035 0.7098524305555556 0.498070987654321 0.697265625 0.49787808641975306 0.6955295138888888 0.48032407407407407 0.6994357638888888 0.47415123456790126
1 0.6877170138888888 0.47800925925925924 0.6909722222222222 0.4845679012345679 0.6898871527777778 0.498070987654321 0.6868489583333334 0.4990354938271605 0.6807725694444444 0.498070987654321 0.6799045138888888 0.4866898148148148 0.6820746527777778 0.48032407407407407 0.6875 0.47800925925925924
1 0.5308159722222222 0.5798611111111112 0.541015625 0.5815972222222222 0.5501302083333334 0.591820987654321 0.55078125 0.5958719135802469 0.5431857638888888 0.6084104938271605 0.5392795138888888 0.609375 0.5329861111111112 0.6006944444444444 0.5303819444444444 0.6097608024691358 0.5264756944444444 0.6111111111111112 0.5223524305555556 0.6097608024691358 0.5169270833333334 0.5949074074074074 0.5247395833333334 0.5802469135802469 0.5305989583333334 0.5798611111111112
1 0.6404079861111112 0.4660493827160494 0.6467013888888888 0.4739583333333333 0.6490885416666666 0.486304012345679 0.6438802083333334 0.49074074074074076 0.6404079861111112 0.49074074074074076 0.6295572916666666 0.47723765432098764 0.6312934027777778 0.47183641975308643 0.6401909722222222 0.4662422839506173
1 0.6148003472222222 0.4809027777777778 0.619140625 0.47453703703703703 0.623046875 0.47357253086419754 0.626953125 0.4807098765432099 0.6236979166666666 0.49459876543209874 0.6204427083333334 0.49614197530864196 0.6167534722222222 0.4947916666666667 0.6150173611111112 0.4810956790123457
1 0.5887586805555556 0.47588734567901236 0.5987413194444444 0.47897376543209874 0.6000434027777778 0.4849537037037037 0.5913628472222222 0.48919753086419754 0.5872395833333334 0.49517746913580246 0.5822482638888888 0.4974922839506173 0.5792100694444444 0.4947916666666667 0.5802951388888888 0.4810956790123457 0.5848524305555556 0.47588734567901236 0.5885416666666666 0.47588734567901236
1 0.7141927083333334 0.38503086419753085 0.7239583333333334 0.3863811728395062 0.7254774305555556 0.38850308641975306 0.7263454861111112 0.39891975308641975 0.7239583333333334 0.41107253086419754 0.7172309027777778 0.40489969135802467 0.7111545138888888 0.4087577160493827 0.7065972222222222 0.4056712962962963 0.7065972222222222 0.3913966049382716 0.7102864583333334 0.38599537037037035 0.7139756944444444 0.38503086419753085
1 0.7144097222222222 0.38503086419753085 0.7170138888888888 0.3869598765432099 0.7157118055555556 0.4012345679012346 0.7131076388888888 0.4085648148148148 0.7102864583333334 0.41030092592592593 0.7048611111111112 0.4077932098765432 0.7048611111111112 0.3904320987654321 0.7100694444444444 0.3854166666666667 0.7141927083333334 0.38503086419753085
1 0.560546875 0.4677854938271605 0.5642361111111112 0.4677854938271605 0.5677083333333334 0.4731867283950617 0.5661892361111112 0.4878472222222222 0.55859375 0.4886188271604938 0.556640625 0.4729938271604938 0.560546875 0.4679783950617284
1 0.6024305555555556 0.44058641975308643 0.6085069444444444 0.4461805555555556 0.6080729166666666 0.4645061728395062 0.6065538194444444 0.466820987654321 0.5987413194444444 0.4654706790123457 0.5954861111111112 0.4681712962962963 0.591796875 0.44579475308641975 0.5954861111111112 0.4411651234567901 0.6022135416666666 0.44058641975308643
1 0.6768663194444444 0.38252314814814814 0.6942274305555556 0.38657407407407407 0.6940104166666666 0.3904320987654321 0.6892361111111112 0.39197530864197533 0.6814236111111112 0.39197530864197533 0.6751302083333334 0.38927469135802467 0.6729600694444444 0.38348765432098764 0.6766493055555556 0.38252314814814814
1 0.6822916666666666 0.390625 0.6901041666666666 0.3958333333333333 0.6896701388888888 0.4010416666666667 0.6720920138888888 0.41165123456790126 0.6644965277777778 0.4054783950617284 0.6571180555555556 0.4047067901234568 0.6577690972222222 0.39371141975308643 0.6677517361111112 0.3940972222222222 0.6605902777777778 0.39699074074074076 0.6616753472222222 0.40239197530864196 0.666015625 0.40065586419753085 0.6681857638888888 0.3966049382716049 0.6686197916666666 0.39988425925925924 0.671875 0.4010416666666667 0.6783854166666666 0.39197530864197533 0.6820746527777778 0.390625
1 0.6549479166666666 0.4047067901234568 0.6684027777777778 0.4085648148148148 0.6684027777777778 0.41975308641975306 0.6649305555555556 0.421875 0.6577690972222222 0.4212962962962963 0.640625 0.43267746913580246 0.6310763888888888 0.42843364197530864 0.6299913194444444 0.4077932098765432 0.6332465277777778 0.4058641975308642 0.6412760416666666 0.4068287037037037 0.6547309027777778 0.4047067901234568
1 0.6651475694444444 0.3904320987654321 0.6684027777777778 0.3915895061728395 0.6716579861111112 0.40007716049382713 0.6755642361111112 0.39988425925925924 0.6822916666666666 0.404320987654321 0.6684027777777778 0.41203703703703703 0.6508246527777778 0.4045138888888889 0.6569010416666666 0.3912037037037037 0.6649305555555556 0.3904320987654321
1 0.70703125 0.361304012345679 0.7094184027777778 0.3626543209876543 0.7087673611111112 0.36612654320987653 0.703125 0.3753858024691358 0.7000868055555556 0.373070987654321 0.6957465277777778 0.36246141975308643 0.7068142361111112 0.361304012345679
1 0.6516927083333334 0.38271604938271603 0.6579861111111112 0.390625 0.6558159722222222 0.4020061728395062 0.6516927083333334 0.4052854938271605 0.6471354166666666 0.4045138888888889 0.6373697916666666 0.3915895061728395 0.6421440972222222 0.3836805555555556 0.6514756944444444 0.38271604938271603
1 0.6143663194444444 0.3917824074074074 0.62109375 0.3948688271604938 0.6234809027777778 0.40007716049382713 0.6189236111111112 0.41705246913580246 0.6163194444444444 0.41878858024691357 0.6072048611111112 0.41608796296296297 0.6037326388888888 0.40142746913580246 0.6091579861111112 0.3915895061728395 0.6141493055555556 0.3917824074074074
1 0.6614583333333334 0.3601466049382716 0.6642795138888888 0.36246141975308643 0.6614583333333334 0.37635030864197533 0.6545138888888888 0.3690200617283951 0.6475694444444444 0.37210648148148145 0.6440972222222222 0.37017746913580246 0.6395399305555556 0.3630401234567901 0.6471354166666666 0.3603395061728395 0.6612413194444444 0.3601466049382716
1 0.4741753472222222 0.47820216049382713 0.4780815972222222 0.48225308641975306 0.4793836805555556 0.49074074074074076 0.4776475694444444 0.498070987654321 0.4739583333333333 0.5 0.4702690972222222 0.498070987654321 0.4680989583333333 0.4878472222222222 0.4691840277777778 0.4809027777777778 0.4739583333333333 0.47820216049382713
1 0.6477864583333334 0.3601466049382716 0.6534288194444444 0.3626543209876543 0.6510416666666666 0.3699845679012346 0.6477864583333334 0.3724922839506173 0.6432291666666666 0.37017746913580246 0.6380208333333334 0.3628472222222222 0.6404079861111112 0.3601466049382716 0.6475694444444444 0.3601466049382716
1 0.5581597222222222 0.38059413580246915 0.5640190972222222 0.38657407407407407 0.564453125 0.3908179012345679 0.5570746527777778 0.4056712962962963 0.5505642361111112 0.40065586419753085 0.5434027777777778 0.40489969135802467 0.5405815972222222 0.4045138888888889 0.5386284722222222 0.40046296296296297 0.5431857638888888 0.3863811728395062 0.5503472222222222 0.38175154320987653 0.5579427083333334 0.38059413580246915
1 0.6163194444444444 0.33526234567901236 0.6197916666666666 0.33699845679012347 0.6273871527777778 0.34857253086419754 0.6267361111111112 0.3628472222222222 0.623046875 0.36419753086419754 0.6161024305555556 0.36072530864197533 0.6091579861111112 0.3464506172839506 0.6095920138888888 0.341820987654321 0.6161024305555556 0.33545524691358025
1 0.6028645833333334 0.33352623456790126 0.6091579861111112 0.34162808641975306 0.6056857638888888 0.35223765432098764 0.6065538194444444 0.359375 0.6043836805555556 0.3599537037037037 0.59765625 0.3570601851851852 0.59375 0.3427854938271605 0.5989583333333334 0.33449074074074076 0.6026475694444444 0.33352623456790126
1 0.7764756944444444 0.19714506172839505 0.7873263888888888 0.20640432098765432 0.7879774305555556 0.2175925925925926 0.7938368055555556 0.22376543209876543 0.7838541666666666 0.22530864197530864 0.76953125 0.2065972222222222 0.7725694444444444 0.19907407407407407 0.7762586805555556 0.19714506172839505
1 0.2701822916666667 0.8917824074074074 0.2743055555555556 0.8939043209876543 0.2786458333333333 0.9008487654320988 0.2801649305555556 0.9151234567901234 0.2769097222222222 0.9164737654320988 0.2710503472222222 0.9158950617283951 0.263671875 0.9047067901234568 0.2638888888888889 0.8967978395061729 0.2699652777777778 0.8917824074074074
1 0.2797309027777778 0.8076774691358025 0.2862413194444444 0.8140432098765432 0.2875434027777778 0.8213734567901234 0.2760416666666667 0.8385416666666666 0.2690972222222222 0.8329475308641975 0.265625 0.8352623456790124 0.2584635416666667 0.8350694444444444 0.2582465277777778 0.8314043209876543 0.2686631944444444 0.8097993827160493 0.2727864583333333 0.8072916666666666 0.2795138888888889 0.8076774691358025
1 0.1857638888888889 0.9606481481481481 0.19140625 0.9666280864197531 0.19205729166666666 0.970679012345679 0.1890190972222222 0.9795524691358025 0.18229166666666666 0.9876543209876543 0.1781684027777778 0.9866898148148148 0.17686631944444445 0.9704861111111112 0.1820746527777778 0.9610339506172839 0.185546875 0.9606481481481481
1 0.216796875 0.8819444444444444 0.2202690972222222 0.8827160493827161 0.2228732638888889 0.8865740740740741 0.22374131944444445 0.8939043209876543 0.21375868055555555 0.9079861111111112 0.20833333333333334 0.9045138888888888 0.21223958333333334 0.8869598765432098 0.216796875 0.8821373456790124
1 0.216796875 0.8819444444444444 0.2202690972222222 0.8827160493827161 0.2228732638888889 0.8865740740740741 0.22374131944444445 0.8939043209876543 0.21375868055555555 0.9079861111111112 0.20833333333333334 0.9045138888888888 0.21223958333333334 0.8869598765432098 0.216796875 0.8821373456790124
1 0.20638020833333334 0.8804012345679012 0.21180555555555555 0.886766975308642 0.20789930555555555 0.904320987654321 0.20052083333333334 0.9039351851851852 0.1970486111111111 0.8940972222222222 0.1987847222222222 0.8869598765432098 0.20616319444444445 0.8805941358024691
1 0.16927083333333334 0.8800154320987654 0.18641493055555555 0.8861882716049383 0.1918402777777778 0.8935185185185185 0.1896701388888889 0.8971836419753086 0.18250868055555555 0.8979552469135802 0.1642795138888889 0.8913966049382716 0.15125868055555555 0.9016203703703703 0.1460503472222222 0.9008487654320988 0.14952256944444445 0.8898533950617284 0.15733506944444445 0.8821373456790124 0.16905381944444445 0.8800154320987654
1 0.1684027777777778 0.8802083333333334 0.1716579861111111 0.8832947530864198 0.17903645833333334 0.8832947530864198 0.1796875 0.8848379629629629 0.171875 0.8840663580246914 0.1716579861111111 0.8908179012345679 0.1638454861111111 0.8917824074074074 0.1508246527777778 0.9021990740740741 0.1443142361111111 0.9010416666666666 0.1488715277777778 0.8894675925925926 0.1564670138888889 0.8819444444444444 0.1681857638888889 0.8802083333333334
1 0.11653645833333333 0.9608410493827161 0.12044270833333333 0.9629629629629629 0.1312934027777778 0.9774305555555556 0.13020833333333334 0.9795524691358025 0.12391493055555555 0.9793595679012346 0.11979166666666667 0.9832175925925926 0.115234375 0.9814814814814815 0.11219618055555555 0.9712577160493827 0.11219618055555555 0.9633487654320988 0.11631944444444445 0.9608410493827161
1 0.1265190972222222 0.8688271604938271 0.138671875 0.8751929012345679 0.15364583333333334 0.876929012345679 0.1564670138888889 0.8798225308641975 0.142578125 0.9000771604938271 0.13346354166666666 0.9027777777777778 0.130859375 0.9006558641975309 0.13411458333333334 0.8865740740740741 0.12760416666666666 0.8802083333333334 0.1265190972222222 0.8690200617283951
1 0.13541666666666666 0.8314043209876543 0.146484375 0.8317901234567902 0.14713541666666666 0.8350694444444444 0.1382378472222222 0.8387345679012346 0.13411458333333334 0.8454861111111112 0.12413194444444445 0.8385416666666666 0.12369791666666667 0.8348765432098766 0.1265190972222222 0.8323688271604939 0.1351996527777778 0.8314043209876543
1 0.1265190972222222 0.8684413580246914 0.1391059027777778 0.8751929012345679 0.1545138888888889 0.8767361111111112 0.15711805555555555 0.8800154320987654 0.142578125 0.9000771604938271 0.138671875 0.9021990740740741 0.1332465277777778 0.9027777777777778 0.1304253472222222 0.9008487654320988 0.13346354166666666 0.8858024691358025 0.12999131944444445 0.8879243827160493 0.1271701388888889 0.8954475308641975 0.1232638888888889 0.8977623456790124 0.109375 0.8981481481481481 0.1072048611111111 0.8836805555555556 0.11241319444444445 0.8794367283950617 0.12608506944444445 0.8757716049382716 0.1265190972222222 0.8686342592592593
1 0.484375 0.47010030864197533 0.4880642361111111 0.47781635802469136 0.4858940972222222 0.48823302469135804 0.4832899305555556 0.4903549382716049 0.48046875 0.48977623456790126 0.4767795138888889 0.47723765432098764 0.4809027777777778 0.47087191358024694 0.4841579861111111 0.47010030864197533
1 0.5785590277777778 0.38406635802469136 0.5863715277777778 0.3902391975308642 0.5874565972222222 0.4045138888888889 0.5813802083333334 0.41242283950617287 0.578125 0.41358024691358025 0.5668402777777778 0.3939043209876543 0.572265625 0.38676697530864196 0.5783420138888888 0.38406635802469136
1 0.5572916666666666 0.37885802469135804 0.5631510416666666 0.3836805555555556 0.5655381944444444 0.3902391975308642 0.5598958333333334 0.404320987654321 0.5559895833333334 0.4054783950617284 0.5523003472222222 0.40084876543209874 0.5533854166666666 0.3836805555555556 0.5570746527777778 0.37905092592592593
1 0.3947482638888889 0.4099151234567901 0.3980034722222222 0.4112654320987654 0.3973524305555556 0.41531635802469136 0.3871527777777778 0.4195601851851852 0.3845486111111111 0.41473765432098764 0.39453125 0.4099151234567901
1 0.5859375 0.2962962962962963 0.5883246527777778 0.2978395061728395 0.5920138888888888 0.3109567901234568 0.5818142361111112 0.3038194444444444 0.5746527777777778 0.3080632716049383 0.5705295138888888 0.3072916666666667 0.57421875 0.2978395061728395 0.5857204861111112 0.2962962962962963
1 0.4587673611111111 0.26774691358024694 0.4611545138888889 0.2708333333333333 0.4602864583333333 0.27816358024691357 0.4496527777777778 0.2941743827160494 0.4457465277777778 0.29012345679012347 0.4470486111111111 0.27179783950617287 0.4500868055555556 0.2689043209876543 0.4585503472222222 0.26774691358024694
1 0.3235677083333333 0.47260802469135804 0.328125 0.47492283950617287 0.330078125 0.4801311728395062 0.3268229166666667 0.49459876543209874 0.3146701388888889 0.4972993827160494 0.3120659722222222 0.49517746913580246 0.3127170138888889 0.4809027777777778 0.3174913194444444 0.4737654320987654 0.3233506944444444 0.47260802469135804
1 0.3248697916666667 0.35445601851851855 0.012586805555555556 0.024112654320987654
1 0.4396701388888889 0.2638888888888889 0.4424913194444444 0.26427469135802467 0.44921875 0.27218364197530864 0.4496527777777778 0.28973765432098764 0.4481336805555556 0.2932098765432099 0.443359375 0.29475308641975306 0.4344618055555556 0.27642746913580246 0.435546875 0.26851851851851855 0.439453125 0.2638888888888889
1 0.3697916666666667 0.2596450617283951 0.3752170138888889 0.2621527777777778 0.3786892361111111 0.26871141975308643 0.3728298611111111 0.2837577160493827 0.3654513888888889 0.2862654320987654 0.3634982638888889 0.26851851851851855 0.3697916666666667 0.25983796296296297
1 0.6167534722222222 0.18074845679012347 0.6202256944444444 0.18229166666666666 0.6232638888888888 0.19328703703703703 0.6098090277777778 0.19193672839506173 0.5991753472222222 0.2013888888888889 0.5946180555555556 0.18981481481481483 0.5813802083333334 0.18479938271604937 0.6165364583333334 0.18074845679012347
1 0.3667534722222222 0.16743827160493827 0.3702256944444444 0.16956018518518517 0.3661024305555556 0.18287037037037038 0.3522135416666667 0.18074845679012347 0.3489583333333333 0.1728395061728395 0.3561197916666667 0.16878858024691357 0.3665364583333333 0.16743827160493827
1 0.3385416666666667 0.1572145061728395 0.3415798611111111 0.1579861111111111 0.3428819444444444 0.16570216049382716 0.3493923611111111 0.1720679012345679 0.3511284722222222 0.17843364197530864 0.3493923611111111 0.18267746913580246 0.3420138888888889 0.18344907407407407 0.3342013888888889 0.16782407407407407 0.330078125 0.16493055555555555 0.328125 0.16145833333333334 0.3350694444444444 0.16261574074074073 0.3385416666666667 0.1574074074074074
1 0.09266493055555555 0.8777006172839507 0.10872395833333333 0.8836805555555556 0.10828993055555555 0.8975694444444444 0.103515625 0.9010416666666666 0.08506944444444445 0.9068287037037037 0.08333333333333333 0.9035493827160493 0.08485243055555555 0.8919753086419753 0.08832465277777778 0.8798225308641975 0.09244791666666667 0.8777006172839507
1 0.12391493055555555 0.876929012345679 0.12890625 0.8800154320987654 0.12999131944444445 0.890625 0.1267361111111111 0.8962191358024691 0.11263020833333333 0.902391975308642 0.09852430555555555 0.9018132716049383 0.08506944444444445 0.9066358024691358 0.08355034722222222 0.8998842592592593 0.08919270833333333 0.878858024691358 0.0920138888888889 0.8777006172839507 0.10677083333333333 0.8813657407407407 0.12369791666666667 0.876929012345679
1 0.1896701388888889 0.2613811728395062 0.19422743055555555 0.2658179012345679 0.1948784722222222 0.2725694444444444 0.1892361111111111 0.2847222222222222 0.18229166666666666 0.28954475308641975 0.1801215277777778 0.2856867283950617 0.18055555555555555 0.2689043209876543 0.1857638888888889 0.2613811728395062 0.189453125 0.2613811728395062
1 0.09526909722222222 0.8784722222222222 0.10633680555555555 0.8809799382716049 0.1267361111111111 0.8757716049382716 0.1310763888888889 0.8800154320987654 0.13172743055555555 0.890625 0.1267361111111111 0.8969907407407407 0.11284722222222222 0.902391975308642 0.09809027777777778 0.9016203703703703 0.0859375 0.9058641975308642 0.0837673611111111 0.9010416666666666 0.0881076388888889 0.8800154320987654 0.09505208333333333 0.8784722222222222
1 0.0642361111111111 0.826195987654321 0.07855902777777778 0.8288966049382716 0.08094618055555555 0.8314043209876543 0.08051215277777778 0.8491512345679012 0.0779079861111111 0.8587962962962963 0.07465277777777778 0.8616898148148148 0.06944444444444445 0.8589891975308642 0.06792534722222222 0.8454861111111112 0.059027777777777776 0.8383487654320988 0.059895833333333336 0.8292824074074074 0.06401909722222222 0.826195987654321
1 0.11957465277777778 0.2679398148148148 0.13606770833333334 0.2864583333333333 0.1267361111111111 0.28530092592592593 0.123046875 0.29012345679012347 0.11805555555555555 0.28973765432098764 0.11436631944444445 0.27218364197530864 0.11610243055555555 0.26871141975308643 0.1193576388888889 0.2681327160493827
1 0.2732204861111111 0.18209876543209877 0.2799479166666667 0.1884645061728395 0.2829861111111111 0.2029320987654321 0.2777777777777778 0.2065972222222222 0.2725694444444444 0.20640432098765432 0.2658420138888889 0.19290123456790123 0.2684461805555556 0.18287037037037038 0.2730034722222222 0.18209876543209877
1 0.2827690972222222 0.1705246913580247 0.2864583333333333 0.1720679012345679 0.2944878472222222 0.18229166666666666 0.2934027777777778 0.1861496913580247 0.279296875 0.1865354938271605 0.2775607638888889 0.18209876543209877 0.2821180555555556 0.17573302469135801 0.2827690972222222 0.1707175925925926
1 0.4014756944444444 0.1251929012345679 0.4027777777777778 0.1267361111111111 0.3986545138888889 0.13348765432098766 0.4027777777777778 0.1404320987654321 0.4012586805555556 0.14332561728395063 0.3921440972222222 0.13695987654320987 0.3882378472222222 0.12654320987654322 0.4012586805555556 0.1251929012345679
1 0.3385416666666667 0.1570216049382716 0.341796875 0.15779320987654322 0.3435329861111111 0.16589506172839505 0.3489583333333333 0.17033179012345678 0.3624131944444444 0.16743827160493827 0.3695746527777778 0.1684027777777778 0.3667534722222222 0.18171296296296297 0.3580729166666667 0.18171296296296297 0.3556857638888889 0.18981481481481483 0.3489583333333333 0.18942901234567902 0.3483072916666667 0.18518518518518517 0.341796875 0.18441358024691357 0.3357204861111111 0.17033179012345678 0.3279079861111111 0.16184413580246915 0.3350694444444444 0.16242283950617284 0.3385416666666667 0.1572145061728395
1 0.20703125 0.1753472222222222 0.2124565972222222 0.17881944444444445 0.21375868055555555 0.18287037037037038 0.20638020833333334 0.19984567901234568 0.2026909722222222 0.1996527777777778 0.19856770833333334 0.18557098765432098 0.2068142361111111 0.1753472222222222
1 0.1714409722222222 0.17824074074074073 0.1870659722222222 0.18229166666666666 0.19444444444444445 0.1888503086419753 0.19249131944444445 0.19290123456790123 0.1857638888888889 0.19560185185185186 0.1740451388888889 0.19116512345679013 0.16471354166666666 0.19020061728395063 0.15625 0.1996527777777778 0.15125868055555555 0.20119598765432098 0.14713541666666666 0.19945987654320987 0.15364583333333334 0.1863425925925926 0.1636284722222222 0.17862654320987653 0.17122395833333334 0.17824074074074073
1 0.130859375 0.1711033950617284 0.13780381944444445 0.17496141975308643 0.15907118055555555 0.17862654320987653 0.14561631944444445 0.19830246913580246 0.13758680555555555 0.2038966049382716 0.13368055555555555 0.203125 0.1349826388888889 0.1853780864197531 0.1304253472222222 0.18152006172839505 0.12760416666666666 0.171875 0.1306423611111111 0.1711033950617284
1 0.12022569444444445 0.18094135802469136 0.12760416666666666 0.18209876543209877 0.13020833333333334 0.1857638888888889 0.13020833333333334 0.19309413580246915 0.1273871527777778 0.19810956790123457 0.08528645833333333 0.21334876543209877 0.08485243055555555 0.2027391975308642 0.08984375 0.18557098765432098 0.1095920138888889 0.1853780864197531 0.12000868055555555 0.18094135802469136
1 0.12825520833333334 0.17862654320987653 0.13606770833333334 0.18287037037037038 0.1332465277777778 0.18518518518518517 0.13151041666666666 0.19598765432098766 0.1254340277777778 0.2013888888888889 0.10980902777777778 0.20582561728395063 0.0993923611111111 0.2044753086419753 0.0920138888888889 0.21026234567901234 0.08745659722222222 0.20987654320987653 0.09049479166666667 0.20679012345679013 0.0876736111111111 0.2019675925925926 0.09114583333333333 0.18557098765432098 0.10611979166666667 0.1857638888888889 0.12196180555555555 0.17862654320987653 0.12803819444444445 0.17862654320987653
1 0.7992621527777778 0 0.8020833333333334 0 0.8068576388888888 0.004436728395061728 0.8120659722222222 0.011959876543209876 0.8107638888888888 0.022376543209876542 0.8068576388888888 0.02546296296296296 0.8025173611111112 0.02546296296296296 0.7940538194444444 0.010802469135802469 0.7953559027777778 0.004629629629629629 0.7992621527777778 0.00019290123456790122
1 0.7797309027777778 0 0.7962239583333334 0 0.7931857638888888 0.013695987654320988 0.7897135416666666 0.01832561728395062 0.7860243055555556 0.016010802469135804 0.7797309027777778 0.00019290123456790122
1 0.775390625 0 0.7962239583333334 0 0.7931857638888888 0.016975308641975308 0.7901475694444444 0.020640432098765434 0.7864583333333334 0.021026234567901234 0.779296875 0.019097222222222224 0.783203125 0.015239197530864198 0.7805989583333334 0.013695987654320988 0.7805989583333334 0.008680555555555556 0.775390625 0.00019290123456790122
1 0.7690972222222222 0 0.7810329861111112 0 0.7866753472222222 0.014660493827160493 0.7853732638888888 0.022376543209876542 0.77734375 0.019097222222222224 0.767578125 0.0073302469135802465 0.7690972222222222 0.00019290123456790122
1 0.7111545138888888 0 0.7267795138888888 0 0.7341579861111112 0.005015432098765432 0.7345920138888888 0.008487654320987654 0.7200520833333334 0.010030864197530864 0.7111545138888888 0.00019290123456790122
1 0.4565972222222222 0.09162808641975309 0.4605034722222222 0.0933641975308642 0.4644097222222222 0.10609567901234568 0.4529079861111111 0.12422839506172839 0.4494357638888889 0.1232638888888889 0.4474826388888889 0.11284722222222222 0.4505208333333333 0.10609567901234568 0.451171875 0.09529320987654322 0.4563802083333333 0.09182098765432099
1 0.4507378472222222 0.09452160493827161 0.4529079861111111 0.10030864197530864 0.4490017361111111 0.11631944444444445 0.4398871527777778 0.12403549382716049 0.4357638888888889 0.12307098765432099 0.4375 0.10243055555555555 0.4440104166666667 0.09529320987654322 0.4505208333333333 0.09452160493827161
1 0.2803819444444444 0.09490740740740741 0.2849392361111111 0.09702932098765432 0.2890625 0.10628858024691358 0.2805989583333333 0.11824845679012345 0.279296875 0.1248070987654321 0.2771267361111111 0.1253858024691358 0.2723524305555556 0.12094907407407407 0.2651909722222222 0.12307098765432099 0.2580295138888889 0.11959876543209877 0.2619357638888889 0.11419753086419752 0.2630208333333333 0.10570987654320987 0.26953125 0.09702932098765432 0.2801649305555556 0.09490740740740741
1 0.14735243055555555 0.12962962962962962 0.14713541666666666 0.13368055555555555 0.13736979166666666 0.1392746913580247 0.13411458333333334 0.14544753086419754 0.12239583333333333 0.1371527777777778 0.12217881944444445 0.13368055555555555 0.12890625 0.13001543209876543 0.14713541666666666 0.12962962962962962
1 0.109375 0.13078703703703703 0.11284722222222222 0.13368055555555555 0.10633680555555555 0.13734567901234568 0.10199652777777778 0.13695987654320987 0.10047743055555555 0.13329475308641975 0.10221354166666667 0.13117283950617284 0.1091579861111111 0.13078703703703703
1 0.6905381944444444 0 0.7272135416666666 0 0.734375 0.007716049382716049 0.7200520833333334 0.010030864197530864 0.7100694444444444 0.002507716049382716 0.7024739583333334 0.0023148148148148147 0.6920572916666666 0.008487654320987654 0.6892361111111112 0.00636574074074074 0.6905381944444444 0.00019290123456790122
1 0.6892361111111112 0 0.7000868055555556 0 0.6976996527777778 0.005208333333333333 0.6927083333333334 0.008873456790123456 0.6892361111111112 0.0073302469135802465 0.6892361111111112 0.00019290123456790122
1 0.08203125 0.13290895061728394 0.08355034722222222 0.13368055555555555 0.08072916666666667 0.1408179012345679 0.08116319444444445 0.15432098765432098 0.078125 0.16570216049382716 0.07486979166666667 0.16859567901234568 0.06966145833333333 0.16512345679012347 0.0685763888888889 0.15258487654320987 0.059244791666666664 0.14718364197530864 0.057942708333333336 0.1404320987654321 0.062065972222222224 0.13348765432098766 0.0818142361111111 0.13290895061728394
1 0.2131076388888889 0.1886574074074074 0.21223958333333334 0.1996527777777778 0.21354166666666666 0.2013888888888889 0.216796875 0.2017746913580247 0.2183159722222222 0.19579475308641975 0.22395833333333334 0.1900077160493827 0.2261284722222222 0.1857638888888889 0.22374131944444445 0.17881944444444445 0.2209201388888889 0.17650462962962962 0.21744791666666666 0.17746913580246915 0.21592881944444445 0.17881944444444445 0.21419270833333334 0.18229166666666666
1 0.4077690972222222 0.41107253086419754 0.4077690972222222 0.41280864197530864 0.4114583333333333 0.4176311728395062 0.4149305555555556 0.4185956790123457 0.41737000868055557 0.414541087962963 0.42051280381944445 0.4183628472222222 0.4251302083333333 0.4226466049382716 0.4264322916666667 0.421875 0.4255642361111111 0.41454475308641975 0.4227430555555556 0.41203703703703703 0.4149305555555556 0.41087962962962965
1 0.4294704861111111 0.45891203703703703 0.4292534722222222 0.46045524691358025 0.4303385416666667 0.46161265432098764 0.4351128472222222 0.46199845679012347 0.4364149305555556 0.4600694444444444 0.4364149305555556 0.4564043209876543 0.435546875 0.4554398148148148 0.4320746527777778 0.4556327160493827
1 0.6814236111111112 0.6059027777777778 0.6799045138888888 0.6091820987654321 0.6812065972222222 0.6190200617283951 0.6825086805555556 0.6226851851851852 0.6851128472222222 0.6263503086419753 0.6877170138888888 0.6275077160493827 0.6905381944444444 0.6304012345679012 0.69140625 0.6327160493827161 0.6911892361111112 0.640625 0.6927083333333334 0.6419753086419753 0.6950954861111112 0.640625 0.7005208333333334 0.6350308641975309 0.7072482638888888 0.6336805555555556 0.7074652777777778 0.6300154320987654 0.7065972222222222 0.6265432098765432 0.7018229166666666 0.6182484567901234 0.701171875 0.6095679012345679 0.6979166666666666 0.6049382716049383 0.6942274305555556 0.6024305555555556 0.6890190972222222 0.6003086419753086 0.6846788194444444 0.6016589506172839
1 0.7271786024305555 0.6408402777777777 0.7309027777777778 0.6421682098765432 0.7358940972222222 0.6415895061728395 0.7391493055555556 0.6388888888888888 0.7432725694444444 0.6369598765432098 0.7430555555555556 0.6346450617283951 0.7413194444444444 0.6340663580246914 0.7379108072916667 0.6331415895061728 0.7309283854166666 0.6325671296296297 0.7319878472222222 0.6365740740740741 0.7332558593749999 0.6361292438271605
1 0.6336805555555556 0.6182484567901234 0.6338975694444444 0.6201774691358025 0.6399739583333334 0.6228780864197531 0.6438802083333334 0.6271219135802469 0.6449652777777778 0.6265432098765432 0.6473524305555556 0.6197916666666666 0.646484375 0.6174768518518519 0.638671875 0.6159336419753086 0.6354166666666666 0.6163194444444444