1 0.6751302083333334 0.9695216049382716 0.6725260416666666 0.9739583333333334 0.677734375 0.9776234567901234 0.6716579861111112 0.9845679012345679 0.6508246527777778 0.9828317901234568 0.6486545138888888 0.9774305555555556 0.6749131944444444 0.9697145061728395
1 0.6616753472222222 0.9567901234567902 0.6688368055555556 0.956983024691358 0.6716579861111112 0.9594907407407407 0.6647135416666666 0.9652777777777778 0.6595052083333334 0.9623842592592593 0.6438802083333334 0.9623842592592593 0.6399739583333334 0.9600694444444444 0.6430121527777778 0.9571759259259259 0.6614583333333334 0.9567901234567902
1 0.6260850694444444 0.9758873456790124 0.6371527777777778 0.9809027777777778 0.6399739583333334 0.9874614197530864 0.6378038194444444 0.9909336419753086 0.6161024305555556 0.9878472222222222 0.6143663194444444 0.984375 0.6156684027777778 0.9801311728395061 0.6197916666666666 0.9762731481481481 0.6258680555555556 0.9758873456790124
1 0.6106770833333334 0.9874614197530864 0.6197916666666666 0.9945987654320988 0.6213107638888888 0.9998070987654321 0.5965711805555556 0.9998070987654321 0.5970052083333334 0.9944058641975309 0.6011284722222222 0.9897762345679012 0.6059027777777778 0.9870756172839507 0.6104600694444444 0.9874614197530864
1 0.6043836805555556 0.9575617283950617 0.6056857638888888 0.9598765432098766 0.6022135416666666 0.9670138888888888 0.5987413194444444 0.9664351851851852 0.5954861111111112 0.9596836419753086 0.5983072916666666 0.9571759259259259 0.6041666666666666 0.9575617283950617
1 0.5818142361111112 0.9764660493827161 0.5883246527777778 0.9841820987654321 0.5837673611111112 0.9998070987654321 0.5772569444444444 0.9998070987654321 0.5748697916666666 0.9878472222222222 0.5763888888888888 0.9772376543209876 0.5815972222222222 0.9764660493827161
1 0.5924479166666666 0.9565972222222222 0.5950520833333334 0.9598765432098766 0.5896267361111112 0.9677854938271605 0.5855034722222222 0.9693287037037037 0.5844184027777778 0.9577546296296297 0.5922309027777778 0.9565972222222222
1 0.5779079861111112 0.9739583333333334 0.5802951388888888 0.9776234567901234 0.5744357638888888 0.9903549382716049 0.5674913194444444 0.9876543209876543 0.5668402777777778 0.9816743827160493 0.5703125 0.9764660493827161 0.5776909722222222 0.9739583333333334
1 0.5572916666666666 0.9847608024691358 0.5633680555555556 0.9886188271604939 0.5677083333333334 0.9857253086419753 0.5713975694444444 0.9895833333333334 0.5700954861111112 0.9998070987654321 0.55078125 0.9998070987654321 0.5529513888888888 0.9874614197530864 0.5570746527777778 0.9847608024691358
1 0.5575086805555556 0.9564043209876543 0.564453125 0.9598765432098766 0.5611979166666666 0.9650848765432098 0.560546875 0.9737654320987654 0.5572916666666666 0.9758873456790124 0.5564236111111112 0.9677854938271605 0.5523003472222222 0.9602623456790124 0.5538194444444444 0.956983024691358 0.5572916666666666 0.9564043209876543
1 0.7706163194444444 0.730516975308642 0.7751736111111112 0.7388117283950617 0.7730034722222222 0.7546296296296297 0.7788628472222222 0.7621527777777778 0.7766927083333334 0.7646604938271605 0.7719184027777778 0.7629243827160493 0.765625 0.7654320987654321 0.7625868055555556 0.7619598765432098 0.7628038194444444 0.7503858024691358 0.7586805555555556 0.7378472222222222 0.7654079861111112 0.7280092592592593 0.7703993055555556 0.730516975308642
1 0.5744357638888888 0.9330632716049383 0.5818142361111112 0.9417438271604939 0.5783420138888888 0.9579475308641975 0.5672743055555556 0.9608410493827161 0.5607638888888888 0.9432870370370371 0.5642361111111112 0.935570987654321 0.57421875 0.9332561728395061
1 0.529296875 0.9789737654320988 0.53515625 0.9847608024691358 0.5381944444444444 0.9998070987654321 0.5234375 0.9998070987654321 0.5180121527777778 0.9911265432098766 0.5206163194444444 0.9826388888888888 0.5290798611111112 0.9791666666666666
1 0.5069444444444444 0.9743441358024691 0.5177951388888888 0.9807098765432098 0.5134548611111112 0.9957561728395061 0.5093315972222222 0.9998070987654321 0.4971788194444444 0.9998070987654321 0.4978298611111111 0.9807098765432098 0.5015190972222222 0.9762731481481481 0.5067274305555556 0.9743441358024691
1 0.5271267361111112 0.8954475308641975 0.5290798611111112 0.8973765432098766 0.5282118055555556 0.9021990740740741 0.515625 0.9083719135802469 0.5182291666666666 0.8971836419753086 0.5269097222222222 0.8954475308641975
1 0.5668402777777778 0.7853009259259259 0.578125 0.7908950617283951 0.5792100694444444 0.7976466049382716 0.5750868055555556 0.8009259259259259 0.5709635416666666 0.798804012345679 0.5672743055555556 0.8003472222222222 0.5572916666666666 0.7982253086419753 0.5512152777777778 0.7934027777777778 0.5568576388888888 0.7858796296296297 0.5666232638888888 0.7853009259259259
1 0.4045138888888889 0.9691358024691358 0.400390625 0.9533179012345679 0.4086371527777778 0.9529320987654321 0.41015625 0.9552469135802469 0.4045138888888889 0.9689429012345679
1 0.3923611111111111 0.8630401234567902 0.4010416666666667 0.8649691358024691 0.4051649305555556 0.8703703703703703 0.4047309027777778 0.8773148148148148 0.3943142361111111 0.8993055555555556 0.3897569444444444 0.8933256172839507 0.3802083333333333 0.8912037037037037 0.3834635416666667 0.8850308641975309 0.3856336805555556 0.8663194444444444 0.3873697916666667 0.8638117283950617 0.3921440972222222 0.8630401234567902
1 0.751953125 0.6024305555555556 0.7584635416666666 0.6089891975308642 0.7593315972222222 0.6163194444444444 0.755859375 0.6238425925925926 0.7482638888888888 0.6271219135802469 0.7417534722222222 0.6232638888888888 0.7404513888888888 0.6176697530864198 0.7434895833333334 0.6024305555555556 0.7517361111111112 0.6024305555555556
1 0.7348090277777778 0.6001157407407407 0.7515190972222222 0.6022376543209876 0.7584635416666666 0.6091820987654321 0.7584635416666666 0.6199845679012346 0.7549913194444444 0.6244212962962963 0.7482638888888888 0.6271219135802469 0.7378472222222222 0.6207561728395061 0.7309027777777778 0.6257716049382716 0.7272135416666666 0.6232638888888888 0.7228732638888888 0.6078317901234568 0.7274305555555556 0.6020447530864198 0.7345920138888888 0.6001157407407407
1 0.7350260416666666 0.5999228395061729 0.7415364583333334 0.6024305555555556 0.7413194444444444 0.6128472222222222 0.7395833333333334 0.6199845679012346 0.7309027777777778 0.6259645061728395 0.7267795138888888 0.6224922839506173 0.7224392361111112 0.6089891975308642 0.7269965277777778 0.6022376543209876 0.7348090277777778 0.5999228395061729
1 0.6577690972222222 0.5929783950617284 0.6681857638888888 0.5968364197530864 0.6751302083333334 0.5945216049382716 0.6844618055555556 0.5958719135802469 0.6807725694444444 0.6124614197530864 0.6820746527777778 0.6194058641975309 0.6786024305555556 0.6174768518518519 0.6712239583333334 0.6180555555555556 0.6612413194444444 0.6086033950617284 0.654296875 0.6095679012345679 0.6506076388888888 0.5952932098765432 0.6575520833333334 0.5929783950617284
1 0.4088541666666667 0.6971450617283951 0.4147135416666667 0.7027391975308642 0.4149305555555556 0.7094907407407407 0.4075520833333333 0.7228009259259259 0.4019097222222222 0.7255015432098766 0.3997395833333333 0.7064043209876543 0.4086371527777778 0.6971450617283951
1 0.3250868055555556 0.7752700617283951 0.330078125 0.779320987654321 0.3318142361111111 0.7864583333333334 0.3246527777777778 0.7989969135802469 0.3209635416666667 0.7980324074074074 0.31640625 0.7829861111111112 0.3207465277777778 0.7762345679012346 0.3248697916666667 0.7752700617283951
1 0.2860243055555556 0.7586805555555556 0.2951388888888889 0.7586805555555556 0.2994791666666667 0.7635030864197531 0.3092447916666667 0.7681327160493827 0.3142361111111111 0.7729552469135802 0.314453125 0.7785493827160493 0.296875 0.7777777777777778 0.2921006944444444 0.763695987654321 0.2862413194444444 0.7588734567901234
1 0.2243923611111111 0.7652391975308642 0.2341579861111111 0.7689043209876543 0.2547743055555556 0.7689043209876543 0.2606336805555556 0.7760416666666666 0.2621527777777778 0.7804783950617284 0.24913194444444445 0.7798996913580247 0.24131944444444445 0.7910879629629629 0.23524305555555555 0.7895447530864198 0.2341579861111111 0.7822145061728395 0.22764756944444445 0.7779706790123457 0.22352430555555555 0.7689043209876543 0.2241753472222222 0.7652391975308642
1 0.2378472222222222 0.6900077160493827 0.24153645833333334 0.6932870370370371 0.2437065972222222 0.701195987654321 0.2387152777777778 0.7106481481481481 0.2378472222222222 0.7202932098765432 0.2241753472222222 0.7152777777777778 0.2202690972222222 0.7183641975308642 0.20985243055555555 0.7135416666666666 0.21571180555555555 0.7077546296296297 0.2209201388888889 0.6963734567901234 0.2269965277777778 0.6921296296296297 0.23763020833333334 0.6900077160493827
1 0.1759982638888889 0.7654320987654321 0.18229166666666666 0.7673611111111112 0.18663194444444445 0.7727623456790124 0.1872829861111111 0.7758487654320988 0.1831597222222222 0.7827932098765432 0.185546875 0.7899305555555556 0.1831597222222222 0.7912808641975309 0.17078993055555555 0.7899305555555556 0.1684027777777778 0.7880015432098766 0.166015625 0.7899305555555556 0.16015625 0.7897376543209876 0.1625434027777778 0.7791280864197531 0.1684027777777778 0.7677469135802469 0.17122395833333334 0.7654320987654321 0.17578125 0.7654320987654321
1 0.12760416666666666 0.7654320987654321 0.140625 0.7669753086419753 0.14453125 0.7723765432098766 0.13953993055555555 0.7897376543209876 0.1371527777777778 0.7910879629629629 0.1265190972222222 0.7872299382716049 0.11957465277777778 0.7754629629629629 0.12000868055555555 0.7683256172839507 0.123046875 0.7654320987654321 0.1273871527777778 0.7654320987654321
1 0.10221354166666667 0.7170138888888888 0.12109375 0.7181712962962963 0.126953125 0.7274305555555556 0.119140625 0.7301311728395061 0.10828993055555555 0.7274305555555556 0.10243055555555555 0.7172067901234568
1 0.12022569444444445 0.7515432098765432 0.12152777777777778 0.7550154320987654 0.11284722222222222 0.7758487654320988 0.10590277777777778 0.7822145061728395 0.0900607638888889 0.7881944444444444 0.08702256944444445 0.7858796296296297 0.09505208333333333 0.7717978395061729 0.10264756944444445 0.7638888888888888 0.11458333333333333 0.7581018518518519 0.12000868055555555 0.7515432098765432
1 0.07118055555555555 0.8472222222222222 0.0842013888888889 0.8591820987654321 0.08072916666666667 0.861304012345679 0.0783420138888889 0.871141975308642 0.05837673611111111 0.8892746913580247 0.050130208333333336 0.9031635802469136 0.046223958333333336 0.9008487654320988 0.04991319444444445 0.8840663580246914 0.05381944444444445 0.8771219135802469 0.06684027777777778 0.8638117283950617 0.0705295138888889 0.8560956790123457 0.06749131944444445 0.8485725308641975 0.07096354166666667 0.8472222222222222
1 0.7873263888888888 0.48746141975308643 0.7916666666666666 0.49440586419753085 0.7901475694444444 0.4976851851851852 0.7829861111111112 0.4913194444444444 0.783203125 0.4878472222222222 0.787109375 0.48746141975308643
1 0.6853298611111112 0.47665895061728397 0.6961805555555556 0.4807098765432099 0.6976996527777778 0.49537037037037035 0.6961805555555556 0.49864969135802467 0.6931423611111112 0.4992283950617284 0.6818576388888888 0.4984567901234568 0.6790364583333334 0.49537037037037035 0.6781684027777778 0.4807098765432099 0.6820746527777778 0.47646604938271603 0.6851128472222222 0.47665895061728397
1 0.6195746527777778 0.5050154320987654 0.6260850694444444 0.5084876543209876 0.623046875 0.5229552469135802 0.6154513888888888 0.5158179012345679 0.6126302083333334 0.5088734567901234 0.6139322916666666 0.5052083333333334 0.6193576388888888 0.5050154320987654
1 0.6356336805555556 0.4697145061728395 0.6436631944444444 0.47357253086419754 0.6456163194444444 0.47723765432098764 0.6432291666666666 0.49112654320987653 0.6373697916666666 0.4940200617283951 0.6284722222222222 0.47762345679012347 0.6299913194444444 0.4704861111111111 0.6354166666666666 0.4697145061728395
1 0.6341145833333334 0.4689429012345679 0.6369357638888888 0.4704861111111111 0.6371527777777778 0.4737654320987654 0.634765625 0.48900462962962965 0.6302083333333334 0.484375 0.6278211805555556 0.4774305555555556 0.6295572916666666 0.4702932098765432 0.6338975694444444 0.4689429012345679
1 0.5954861111111112 0.47627314814814814 0.6022135416666666 0.47858796296296297 0.6067708333333334 0.484375 0.6056857638888888 0.4949845679012346 0.6024305555555556 0.49440586419753085 0.5989583333333334 0.49016203703703703 0.5870225694444444 0.4866898148148148 0.5883246527777778 0.47955246913580246 0.5952690972222222 0.47627314814814814
1 0.5640190972222222 0.5025077160493827 0.5661892361111112 0.5054012345679012 0.5542534722222222 0.5256558641975309 0.5505642361111112 0.5256558641975309 0.5486111111111112 0.5229552469135802 0.5501302083333334 0.5189043209876543 0.5477430555555556 0.5052083333333334 0.5638020833333334 0.5027006172839507
1 0.609375 0.4402006172839506 0.6143663194444444 0.44598765432098764 0.6154513888888888 0.45698302469135804 0.6128472222222222 0.4618055555555556 0.6082899305555556 0.45987654320987653 0.6032986111111112 0.44637345679012347 0.6030815972222222 0.4427083333333333 0.6091579861111112 0.4402006172839506
1 0.603515625 0.44309413580246915 0.6072048611111112 0.4600694444444444 0.6061197916666666 0.46489197530864196 0.6026475694444444 0.4662422839506173 0.5998263888888888 0.46392746913580246 0.5952690972222222 0.44926697530864196 0.5989583333333334 0.44367283950617287 0.6032986111111112 0.44309413580246915
1 0.7274305555555556 0.3800154320987654 0.7306857638888888 0.38078703703703703 0.7311197916666666 0.38348765432098764 0.7261284722222222 0.3863811728395062 0.724609375 0.390625 0.7102864583333334 0.3931327160493827 0.703125 0.3908179012345679 0.701171875 0.38155864197530864 0.7135416666666666 0.3767361111111111 0.7237413194444444 0.3753858024691358 0.7272135416666666 0.3800154320987654
1 0.6616753472222222 0.39274691358024694 0.6677517361111112 0.39544753086419754 0.6773003472222222 0.4045138888888889 0.6770833333333334 0.4079861111111111 0.6684027777777778 0.4104938271604938 0.6644965277777778 0.4072145061728395 0.6540798611111112 0.4074074074074074 0.6484375 0.4045138888888889 0.6508246527777778 0.39718364197530864 0.6551649305555556 0.39371141975308643 0.6614583333333334 0.39274691358024694
1 0.6618923611111112 0.39274691358024694 0.6681857638888888 0.39699074074074076 0.6707899305555556 0.4027777777777778 0.66796875 0.40489969135802467 0.6547309027777778 0.4068287037037037 0.6477864583333334 0.404320987654321 0.6484375 0.40084876543209874 0.654296875 0.3939043209876543 0.6616753472222222 0.39274691358024694
1 0.5362413194444444 0.4664351851851852 0.5399305555555556 0.47434413580246915 0.5334201388888888 0.4876543209876543 0.529296875 0.48746141975308643 0.5282118055555556 0.47337962962962965 0.5329861111111112 0.4670138888888889 0.5360243055555556 0.46662808641975306
1 0.67578125 0.3809799382716049 0.6890190972222222 0.38599537037037035 0.6909722222222222 0.3940972222222222 0.6859809027777778 0.39602623456790126 0.6668836805555556 0.3917824074074074 0.6662326388888888 0.3869598765432099 0.6716579861111112 0.38155864197530864 0.6755642361111112 0.3809799382716049
1 0.6336805555555556 0.38175154320987653 0.6393229166666666 0.3871527777777778 0.6404079861111112 0.3939043209876543 0.6371527777777778 0.4029706790123457 0.6334635416666666 0.4066358024691358 0.6299913194444444 0.4054783950617284 0.6271701388888888 0.39448302469135804 0.6297743055555556 0.38252314814814814 0.6334635416666666 0.38175154320987653
1 0.6095920138888888 0.3917824074074074 0.6228298611111112 0.3975694444444444 0.6163194444444444 0.41531635802469136 0.6130642361111112 0.41724537037037035 0.6024305555555556 0.4168595679012346 0.6002604166666666 0.4149305555555556 0.603515625 0.4077932098765432 0.603515625 0.39737654320987653 0.609375 0.3917824074074074
1 0.6273871527777778 0.3794367283950617 0.6325954861111112 0.3836805555555556 0.6278211805555556 0.3933256172839506 0.6232638888888888 0.39621913580246915 0.619140625 0.39351851851851855 0.6184895833333334 0.3869598765432099 0.6271701388888888 0.3794367283950617
1 0.4809027777777778 0.4731867283950617 0.4841579861111111 0.47588734567901236 0.4850260416666667 0.48128858024691357 0.4772135416666667 0.4949845679012346 0.4752604166666667 0.49266975308641975 0.474609375 0.48051697530864196 0.4772135416666667 0.47434413580246915 0.4806857638888889 0.4731867283950617
1 0.7085503472222222 0.36072530864197533 0.7170138888888888 0.36149691358024694 0.716796875 0.36574074074074076 0.7133246527777778 0.3638117283950617 0.7039930555555556 0.3663194444444444 0.6959635416666666 0.36574074074074076 0.69140625 0.3626543209876543 0.6948784722222222 0.36072530864197533 0.7083333333333334 0.36072530864197533
1 0.634765625 0.359375 0.6532118055555556 0.361304012345679 0.65234375 0.37017746913580246 0.6499565972222222 0.3699845679012346 0.6471354166666666 0.36496913580246915 0.6421440972222222 0.3705632716049383 0.6371527777777778 0.3717206790123457 0.6349826388888888 0.3595679012345679
1 0.4709201388888889 0.47762345679012347 0.4750434027777778 0.4837962962962963 0.4748263888888889 0.4947916666666667 0.4711371527777778 0.4984567901234568 0.4676649305555556 0.49594907407407407 0.4644097222222222 0.484375 0.4670138888888889 0.47878086419753085 0.470703125 0.47762345679012347
1 0.5815972222222222 0.3854166666666667 0.5861545138888888 0.3900462962962963 0.5904947916666666 0.4077932098765432 0.5815972222222222 0.4074074074074074 0.5746527777777778 0.4122299382716049 0.57421875 0.4045138888888889 0.5696614583333334 0.39371141975308643 0.5750868055555556 0.38676697530864196 0.5813802083333334 0.3854166666666667
1 0.6056857638888888 0.3609182098765432 0.615234375 0.3626543209876543 0.6124131944444444 0.37094907407407407 0.6091579861111112 0.3724922839506173 0.6052517361111112 0.36612654320987653 0.6056857638888888 0.3611111111111111
1 0.5572916666666666 0.37905092592592593 0.5694444444444444 0.3871527777777778 0.5694444444444444 0.39448302469135804 0.564453125 0.4018132716049383 0.5609809027777778 0.4045138888888889 0.5490451388888888 0.4045138888888889 0.5494791666666666 0.3869598765432099 0.5570746527777778 0.3792438271604938
1 0.6273871527777778 0.33757716049382713 0.6334635416666666 0.3447145061728395 0.6306423611111112 0.359375 0.6273871527777778 0.36246141975308643 0.6197916666666666 0.36419753086419754 0.6167534722222222 0.3628472222222222 0.6165364583333334 0.3559027777777778 0.6119791666666666 0.3447145061728395 0.6163194444444444 0.33796296296296297 0.6271701388888888 0.33757716049382713
1 0.4149305555555556 0.41107253086419754 0.4210069444444444 0.41512345679012347 0.421875 0.41878858024691357 0.4192708333333333 0.419945987654321 0.4071180555555556 0.41377314814814814 0.4069010416666667 0.41087962962962965 0.4147135416666667 0.41107253086419754
1 0.4431423611111111 0.26697530864197533 0.4505208333333333 0.2681327160493827 0.4565972222222222 0.27237654320987653 0.4474826388888889 0.29147376543209874 0.4459635416666667 0.2993827160493827 0.4427083333333333 0.3020833333333333 0.4383680555555556 0.296875 0.4281684027777778 0.2966820987654321 0.4320746527777778 0.29050925925925924 0.435546875 0.2683256172839506 0.4390190972222222 0.2660108024691358 0.4429253472222222 0.26697530864197533
1 0.08138020833333333 0.7673611111111112 0.08506944444444445 0.7690972222222222 0.087890625 0.7758487654320988 0.08485243055555555 0.7878086419753086 0.06510416666666667 0.7903163580246914 0.0625 0.7895447530864198 0.06032986111111111 0.7791280864197531 0.07183159722222222 0.7689043209876543 0.08116319444444445 0.7673611111111112
1 0.06684027777777778 0.7170138888888888 0.07573784722222222 0.7175925925925926 0.07747395833333333 0.7272376543209876 0.0744357638888889 0.730516975308642 0.06770833333333333 0.7270447530864198 0.06684027777777778 0.7172067901234568
1 0.04861111111111111 0.7584876543209876 0.06770833333333333 0.7642746913580247 0.0703125 0.7687114197530864 0.0681423611111111 0.7729552469135802 0.060112847222222224 0.7739197530864198 0.05078125 0.7785493827160493 0.045355902777777776 0.7775848765432098 0.03624131944444445 0.765625 0.03819444444444445 0.7608024691358025 0.048394097222222224 0.7584876543209876
1 0.023003472222222224 0.7145061728395061 0.04709201388888889 0.7170138888888888 0.046875 0.7202932098765432 0.04079861111111111 0.7266589506172839 0.039713541666666664 0.7391975308641975 0.029513888888888888 0.7467206790123457 0.028645833333333332 0.734375 0.022569444444444444 0.7285879629629629 0.019965277777777776 0.720679012345679 0.020182291666666668 0.7158564814814815 0.022786458333333332 0.7145061728395061
1 0.2072482638888889 0.4417438271604938 0.21592881944444445 0.44502314814814814 0.2202690972222222 0.4496527777777778 0.2204861111111111 0.453125 0.2170138888888889 0.4567901234567901 0.2111545138888889 0.4542824074074074 0.2065972222222222 0.44830246913580246 0.2052951388888889 0.4425154320987654 0.20703125 0.4417438271604938
1 0.6100260416666666 0.18190586419753085 0.6232638888888888 0.1853780864197531 0.6284722222222222 0.19251543209876543 0.6236979166666666 0.2006172839506173 0.61328125 0.203125 0.6061197916666666 0.20042438271604937 0.599609375 0.19270833333333334 0.6022135416666666 0.1849922839506173 0.6098090277777778 0.18190586419753085
1 0.3702256944444444 0.17804783950617284 0.3763020833333333 0.18229166666666666 0.3786892361111111 0.18904320987654322 0.3732638888888889 0.20042438271604937 0.3700086805555556 0.20158179012345678 0.3663194444444444 0.1996527777777778 0.3619791666666667 0.18904320987654322 0.3656684027777778 0.18055555555555555 0.3700086805555556 0.17804783950617284
1 0.8155381944444444 0.12268518518518519 0.8211805555555556 0.13078703703703703 0.8200954861111112 0.14737654320987653 0.8257378472222222 0.15779320987654322 0.8177083333333334 0.1554783950617284 0.8140190972222222 0.1597222222222222 0.8098958333333334 0.1541280864197531 0.8092447916666666 0.14371141975308643 0.8051215277777778 0.13252314814814814 0.8092447916666666 0.1232638888888889 0.8153211805555556 0.12268518518518519
1 0.3391927083333333 0.16165123456790123 0.3448350694444444 0.16724537037037038 0.3595920138888889 0.1753472222222222 0.3617621527777778 0.18171296296296297 0.359375 0.18595679012345678 0.3420138888888889 0.18094135802469136 0.3355034722222222 0.16473765432098766 0.3389756944444444 0.16165123456790123
1 0.2654079861111111 0.1714891975308642 0.2821180555555556 0.17573302469135801 0.3003472222222222 0.1743827160493827 0.3090277777777778 0.18557098765432098 0.2957899305555556 0.1857638888888889 0.2884114583333333 0.19598765432098766 0.2819010416666667 0.19579475308641975 0.2790798611111111 0.19270833333333334 0.2801649305555556 0.1886574074074074 0.2732204861111111 0.18557098765432098 0.271484375 0.17862654320987653 0.2654079861111111 0.1716820987654321
1 0.2170138888888889 0.17418981481481483 0.22721354166666666 0.17785493827160495 0.2309027777777778 0.18209876543209877 0.23133680555555555 0.1857638888888889 0.22743055555555555 0.19232253086419754 0.23046875 0.19945987654320987 0.2289496527777778 0.20003858024691357 0.22395833333333334 0.19830246913580246 0.216796875 0.1996527777777778 0.21354166666666666 0.19714506172839505 0.203125 0.19945987654320987 0.2072482638888889 0.18557098765432098 0.2133246527777778 0.17515432098765432 0.216796875 0.17418981481481483
1 0.11328125 0.2648533950617284 0.12608506944444445 0.2725694444444444 0.12803819444444445 0.27584876543209874 0.12434895833333333 0.27816358024691357 0.1208767361111111 0.2899305555555556 0.10633680555555555 0.30227623456790126 0.10546875 0.2916666666666667 0.1134982638888889 0.27411265432098764 0.111328125 0.265625 0.1130642361111111 0.2648533950617284
1 0.16861979166666666 0.17804783950617284 0.1820746527777778 0.17824074074074073 0.1875 0.18209876543209877 0.18836805555555555 0.1857638888888889 0.18294270833333334 0.19984567901234568 0.17903645833333334 0.2027391975308642 0.1684027777777778 0.19810956790123457 0.1642795138888889 0.19251543209876543 0.1618923611111111 0.18190586419753085 0.1638454861111111 0.17862654320987653 0.1684027777777778 0.17804783950617284
1 0.16124131944444445 0.16512345679012347 0.16341145833333334 0.16859567901234568 0.15907118055555555 0.18229166666666666 0.15169270833333334 0.19270833333333334 0.1384548611111111 0.2006172839506173 0.1325954861111111 0.2017746913580247 0.12977430555555555 0.19984567901234568 0.1404079861111111 0.18094135802469136 0.15711805555555555 0.1709104938271605 0.16124131944444445 0.16531635802469136
1 0.123046875 0.18248456790123457 0.1293402777777778 0.18904320987654322 0.12760416666666666 0.20119598765432098 0.123046875 0.2042824074074074 0.10590277777777778 0.20601851851851852 0.10221354166666667 0.20505401234567902 0.1015625 0.19598765432098766 0.10785590277777778 0.19290123456790123 0.1091579861111111 0.1853780864197531 0.1228298611111111 0.18248456790123457
1 0.7836371527777778 0 0.8001302083333334 0 0.80078125 0.008294753086419753 0.7981770833333334 0.015817901234567902 0.7899305555555556 0.01890432098765432 0.7864583333333334 0.017746913580246913 0.7819010416666666 0.012152777777777778 0.7836371527777778 0.00019290123456790122
1 0.7647569444444444 0 0.7999131944444444 0 0.8005642361111112 0.007716049382716049 0.7986111111111112 0.015432098765432098 0.7931857638888888 0.018132716049382717 0.7866753472222222 0.017939814814814815 0.7801649305555556 0.013310185185185185 0.7723524305555556 0.017361111111111112 0.7680121527777778 0.011766975308641976 0.7647569444444444 0.00019290123456790122
1 0.4537760416666667 0.0943287037037037 0.4587673611111111 0.09857253086419752 0.4607204861111111 0.10590277777777778 0.4496527777777778 0.12229938271604938 0.4453125 0.12075617283950617 0.4440104166666667 0.10570987654320987 0.4498697916666667 0.09510030864197531 0.4535590277777778 0.0943287037037037
1 0.4468315972222222 0.09027777777777778 0.4503038194444444 0.0920138888888889 0.4507378472222222 0.09529320987654322 0.443359375 0.10648148148148148 0.4390190972222222 0.109375 0.4390190972222222 0.11631944444444445 0.4366319444444444 0.11728395061728394 0.4322916666666667 0.11226851851851852 0.4184027777777778 0.11593364197530864 0.4155815972222222 0.11284722222222222 0.4385850694444444 0.0920138888888889 0.4466145833333333 0.09027777777777778
1 0.4461805555555556 0.08989197530864197 0.4552951388888889 0.09529320987654322 0.4602864583333333 0.10223765432098765 0.4598524305555556 0.10783179012345678 0.4496527777777778 0.12191358024691358 0.4457465277777778 0.12094907407407407 0.4450954861111111 0.11149691358024691 0.4427083333333333 0.10802469135802469 0.4388020833333333 0.1095679012345679 0.4385850694444444 0.11631944444444445 0.4359809027777778 0.11747685185185185 0.4322916666666667 0.11207561728395062 0.4181857638888889 0.11574074074074074 0.4157986111111111 0.11361882716049383 0.4357638888888889 0.0941358024691358 0.4459635416666667 0.08989197530864197
1 0.2799479166666667 0.0941358024691358 0.2840711805555556 0.09645061728395062 0.287109375 0.10532407407407407 0.2866753472222222 0.1091820987654321 0.2810329861111111 0.11496913580246913 0.2827690972222222 0.1232638888888889 0.2758246527777778 0.12094907407407407 0.2621527777777778 0.12152777777777778 0.25390625 0.11959876543209877 0.2526041666666667 0.11651234567901235 0.2582465277777778 0.11246141975308642 0.2591145833333333 0.10570987654320987 0.2623697916666667 0.10223765432098765 0.2686631944444444 0.09741512345679013 0.2797309027777778 0.0941358024691358
1 0.08919270833333333 0.17554012345679013 0.10481770833333333 0.17881944444444445 0.109375 0.18113425925925927 0.1115451388888889 0.1853780864197531 0.11002604166666667 0.1886574074074074 0.0920138888888889 0.19502314814814814 0.0859375 0.19328703703703703 0.07725694444444445 0.18229166666666666 0.07747395833333333 0.17881944444444445 0.08159722222222222 0.17631172839506173 0.08897569444444445 0.17554012345679013
1 0.16145833333333334 0.12827932098765432 0.1677517361111111 0.13695987654320987 0.16666666666666666 0.1404320987654321 0.1638454861111111 0.1412037037037037 0.1508246527777778 0.1388888888888889 0.1423611111111111 0.13020833333333334 0.16124131944444445 0.12827932098765432
1 0.7645399305555556 0 0.7829861111111112 0 0.78125 0.011959876543209876 0.7725694444444444 0.017554012345679014 0.7677951388888888 0.011959876543209876 0.7645399305555556 0.00019290123456790122
1 0.7063802083333334 0 0.7235243055555556 0 0.72265625 0.005401234567901234 0.7250434027777778 0.008680555555555556 0.7241753472222222 0.011766975308641976 0.720703125 0.009259259259259259 0.7133246527777778 0.009837962962962963 0.7063802083333334 0.00019290123456790122
1 0.1130642361111111 0.13020833333333334 0.1174045138888889 0.13252314814814814 0.11827256944444445 0.14429012345679013 0.11653645833333333 0.14564043209876543 0.10611979166666667 0.140625 0.10655381944444445 0.13252314814814814 0.11284722222222222 0.13020833333333334
1 0.06141493055555555 0.13117283950617284 0.08919270833333333 0.13368055555555555 0.08051215277777778 0.1427469135802469 0.08072916666666667 0.1548996913580247 0.07118055555555555 0.16415895061728394 0.06901041666666667 0.16126543209876543 0.06922743055555555 0.15065586419753085 0.0625 0.14602623456790123 0.05881076388888889 0.1371527777777778 0.05881076388888889 0.13290895061728394 0.061197916666666664 0.13117283950617284
1 0.3695746527777778 0.2961033950617284 0.3723958333333333 0.30227623456790126 0.3760850694444444 0.30497685185185186 0.3793402777777778 0.30613425925925924 0.3799913194444444 0.30767746913580246 0.3819444444444444 0.30478395061728397 0.3795078125 0.298796875 0.3830514322916667 0.29727314814814815 0.390625 0.30439814814814814 0.3897569444444444 0.2966820987654321 0.3869357638888889 0.2945601851851852 0.3795572916666667 0.2932098765432099 0.3728298611111111 0.29398148148148145
1 0.5642361111111112 0.30227623456790126 0.5642361111111112 0.3074845679012346 0.5657552083333334 0.30864197530864196 0.5785590277777778 0.3082561728395062 0.5813802083333334 0.30709876543209874 0.5785590277777778 0.3003472222222222 0.578125 0.2966820987654321 0.5711805555555556 0.2974537037037037 0.56640625 0.3001543209876543
1 0.4494357638888889 0.3597608024691358 0.44921875 0.36342592592592593 0.45447265625 0.36997453703703703 0.453125 0.37808641975308643 0.4568142361111111 0.3765432098765432 0.4572482638888889 0.37364969135802467 0.4607204861111111 0.36766975308641975 0.4618055555555556 0.3616898148148148 0.4600694444444444 0.3591820987654321 0.4516059027777778 0.3589891975308642
1 0.4331597222222222 0.4564043209876543 0.4351128472222222 0.4618055555555556 0.4390190972222222 0.46238425925925924 0.4401041666666667 0.46026234567901236 0.4396701388888889 0.4565972222222222 0.4359809027777778 0.4558256172839506
1 0.5299479166666666 0.5040509259259259 0.5295138888888888 0.5050154320987654 0.5323350694444444 0.509291473765432 0.5327690972222222 0.5160108024691358 0.53515625 0.5108024691358025 0.5375434027777778 0.5088734567901234 0.5392795138888888 0.5081018518518519 0.5431857638888888 0.5092592592592593 0.5462239583333334 0.5052083333333334 0.5431857638888888 0.5023148148148148 0.5362413194444444 0.5027006172839507 0.5329861111111112 0.5015432098765432
1 0.6786024305555556 0.5221836419753086 0.6783854166666666 0.5258487654320988 0.6833767361111112 0.5277777777777778 0.6846788194444444 0.529320987654321 0.6857638888888888 0.5362654320987654 0.6892361111111112 0.5372299382716049 0.6909722222222222 0.5343364197530864 0.6942274305555556 0.5327932098765432 0.6948784722222222 0.5343364197530864 0.6976996527777778 0.5353009259259259 0.6994357638888888 0.5376157407407407 0.6998697916666666 0.5358796296296297 0.6985677083333334 0.5339506172839507 0.6983945312500001 0.5311834490740741 0.6963684895833333 0.5297831790123457 0.6913036024305556 0.528683063271605 0.6924913194444444 0.5254629629629629 0.6866319444444444 0.5221836419753086
1 0.6990017361111112 0.5260416666666666 0.6996527777777778 0.5308641975308642 0.6987847222222222 0.5368441358024691 0.7000868055555556 0.5383873456790124 0.7039930555555556 0.5372299382716049 0.71484375 0.5258487654320988 0.7135416666666666 0.5223765432098766 0.7102864583333334 0.5243055555555556 0.7063802083333334 0.5233410493827161
1 0.3697916666666667 0.7164351851851852 0.3695746527777778 0.7170138888888888 0.37109375 0.7177854938271605 0.3739149305555556 0.7181712962962963 0.3771701388888889 0.7173996913580247 0.3834635416666667 0.7143132716049383 0.3873697916666667 0.7135416666666666 0.3904079861111111 0.7179783950617284 0.3923611111111111 0.71875 0.3938802083333333 0.7204861111111112 0.3943142361111111 0.7170138888888888 0.3932291666666667 0.7139274691358025 0.3938802083333333 0.7121913580246914 0.3967013888888889 0.7092978395061729 0.3997395833333333 0.7077546296296297 0.4029947916666667 0.701195987654321 0.4045138888888889 0.6998456790123457 0.4055989583333333 0.6963734567901234 0.4049479166666667 0.6927083333333334 0.4010416666666667 0.6915509259259259 0.3962673611111111 0.6927083333333334 0.3834635416666667 0.703125 0.3776041666666667 0.7106481481481481 0.373046875 0.7131558641975309
1 0.1460503472222222 0.8063271604938271 0.14583333333333334 0.8074845679012346 0.14735243055555555 0.8092206790123457 0.154296875 0.8115354938271605 0.1577690972222222 0.8074845679012346 0.15538194444444445 0.8045910493827161 0.15169270833333334 0.8034336419753086 0.14778645833333334 0.8038194444444444
1 0.3205295138888889 0.8894675925925926 0.3200954861111111 0.890625 0.3253038194444444 0.8958333333333334 0.328125 0.8998842592592593 0.3315972222222222 0.9018132716049383 0.3326822916666667 0.9008487654320988 0.3335503472222222 0.8971836419753086 0.3365885416666667 0.8940972222222222 0.337890625 0.890625 0.3350694444444444 0.8890817901234568 0.3226996527777778 0.8885030864197531