1 0.6753472222222222 0.9699074074074074 0.6736111111111112 0.9737654320987654 0.6779513888888888 0.9774305555555556 0.6688368055555556 0.9853395061728395 0.6545138888888888 0.9839891975308642 0.6484375 0.9809027777777778 0.6480034722222222 0.9774305555555556 0.6751302083333334 0.9699074074074074
1 0.6612413194444444 0.9567901234567902 0.6697048611111112 0.9579475308641975 0.6701388888888888 0.9600694444444444 0.6649305555555556 0.9625771604938271 0.642578125 0.9621913580246914 0.6391059027777778 0.9604552469135802 0.6393229166666666 0.9583333333333334 0.6610243055555556 0.956983024691358
1 0.6254340277777778 0.9758873456790124 0.6373697916666666 0.9814814814814815 0.6401909722222222 0.988233024691358 0.6341145833333334 0.9909336419753086 0.615234375 0.9866898148148148 0.6158854166666666 0.9797453703703703 0.6197916666666666 0.9764660493827161 0.6252170138888888 0.9758873456790124
1 0.6091579861111112 0.9870756172839507 0.6193576388888888 0.9947916666666666 0.6208767361111112 0.9998070987654321 0.5963541666666666 0.9998070987654321 0.5985243055555556 0.9922839506172839 0.6089409722222222 0.9872685185185185
1 0.5991753472222222 0.956983024691358 0.6050347222222222 0.9589120370370371 0.6022135416666666 0.9672067901234568 0.5987413194444444 0.9662422839506173 0.5950520833333334 0.9598765432098766 0.5989583333333334 0.956983024691358
1 0.5924479166666666 0.9565972222222222 0.5952690972222222 0.9600694444444444 0.5896267361111112 0.9675925925925926 0.5852864583333334 0.9689429012345679 0.5844184027777778 0.9585262345679012 0.5922309027777778 0.9565972222222222
1 0.7667100694444444 0.7282021604938271 0.7710503472222222 0.7309027777777778 0.7749565972222222 0.7378472222222222 0.7727864583333334 0.7525077160493827 0.7784288194444444 0.7621527777777778 0.7769097222222222 0.7648533950617284 0.7727864583333334 0.7631172839506173 0.7654079861111112 0.7648533950617284 0.7625868055555556 0.761766975308642 0.7628038194444444 0.7509645061728395 0.7586805555555556 0.7372685185185185 0.76171875 0.7314814814814815 0.7664930555555556 0.7282021604938271
1 0.4045138888888889 0.9685570987654321 0.4006076388888889 0.953125 0.4090711805555556 0.953125 0.4099392361111111 0.9558256172839507 0.4045138888888889 0.9683641975308642
1 0.7504340277777778 0.6020447530864198 0.7582465277777778 0.6086033950617284 0.7591145833333334 0.6174768518518519 0.7567274305555556 0.623070987654321 0.7489149305555556 0.6267361111111112 0.7445746527777778 0.6259645061728395 0.7404513888888888 0.6192129629629629 0.7437065972222222 0.6024305555555556 0.7502170138888888 0.6020447530864198
1 0.7348090277777778 0.6005015432098766 0.7513020833333334 0.6022376543209876 0.7584635416666666 0.6089891975308642 0.7584635416666666 0.6201774691358025 0.7549913194444444 0.6244212962962963 0.7489149305555556 0.6267361111111112 0.7380642361111112 0.6207561728395061 0.7306857638888888 0.6255787037037037 0.7272135416666666 0.623070987654321 0.7224392361111112 0.6095679012345679 0.7233072916666666 0.6062885802469136 0.7272135416666666 0.6020447530864198 0.7345920138888888 0.6005015432098766
1 0.7348090277777778 0.6001157407407407 0.7411024305555556 0.6028163580246914 0.7413194444444444 0.6120756172839507 0.7398003472222222 0.6197916666666666 0.7309027777777778 0.6257716049382716 0.7272135416666666 0.6234567901234568 0.7222222222222222 0.6089891975308642 0.7272135416666666 0.6018518518518519 0.7345920138888888 0.6001157407407407
1 0.6614583333333334 0.5935570987654321 0.66796875 0.5964506172839507 0.6866319444444444 0.5983796296296297 0.6831597222222222 0.6020447530864198 0.6822916666666666 0.6192129629629629 0.6788194444444444 0.6170910493827161 0.6714409722222222 0.6182484567901234 0.6610243055555556 0.6084104938271605 0.6545138888888888 0.609375 0.6508246527777778 0.5951003086419753 0.654296875 0.5929783950617284 0.6612413194444444 0.5935570987654321
1 0.7864583333333334 0.4870756172839506 0.7901475694444444 0.48823302469135804 0.7903645833333334 0.4972993827160494 0.7866753472222222 0.4963348765432099 0.7829861111111112 0.49112654320987653 0.7829861111111112 0.4878472222222222 0.7862413194444444 0.48726851851851855
1 0.7766927083333334 0.48726851851851855 0.7786458333333334 0.4878472222222222 0.7786458333333334 0.4913194444444444 0.7725694444444444 0.49614197530864196 0.767578125 0.4947916666666667 0.7680121527777778 0.49054783950617287 0.7764756944444444 0.48726851851851855
1 0.6870659722222222 0.47704475308641975 0.6931423611111112 0.47858796296296297 0.697265625 0.4837962962962963 0.697265625 0.4976851851851852 0.6929253472222222 0.5005787037037037 0.681640625 0.4984567901234568 0.6788194444444444 0.49537037037037035 0.6788194444444444 0.4791666666666667 0.6820746527777778 0.47646604938271603 0.6868489583333334 0.47704475308641975
1 0.623046875 0.5057870370370371 0.6265190972222222 0.5086805555555556 0.6200086805555556 0.5198688271604939 0.615234375 0.517554012345679 0.6126302083333334 0.5052083333333334 0.6228298611111112 0.5057870370370371
1 0.6373697916666666 0.4704861111111111 0.6440972222222222 0.4737654320987654 0.6458333333333334 0.4807098765432099 0.6432291666666666 0.49189814814814814 0.6371527777777778 0.49344135802469136 0.6334635416666666 0.484375 0.6371527777777778 0.4704861111111111
1 0.6343315972222222 0.4693287037037037 0.63671875 0.4737654320987654 0.6343315972222222 0.48919753086419754 0.6278211805555556 0.4774305555555556 0.6299913194444444 0.4699074074074074 0.6341145833333334 0.4693287037037037
1 0.5989583333333334 0.47685185185185186 0.6065538194444444 0.4841820987654321 0.6059027777777778 0.4947916666666667 0.5872395833333334 0.4861111111111111 0.5876736111111112 0.4807098765432099 0.5909288194444444 0.47723765432098764 0.5987413194444444 0.47685185185185186
1 0.564453125 0.5028935185185185 0.5661892361111112 0.5054012345679012 0.5538194444444444 0.5262345679012346 0.5479600694444444 0.5239197530864198 0.5499131944444444 0.5190972222222222 0.5479600694444444 0.5052083333333334 0.5642361111111112 0.5028935185185185
1 0.6098090277777778 0.4407793209876543 0.6143663194444444 0.4461805555555556 0.6156684027777778 0.4600694444444444 0.6130642361111112 0.4618055555555556 0.6087239583333334 0.45987654320987653 0.603515625 0.44560185185185186 0.6043836805555556 0.4417438271604938 0.6095920138888888 0.4407793209876543
1 0.6028645833333334 0.4427083333333333 0.60546875 0.44540895061728397 0.6072048611111112 0.45717592592592593 0.6063368055555556 0.46469907407407407 0.6030815972222222 0.4662422839506173 0.599609375 0.4635416666666667 0.5950520833333334 0.4504243827160494 0.5963541666666666 0.4461805555555556 0.6026475694444444 0.4427083333333333
1 0.6688368055555556 0.39699074074074076 0.6790364583333334 0.4052854938271605 0.6783854166666666 0.408179012345679 0.6710069444444444 0.4104938271604938 0.6681857638888888 0.41358024691358025 0.6647135416666666 0.40914351851851855 0.6603732638888888 0.4077932098765432 0.6686197916666666 0.39699074074074076
1 0.5607638888888888 0.4575617283950617 0.564453125 0.45949074074074076 0.5651041666666666 0.4627700617283951 0.564453125 0.4654706790123457 0.5614149305555556 0.4662422839506173 0.5570746527777778 0.46315586419753085 0.5572916666666666 0.45929783950617287 0.560546875 0.4575617283950617
1 0.7291666666666666 0.3800154320987654 0.7311197916666666 0.38348765432098764 0.7261284722222222 0.3856095679012346 0.7243923611111112 0.390625 0.7133246527777778 0.3915895061728395 0.7063802083333334 0.3908179012345679 0.6996527777777778 0.3846450617283951 0.7000868055555556 0.38136574074074076 0.7237413194444444 0.3751929012345679 0.7289496527777778 0.3800154320987654
1 0.6631944444444444 0.3933256172839506 0.6768663194444444 0.40412808641975306 0.6762152777777778 0.4079861111111111 0.6686197916666666 0.41010802469135804 0.6649305555555556 0.4072145061728395 0.6538628472222222 0.40760030864197533 0.6480034722222222 0.4047067901234568 0.6482204861111112 0.40065586419753085 0.654296875 0.3939043209876543 0.6629774305555556 0.3933256172839506
1 0.5364583333333334 0.46662808641975306 0.5399305555555556 0.47492283950617287 0.5329861111111112 0.48823302469135804 0.529296875 0.4878472222222222 0.5284288194444444 0.47337962962962965 0.5329861111111112 0.4670138888888889 0.5362413194444444 0.46662808641975306
1 0.6775173611111112 0.38117283950617287 0.6892361111111112 0.3863811728395062 0.6909722222222222 0.3940972222222222 0.6859809027777778 0.39602623456790126 0.6662326388888888 0.3908179012345679 0.6655815972222222 0.3869598765432099 0.6701388888888888 0.38271604938271603 0.6773003472222222 0.38117283950617287
1 0.6202256944444444 0.39448302469135804 0.623046875 0.40142746913580246 0.6158854166666666 0.4166666666666667 0.6128472222222222 0.41878858024691357 0.6069878472222222 0.4166666666666667 0.6076388888888888 0.4035493827160494 0.6119791666666666 0.3958333333333333 0.6200086805555556 0.39448302469135804
1 0.6334635416666666 0.38445216049382713 0.6414930555555556 0.3904320987654321 0.6373697916666666 0.4035493827160494 0.6328125 0.404320987654321 0.6304253472222222 0.39641203703703703 0.6273871527777778 0.3940972222222222 0.6332465277777778 0.3846450617283951
1 0.6100260416666666 0.3933256172839506 0.6215277777777778 0.39641203703703703 0.6215277777777778 0.404320987654321 0.6143663194444444 0.4182098765432099 0.609375 0.4191743827160494 0.60546875 0.41647376543209874 0.5991753472222222 0.4193672839506173 0.5998263888888888 0.4010416666666667 0.6098090277777778 0.3933256172839506
1 0.6095920138888888 0.3933256172839506 0.6128472222222222 0.3939043209876543 0.6150173611111112 0.39776234567901236 0.6080729166666666 0.4066358024691358 0.6022135416666666 0.4195601851851852 0.5989583333333334 0.4193672839506173 0.5978732638888888 0.41531635802469136 0.5991753472222222 0.40142746913580246 0.609375 0.3933256172839506
1 0.6328125 0.38329475308641975 0.6414930555555556 0.390625 0.6384548611111112 0.4018132716049383 0.6343315972222222 0.4045138888888889 0.6299913194444444 0.39641203703703703 0.6258680555555556 0.3956404320987654 0.623046875 0.39988425925925924 0.6178385416666666 0.3942901234567901 0.6187065972222222 0.3869598765432099 0.6258680555555556 0.3800154320987654 0.6299913194444444 0.37982253086419754 0.6325954861111112 0.38329475308641975
1 0.4099392361111111 0.6963734567901234 0.4147135416666667 0.7019675925925926 0.4149305555555556 0.7108410493827161 0.4084201388888889 0.7202932098765432 0.4014756944444444 0.7253086419753086 0.3997395833333333 0.7218364197530864 0.400390625 0.7062114197530864 0.404296875 0.6969521604938271 0.4097222222222222 0.6963734567901234
1 0.4010416666666667 0.6950231481481481 0.4045138888888889 0.6961805555555556 0.4049479166666667 0.7008101851851852 0.3986545138888889 0.7146990740740741 0.390625 0.7239583333333334 0.3884548611111111 0.716820987654321 0.3891059027777778 0.7033179012345679 0.39453125 0.6963734567901234 0.4008246527777778 0.6950231481481481
1 0.3250868055555556 0.7752700617283951 0.3322482638888889 0.7833719135802469 0.3272569444444444 0.7972608024691358 0.3246527777777778 0.7991898148148148 0.3209635416666667 0.7984182098765432 0.31640625 0.7849151234567902 0.3209635416666667 0.7758487654320988 0.3248697916666667 0.7752700617283951
1 0.2957899305555556 0.7586805555555556 0.2994791666666667 0.7635030864197531 0.3070746527777778 0.7663966049382716 0.3140190972222222 0.7725694444444444 0.3159722222222222 0.7760416666666666 0.314453125 0.779320987654321 0.2966579861111111 0.7783564814814815 0.2921006944444444 0.7646604938271605 0.2860243055555556 0.7588734567901234 0.2955729166666667 0.7586805555555556
1 0.11653645833333333 0.7172067901234568 0.126953125 0.7201003086419753 0.1293402777777778 0.7229938271604939 0.1286892361111111 0.7262731481481481 0.12348090277777778 0.7285879629629629 0.1091579861111111 0.7280092592592593 0.10590277777777778 0.7253086419753086 0.10503472222222222 0.7175925925925926 0.11631944444444445 0.7172067901234568
1 0.12000868055555555 0.7527006172839507 0.12239583333333333 0.7552083333333334 0.1130642361111111 0.7756558641975309 0.1056857638888889 0.7824074074074074 0.0920138888888889 0.7883873456790124 0.08854166666666667 0.7883873456790124 0.08702256944444445 0.7860725308641975 0.09483506944444445 0.7719907407407407 0.10243055555555555 0.7644675925925926 0.11371527777777778 0.7600308641975309 0.11979166666666667 0.7527006172839507
1 0.6286892361111112 0.3792438271604938 0.6325954861111112 0.3836805555555556 0.6312934027777778 0.3913966049382716 0.6299913194444444 0.3940972222222222 0.6232638888888888 0.39621913580246915 0.6182725694444444 0.3939043209876543 0.6184895833333334 0.3869598765432099 0.6284722222222222 0.3792438271604938
1 0.4811197916666667 0.47337962962962965 0.4850260416666667 0.4807098765432099 0.4772135416666667 0.49459876543209874 0.4748263888888889 0.4801311728395062 0.4774305555555556 0.47415123456790126 0.4809027777777778 0.47337962962962965
1 0.6378038194444444 0.3595679012345679 0.6510416666666666 0.3601466049382716 0.6547309027777778 0.3630401234567901 0.6514756944444444 0.3705632716049383 0.6471354166666666 0.36477623456790126 0.640625 0.37191358024691357 0.6373697916666666 0.3724922839506173 0.6351996527777778 0.3618827160493827 0.6375868055555556 0.3595679012345679
1 0.470703125 0.4774305555555556 0.4748263888888889 0.4836033950617284 0.4743923611111111 0.4949845679012346 0.4709201388888889 0.4984567901234568 0.4644097222222222 0.4847608024691358 0.4670138888888889 0.47858796296296297 0.4704861111111111 0.4774305555555556
1 0.611328125 0.18209876543209877 0.623046875 0.1853780864197531 0.6284722222222222 0.19212962962962962 0.6247829861111112 0.19984567901234568 0.61328125 0.203125 0.6059027777777778 0.2010030864197531 0.5993923611111112 0.19251543209876543 0.6019965277777778 0.18518518518518517 0.6111111111111112 0.18209876543209877
1 0.3702256944444444 0.17804783950617284 0.3786892361111111 0.1857638888888889 0.3739149305555556 0.19926697530864199 0.3702256944444444 0.20158179012345678 0.3665364583333333 0.20042438271604937 0.3619791666666667 0.18942901234567902 0.3661024305555556 0.17978395061728394 0.3700086805555556 0.17804783950617284
1 0.8142361111111112 0.12152777777777778 0.8218315972222222 0.13290895061728394 0.8196614583333334 0.14448302469135801 0.8253038194444444 0.15779320987654322 0.8177083333333334 0.1550925925925926 0.8140190972222222 0.15991512345679013 0.8098958333333334 0.1545138888888889 0.8088107638888888 0.14216820987654322 0.8051215277777778 0.13387345679012347 0.8090277777777778 0.1232638888888889 0.8140190972222222 0.12152777777777778
1 0.3389756944444444 0.16145833333333334 0.3595920138888889 0.17554012345679013 0.3619791666666667 0.18248456790123457 0.3591579861111111 0.1876929012345679 0.3420138888888889 0.17939814814814814 0.3359375 0.16493055555555555 0.3387586805555556 0.16145833333333334
1 0.07118055555555555 0.847608024691358 0.08246527777777778 0.8584104938271605 0.0798611111111111 0.8697916666666666 0.050130208333333336 0.9031635802469136 0.04665798611111111 0.9010416666666666 0.047309027777777776 0.8940972222222222 0.05295138888888889 0.8798225308641975 0.06163194444444445 0.8722993827160493 0.06879340277777778 0.8601466049382716 0.0700954861111111 0.855516975308642 0.0681423611111111 0.8487654320987654 0.07096354166666667 0.847608024691358
1 0.08528645833333333 0.7642746913580247 0.08832465277777778 0.7681327160493827 0.08550347222222222 0.7847222222222222 0.08159722222222222 0.7881944444444444 0.060980902777777776 0.7914737654320988 0.057942708333333336 0.7897376543209876 0.058159722222222224 0.7864583333333334 0.0700954861111111 0.7710262345679012 0.08506944444444445 0.7642746913580247
1 0.07291666666666667 0.716820987654321 0.0763888888888889 0.7189429012345679 0.07703993055555555 0.7282021604938271 0.07486979166666667 0.7301311728395061 0.06727430555555555 0.7276234567901234 0.06553819444444445 0.7239583333333334 0.06684027777777778 0.7173996913580247 0.07269965277777778 0.716820987654321
1 0.11284722222222222 0.2648533950617284 0.123046875 0.27102623456790126 0.126953125 0.2762345679012346 0.123046875 0.28684413580246915 0.109375 0.30150462962962965 0.1056857638888889 0.30246913580246915 0.1052517361111111 0.2945601851851852 0.1134982638888889 0.2760416666666667 0.11263020833333333 0.2650462962962963
1 0.7823350694444444 0 0.8003472222222222 0 0.80078125 0.006172839506172839 0.7979600694444444 0.016010802469135804 0.7905815972222222 0.01871141975308642 0.7868923611111112 0.017939814814814815 0.78125 0.012152777777777778 0.7823350694444444 0.00019290123456790122
1 0.7651909722222222 0 0.8001302083333334 0 0.80078125 0.007716049382716049 0.7983940972222222 0.015625 0.7936197916666666 0.018132716049382717 0.7868923611111112 0.017939814814814815 0.7801649305555556 0.013117283950617283 0.7723524305555556 0.01716820987654321 0.7680121527777778 0.012152777777777778 0.7651909722222222 0.00019290123456790122
1 0.4546440972222222 0.0939429012345679 0.4594184027777778 0.09934413580246913 0.4607204861111111 0.10628858024691358 0.453125 0.11805555555555555 0.4463975694444444 0.12210648148148148 0.4444444444444444 0.1095679012345679 0.4461805555555556 0.10223765432098765 0.4483506944444444 0.0954861111111111 0.4544270833333333 0.0939429012345679
1 0.4463975694444444 0.09259259259259259 0.4500868055555556 0.0954861111111111 0.4450954861111111 0.109375 0.4357638888888889 0.12056327160493827 0.4333767361111111 0.11631944444444445 0.4331597222222222 0.10204475308641975 0.439453125 0.0943287037037037 0.4461805555555556 0.09259259259259259
1 0.4461805555555556 0.09259259259259259 0.4563802083333333 0.09471450617283951 0.4607204861111111 0.10455246913580248 0.4533420138888889 0.11766975308641975 0.4463975694444444 0.12191358024691358 0.4427083333333333 0.11361882716049383 0.4377170138888889 0.11979166666666667 0.4344618055555556 0.11959876543209877 0.4329427083333333 0.10590277777777778 0.4348958333333333 0.09876543209876543 0.4390190972222222 0.09471450617283951 0.4459635416666667 0.09259259259259259
1 0.1640625 0.16647376543209877 0.15928819444444445 0.18229166666666666 0.1519097222222222 0.19251543209876543 0.13368055555555555 0.2021604938271605 0.12977430555555555 0.1996527777777778 0.1404079861111111 0.18132716049382716 0.15755208333333334 0.1716820987654321 0.16145833333333334 0.16608796296296297 0.1638454861111111 0.16647376543209877
1 0.04665798611111111 0.7577160493827161 0.06749131944444445 0.7646604938271605 0.0705295138888889 0.7687114197530864 0.06922743055555555 0.7721836419753086 0.053385416666666664 0.7783564814814815 0.046223958333333336 0.777391975308642 0.03884548611111111 0.7692901234567902 0.03624131944444445 0.7619598765432098 0.046440972222222224 0.7579089506172839
1 0.1267361111111111 0.17997685185185186 0.12955729166666666 0.18518518518518517 0.1273871527777778 0.20042438271604937 0.10677083333333333 0.20679012345679013 0.10221354166666667 0.2065972222222222 0.10047743055555555 0.203125 0.107421875 0.19463734567901234 0.11002604166666667 0.1871141975308642 0.1265190972222222 0.17997685185185186
1 0.08550347222222222 0.17496141975308643 0.10460069444444445 0.17881944444444445 0.1091579861111111 0.18094135802469136 0.11219618055555555 0.18557098765432098 0.10980902777777778 0.1888503086419753 0.09244791666666667 0.19444444444444445 0.08528645833333333 0.19270833333333334 0.07769097222222222 0.18209876543209877 0.078125 0.17881944444444445 0.08528645833333333 0.17496141975308643
1 0.1618923611111111 0.1284722222222222 0.17100694444444445 0.13348765432098766 0.17078993055555555 0.13695987654320987 0.16493055555555555 0.140625 0.150390625 0.1398533950617284 0.14453125 0.13020833333333334 0.1616753472222222 0.1284722222222222
1 0.022786458333333332 0.7141203703703703 0.04513888888888889 0.7183641975308642 0.041015625 0.7235725308641975 0.04079861111111111 0.7376543209876543 0.032769097222222224 0.7494212962962963 0.029296875 0.7484567901234568 0.028428819444444444 0.7341820987654321 0.021484375 0.7268518518518519 0.019748263888888888 0.7164351851851852 0.022569444444444444 0.7141203703703703
1 0.7645399305555556 0 0.7810329861111112 0 0.7805989583333334 0.011959876543209876 0.7727864583333334 0.017361111111111112 0.767578125 0.011959876543209876 0.7645399305555556 0.00019290123456790122
1 0.7645399305555556 0 0.7810329861111112 0 0.7805989583333334 0.011959876543209876 0.7730034722222222 0.017361111111111112 0.767578125 0.011959876543209876 0.7645399305555556 0.00019290123456790122
1 0.7065972222222222 0 0.7237413194444444 0 0.7230902777777778 0.005015432098765432 0.7254774305555556 0.008487654320987654 0.7243923611111112 0.01099537037037037 0.720703125 0.009066358024691358 0.7133246527777778 0.009645061728395061 0.7065972222222222 0.00019290123456790122
1 0.11631944444444445 0.13059413580246915 0.11827256944444445 0.14332561728395063 0.11631944444444445 0.14583333333333334 0.10590277777777778 0.1412037037037037 0.10677083333333333 0.13155864197530864 0.11610243055555555 0.13059413580246915
1 0.0625 0.13136574074074073 0.08897569444444445 0.13329475308641975 0.08094618055555555 0.140625 0.08138020833333333 0.1545138888888889 0.07118055555555555 0.16666666666666666 0.06879340277777778 0.15104166666666666 0.062065972222222224 0.14544753086419754 0.05881076388888889 0.1371527777777778 0.05881076388888889 0.13271604938271606 0.06228298611111111 0.13136574074074073
1 0.16276041666666666 0.18171296296296297 0.1625434027777778 0.18595679012345678 0.16471354166666666 0.19290123456790123 0.1684027777777778 0.19772376543209877 0.171875 0.19810956790123457 0.1742621527777778 0.1857638888888889 0.1733940972222222 0.18055555555555555 0.1714409722222222 0.17862654320987653 0.16536458333333334 0.17824074074074073 0.1638454861111111 0.17920524691358025
1 0.17469618055555555 0.18557098765432098 0.1755642361111111 0.19618055555555555 0.17447916666666666 0.19945987654320987 0.17860243055555555 0.20158179012345678 0.1820746527777778 0.2010030864197531 0.1831597222222222 0.1996527777777778 0.1840277777777778 0.19521604938271606 0.1890190972222222 0.18557098765432098 0.1877170138888889 0.18209876543209877 0.185546875 0.17997685185185186 0.1820746527777778 0.17824074074074073 0.1779513888888889 0.17862654320987653
1 0.20638020833333334 0.1896219135802469 0.2048611111111111 0.19945987654320987 0.20703125 0.20003858024691357 0.2094184027777778 0.19945987654320987 0.21397569444444445 0.19618055555555555 0.21549479166666666 0.19232253086419754 0.21571180555555555 0.1888503086419753 0.2172309027777778 0.1861496913580247 0.2172309027777778 0.18209876543209877 0.2189670138888889 0.17920524691358025 0.2185329861111111 0.1753472222222222 0.21397569444444445 0.17380401234567902 0.2113715277777778 0.17496141975308643 0.20811631944444445 0.1865354938271605
1 0.2126736111111111 0.17496141975308643 0.2126736111111111 0.18190586419753085 0.2150607638888889 0.18557098765432098 0.21571180555555555 0.18942901234567902 0.2146267361111111 0.19618055555555555 0.21614583333333334 0.19926697530864199 0.21744791666666666 0.1996527777777778 0.21961805555555555 0.19868827160493827 0.2223669704861111 0.19868827160493827 0.22721354166666666 0.20081018518518517 0.2306857638888889 0.2006172839506173 0.2309027777777778 0.19945987654320987 0.2287326388888889 0.19714506172839505 0.22743055555555555 0.19174382716049382 0.23155381944444445 0.18557098765432098 0.23111979166666666 0.18190586419753085 0.22721354166666666 0.17766203703703703 0.22352430555555555 0.17573302469135801
1 0.2688802083333333 0.1705246913580247 0.2686631944444444 0.1716820987654321 0.2723524305555556 0.17418981481481483 0.2740885416666667 0.17766203703703703 0.2743055555555556 0.17881944444444445 0.2721354166666667 0.18209876543209877 0.2727864583333333 0.18422067901234568 0.2758246527777778 0.1880787037037037 0.2777777777777778 0.1888503086419753 0.279296875 0.19193672839506173 0.2879774305555556 0.1900077160493827 0.2927517361111111 0.19020061728395063 0.2966579861111111 0.1888503086419753 0.30078125 0.18306327160493827 0.3009982638888889 0.17862654320987653 0.3003472222222222 0.17785493827160495 0.2931857638888889 0.17476851851851852 0.2864583333333333 0.16782407407407407 0.2827690972222222 0.16801697530864199 0.2795138888888889 0.17341820987654322 0.2758246527777778 0.1726466049382716 0.2725694444444444 0.1705246913580247
1 0.2532552083333333 0.11631944444444445 0.2532552083333333 0.11979166666666667 0.2619357638888889 0.12152777777777778 0.2749565972222222 0.11959876543209877 0.2734375 0.11863425925925926 0.2719184027777778 0.11381172839506173 0.2725694444444444 0.11188271604938271 0.2738715277777778 0.11091820987654322 0.2747395833333333 0.1076388888888889 0.2764756944444444 0.10628858024691358 0.2749565972222222 0.10300925925925926 0.2775607638888889 0.09992283950617284 0.2779947916666667 0.09741512345679013 0.2799479166666667 0.0954861111111111 0.2730034722222222 0.0954861111111111 0.271484375 0.09683641975308642 0.2688802083333333 0.09741512345679013 0.2628038194444444 0.10204475308641975 0.259765625 0.10570987654320987 0.2584635416666667 0.11265432098765432
1 0.2719184027777778 0.10223765432098765 0.2710503472222222 0.12037037037037036 0.2723524305555556 0.12191358024691358 0.2751736111111111 0.12094907407407407 0.279296875 0.12307098765432099 0.28125 0.12287808641975309 0.2823350694444444 0.12094907407407407 0.2810329861111111 0.11689814814814815 0.2814670138888889 0.11207561728395062 0.2864583333333333 0.1091820987654321 0.2868923611111111 0.10628858024691358 0.2864583333333333 0.10243055555555555 0.2834201388888889 0.09567901234567901 0.2801649305555556 0.09490740740740741 0.2771267361111111 0.0954861111111111
1 0.4440959201388889 0.27398668981481483 0.4399932725694444 0.29932561728395063 0.4414377170138889 0.3029924768518518 0.44329448784722225 0.30262577160493825 0.45546788194444443 0.2782403549382716 0.45340473090277783 0.27182310956790123 0.4514743923611111 0.2683925540123457 0.4482191840277777 0.26704224537037036 0.4460490451388888 0.2674280478395062 0.4447469618055555 0.2681996527777778
1 0.4286024305555556 0.29398148148148145 0.4286024305555556 0.2970679012345679 0.4322916666666667 0.2972608024691358 0.4372829861111111 0.2962962962962963 0.4392361111111111 0.296875 0.443359375 0.2795138888888889 0.443359375 0.2689043209876543 0.4392361111111111 0.2658179012345679 0.4346788194444444 0.2692901234567901 0.4325086805555556 0.2760416666666667 0.4318576388888889 0.28935185185185186
1 0.3682725694444444 0.2957175925925926 0.3682725694444444 0.2970679012345679 0.3732638888888889 0.30362654320987653 0.3767361111111111 0.30671296296296297 0.3799913194444444 0.3082561728395062 0.3825954861111111 0.30536265432098764 0.3875868055555556 0.30439814814814814 0.3908420138888889 0.30516975308641975 0.3943142361111111 0.3028549382716049 0.39453125 0.29996141975308643 0.3923611111111111 0.2966820987654321 0.3908420138888889 0.2953317901234568 0.38671875 0.29378858024691357 0.3723958333333333 0.2935956790123457 0.3689236111111111 0.29475308641975306
1 0.5740017361111112 0.2976466049382716 0.5737847222222222 0.30150462962962965 0.5746527777777778 0.30459104938271603 0.5785590277777778 0.30594135802469136 0.5813802083333334 0.3082561728395062 0.5844184027777778 0.3090277777777778 0.5885416666666666 0.30709876543209874 0.5872395833333334 0.3001543209876543 0.5850694444444444 0.296875 0.5809461805555556 0.2966820987654321 0.5774739583333334 0.2976466049382716 0.5744357638888888 0.296875
1 0.6204427083333334 0.3385416666666667 0.6223958333333334 0.34162808641975306 0.6241319444444444 0.35320216049382713 0.6236979166666666 0.3597608024691358 0.6228298611111112 0.36149691358024694 0.6195746527777778 0.3628472222222222 0.6286892361111112 0.3626543209876543 0.6299913194444444 0.3616898148148148 0.630859375 0.359375 0.6312934027777778 0.35320216049382713 0.6334635416666666 0.3452932098765432 0.6315104166666666 0.3410493827160494 0.6280381944444444 0.33815586419753085 0.6243489583333334 0.33757716049382713
1 0.6119791666666666 0.3443287037037037 0.6124131944444444 0.3489583333333333 0.6156684027777778 0.35358796296296297 0.6167534722222222 0.3597608024691358 0.6156684027777778 0.36246141975308643 0.6163194444444444 0.36554783950617287 0.6197916666666666 0.3643904320987654 0.6219618055555556 0.3626543209876543 0.6215277777777778 0.35291280864197533 0.6234809027777778 0.3489583333333333 0.623046875 0.3414351851851852 0.6219618055555556 0.3385416666666667 0.6197916666666666 0.33738425925925924 0.6161024305555556 0.33796296296296297 0.6128472222222222 0.34162808641975306
1 0.6041666666666666 0.36246141975308643 0.6037326388888888 0.3628472222222222 0.60546875 0.36612654320987653 0.6091579861111112 0.3715277777777778 0.6128472222222222 0.3663194444444444 0.6128472222222222 0.3626543209876543 0.6098090277777778 0.361304012345679
1 0.5705295138888888 0.3913966049382716 0.5698784722222222 0.3939043209876543 0.5705295138888888 0.3975694444444444 0.57421875 0.40412808641975306 0.5740017361111112 0.4114583333333333 0.5746527777777778 0.41338734567901236 0.5763888888888888 0.41087962962962965 0.580078125 0.4079861111111111 0.5822482638888888 0.4045138888888889 0.5824652777777778 0.39699074074074076 0.5808934461805556 0.39585165895061725 0.5790034722222221 0.39148456790123454 0.5774913194444444 0.3903088348765432 0.576168185763889 0.3906448688271605 0.5757901475694445 0.3876213348765432 0.5713975694444444 0.3898533950617284
1 0.576171875 0.3869598765432099 0.5744357638888888 0.390625 0.5757378472222222 0.3917824074074074 0.578125 0.39718364197530864 0.5768229166666666 0.40065586419753085 0.5790034722222221 0.40038676697530867 0.5807044270833334 0.400722800925926 0.5825946180555556 0.4037461419753086 0.5852408854166666 0.4071055169753086 0.5807291666666666 0.4070216049382716 0.5850694444444444 0.40760030864197533 0.5900607638888888 0.4070216049382716 0.5911458333333334 0.4045138888888889 0.5870225694444444 0.39737654320987653 0.5865885416666666 0.3908179012345679 0.5850694444444444 0.3873456790123457 0.5818142361111112 0.3856095679012346 0.5779079861111112 0.38580246913580246
1 0.5598958333333334 0.39371141975308643 0.5594618055555556 0.40142746913580246 0.5598958333333334 0.40412808641975306 0.5607638888888888 0.4047067901234568 0.5648871527777778 0.40239197530864196 0.5687934027777778 0.39448302469135804 0.5692274305555556 0.3869598765432099 0.5672743055555556 0.38425925925925924 0.564453125 0.38348765432098764 0.5607638888888888 0.3836805555555556
1 0.5486111111111112 0.3896604938271605 0.5490451388888888 0.39872685185185186 0.5477430555555556 0.4047067901234568 0.5499131944444444 0.40625 0.5516493055555556 0.40625 0.5568576388888888 0.4045138888888889 0.5581597222222222 0.40162037037037035 0.5572916666666666 0.39795524691358025 0.5579427083333334 0.3948688271604938 0.5572916666666666 0.3904320987654321 0.5607638888888888 0.3836805555555556 0.5572916666666666 0.3786651234567901 0.5490451388888888 0.3869598765432099
1 0.4045138888888889 0.41087962962962965 0.4040798611111111 0.41203703703703703 0.4078548177083333 0.41739564043209876 0.4136907552083333 0.42090856481481476 0.4151475694444444 0.423804012345679 0.4188368055555556 0.421875 0.419921875 0.41473765432098764 0.4171006944444444 0.4122299382716049 0.4155815972222222 0.4112654320987654
1 0.3784722222222222 0.41087962962962965 0.3780381944444444 0.41165123456790126 0.3819444444444444 0.4131944444444444 0.3854166666666667 0.4168595679012346 0.3862847222222222 0.41975308641975306 0.3858506944444444 0.421875 0.3878038194444444 0.4234182098765432 0.3904079861111111 0.423804012345679 0.392578125 0.4176311728395062 0.3947482638888889 0.41454475308641975 0.3953993055555556 0.4114583333333333 0.3940972222222222 0.4106867283950617 0.3875868055555556 0.41030092592592593
1 0.4496527777777778 0.3595679012345679 0.4494357638888889 0.3630401234567901 0.451171875 0.3740354938271605 0.453125 0.37808641975308643 0.4559461805555556 0.3767361111111111 0.45703125 0.373070987654321 0.4602864583333333 0.36863425925925924 0.4620225694444444 0.36246141975308643 0.4611545138888889 0.3597608024691358 0.4600694444444444 0.3591820987654321
1 0.5310329861111112 0.5030864197530864 0.5301649305555556 0.5054012345679012 0.5319010416666666 0.5084876543209876 0.5327690972222222 0.5158179012345679 0.5342881944444444 0.5123456790123457 0.5390625 0.5084876543209876 0.5434027777777778 0.5119598765432098 0.5436197916666666 0.5096450617283951 0.5464409722222222 0.5054012345679012 0.5442708333333334 0.5030864197530864 0.5431857638888888 0.5025077160493827 0.5373263888888888 0.5027006172839507 0.5329861111111112 0.5013503086419753
1 0.22352430555555555 0.7615740740740741 0.22395833333333334 0.763695987654321 0.2287326388888889 0.7698688271604939 0.22764756944444445 0.7756558641975309 0.2280815972222222 0.777391975308642 0.23111979166666666 0.7802854938271605 0.2348090277777778 0.7806712962962963 0.23886002604166665 0.7795138888888888 0.248046875 0.78125 0.2517361111111111 0.78125 0.2549913194444444 0.777391975308642 0.2556423611111111 0.7721836419753086 0.2497829861111111 0.7700617283950617 0.24110243055555555 0.7623456790123457 0.23763020833333334 0.7619598765432098 0.2345920138888889 0.7660108024691358 0.23372395833333334 0.7660108024691358 0.22547743055555555 0.7631172839506173 0.22526041666666666 0.7619598765432098
1 0.2297180989583333 0.700628086419753 0.22591145833333334 0.7065972222222222 0.22764756944444445 0.7137345679012346 0.2265625 0.7170138888888888 0.23046875 0.7185570987654321 0.234375 0.7183641975308642 0.23828125 0.7202932098765432 0.23936631944444445 0.7177854938271605 0.23893229166666666 0.7104552469135802 0.2398003472222222 0.7089120370370371 0.2437065972222222 0.7062114197530864 0.2445746527777778 0.7029320987654321 0.2445746527777778 0.699266975308642 0.2421875 0.6927083333333334 0.2378472222222222 0.6909722222222222 0.23046875 0.6917438271604939 0.2327810329861111 0.6960219907407407
1 0.21741080729166665 0.6994598765432098 0.21545768229166665 0.7067901234567902 0.20981532118055554 0.7131558641975309 0.21024934895833333 0.7143132716049383 0.212853515625 0.7160493827160493 0.22001497395833333 0.7181712962962963 0.2221851128472222 0.7173996913580247 0.22335677083333336 0.7163308256172839 0.22477039930555553 0.7140277777777778 0.22948242187499998 0.7075896990740741 0.23301671006944444 0.703820987654321 0.23560828993055555 0.702721450617284 0.2353728298611111 0.6983246527777778 0.2374932725694444 0.6930904706790124 0.23407682291666665 0.6937698688271605 0.226525390625 0.6919367283950617 0.22348719618055554 0.6934799382716049
1 0.16080729166666666 0.7870370370370371 0.1603732638888889 0.7897376543209876 0.16145833333333334 0.7908950617283951 0.1664496527777778 0.7895447530864198 0.16796875 0.7858796296296297 0.1714409722222222 0.7847222222222222 0.1733940972222222 0.7795138888888888 0.17296006944444445 0.7719907407407407 0.1753472222222222 0.7692901234567902 0.17317708333333334 0.765625 0.1716579861111111 0.7646604938271605 0.1684027777777778 0.7646604938271605 0.16710069444444445 0.7663966049382716 0.16341145833333334 0.7760416666666666 0.1625434027777778 0.7824074074074074
1 0.17469618055555555 0.7685185185185185 0.1759982638888889 0.7739197530864198 0.173828125 0.7827932098765432 0.17041471354166665 0.7902966820987655 0.1740451388888889 0.7897376543209876 0.177734375 0.7897376543209876 0.1859809027777778 0.7935956790123457 0.1857638888888889 0.7897376543209876 0.1831597222222222 0.7864583333333334 0.1831597222222222 0.7849151234567902 0.1840277777777778 0.7810570987654321 0.18619791666666666 0.7795138888888888 0.1877170138888889 0.7760416666666666 0.18663194444444445 0.7721836419753086 0.1833767361111111 0.7679398148148148 0.17903645833333334 0.7652391975308642 0.1762152777777778 0.765625
1 0.119140625 0.7689043209876543 0.11957465277777778 0.7748842592592593 0.12586805555555555 0.7872299382716049 0.1265190972222222 0.7880015432098766 0.12999131944444445 0.7880015432098766 0.1304253472222222 0.7779706790123457 0.13216145833333334 0.7689043209876543 0.12999131944444445 0.7671682098765432 0.12413194444444445 0.7660108024691358 0.1208767361111111 0.7671682098765432
1 0.13244466145833333 0.7747484567901234 0.13140928819444445 0.778426311728395 0.13284526909722222 0.784600887345679 0.13097526041666666 0.7862627314814814 0.12937217881944446 0.7878057484567902 0.13172743055555555 0.7900491898148148 0.13780381944444445 0.7912065972222222 0.13975694444444445 0.7898562885802469 0.1401909722222222 0.7863840663580246 0.14518229166666666 0.775967399691358 0.1447482638888889 0.7717235725308642 0.1410590277777778 0.7674797453703703 0.1371527777777778 0.7665152391975308 0.13271180555555553 0.770356288580247
1 0.3904079861111111 0.8661265432098766 0.3921440972222222 0.8697916666666666 0.3910590277777778 0.873070987654321 0.3910590277777778 0.8773148148148148 0.3897569444444444 0.8800154320987654 0.3908420138888889 0.8829089506172839 0.3904079861111111 0.8881172839506173 0.3912760416666667 0.8939043209876543 0.3943142361111111 0.8993055555555556 0.3960503472222222 0.8973765432098766 0.4097222222222222 0.8692129629629629 0.4084201388888889 0.8678626543209876 0.4008246527777778 0.8649691358024691 0.3953993055555556 0.8647762345679012
1 0.3830295138888889 0.873070987654321 0.3830295138888889 0.8840663580246914 0.3823784722222222 0.8871527777777778 0.3799913194444444 0.8902391975308642 0.3802083333333333 0.8931327160493827 0.3810763888888889 0.8935185185185185 0.3841145833333333 0.8935185185185185 0.3891059027777778 0.8917824074074074 0.3904079861111111 0.8885030864197531 0.3895399305555556 0.8831018518518519 0.390625 0.8805941358024691 0.3910590277777778 0.8728780864197531 0.3944546440972222 0.8705613425925925 0.3942528211805556 0.8662586805555557 0.3914930555555556 0.8628472222222222 0.3904079861111111 0.8614969135802469 0.3865017361111111 0.8630401234567902
1 0.3276909722222222 0.8929398148148148 0.3276909722222222 0.8942901234567902 0.3302951388888889 0.8950617283950617 0.3313802083333333 0.8975694444444444 0.3318142361111111 0.8948688271604939 0.3348524305555556 0.8935185185185185 0.341796875 0.8979552469135802 0.3439670138888889 0.8966049382716049 0.3433159722222222 0.8921682098765432 0.3407118055555556 0.8894675925925926 0.3381076388888889 0.8881172839506173 0.3348524305555556 0.8881172839506173 0.3292100694444444 0.8902391975308642
1 0.3207465277777778 0.8900462962962963 0.3224826388888889 0.8940972222222222 0.3263888888888889 0.8975694444444444 0.3276909722222222 0.9008487654320988 0.3313802083333333 0.9018132716049383 0.3326822916666667 0.890625 0.3309461805555556 0.8896604938271605 0.3253038194444444 0.8888888888888888
1 0.5230034722222222 0.8967978395061729 0.5225694444444444 0.8975694444444444 0.5236545138888888 0.9006558641975309 0.5256076388888888 0.9020061728395061 0.5290798611111112 0.9012345679012346 0.5329861111111112 0.9041280864197531 0.5362413194444444 0.9039351851851852 0.5368923611111112 0.9016203703703703 0.5362413194444444 0.8964120370370371 0.5336371527777778 0.8956404320987654 0.5284288194444444 0.8962191358024691 0.5256076388888888 0.8954475308641975
1 0.5794270833333334 0.9807098765432098 0.5785590277777778 0.984375 0.5807291666666666 0.9998070987654321 0.5859375 0.9998070987654321 0.5896267361111112 0.9909336419753086 0.5894097222222222 0.9841820987654321 0.5883246527777778 0.9818672839506173 0.5865885416666666 0.9807098765432098 0.5818142361111112 0.9795524691358025
1 0.552734375 0.9591049382716049 0.5536024305555556 0.9629629629629629 0.5572916666666666 0.9660493827160493 0.5588107638888888 0.9652777777777778 0.5614149305555556 0.9612268518518519 0.5616319444444444 0.9594907407407407 0.5572916666666666 0.956983024691358 0.5538194444444444 0.9577546296296297
1 0.5707465277777778 0.935570987654321 0.5711805555555556 0.9427083333333334 0.5731336805555556 0.9454089506172839 0.57421875 0.9504243827160493 0.5735677083333334 0.9565972222222222 0.5707465277777778 0.9600694444444444 0.578125 0.9600694444444444 0.5796440972222222 0.9581404320987654 0.5822482638888888 0.9425154320987654 0.5811631944444444 0.9392361111111112 0.578125 0.9353780864197531 0.57421875 0.9340277777777778
1 0.560546875 0.9417438271604939 0.560546875 0.9459876543209876 0.5655381944444444 0.9546682098765432 0.5653211805555556 0.9571759259259259 0.56640625 0.9600694444444444 0.5674913194444444 0.9606481481481481 0.5711805555555556 0.9600694444444444 0.5729166666666666 0.956983024691358 0.5713975694444444 0.9538966049382716 0.5713975694444444 0.9515817901234568 0.5724826388888888 0.9496527777777778 0.5718315972222222 0.9357638888888888 0.5679253472222222 0.9346064814814815 0.5642361111111112 0.9351851851851852
1 0.5221354166666666 0.9837962962962963 0.5256076388888888 0.9998070987654321 0.5386284722222222 0.9998070987654321 0.5362413194444444 0.9878472222222222 0.5327690972222222 0.9809027777777778 0.5295138888888888 0.9795524691358025 0.5256076388888888 0.9799382716049383
1 0.5184461805555556 0.9851466049382716 0.517578125 0.9876543209876543 0.5180121527777778 0.9913194444444444 0.5208333333333334 0.9942129629629629 0.5225694444444444 0.9998070987654321 0.5299479166666666 0.9998070987654321 0.5325520833333334 0.984375 0.5277777777777778 0.9809027777777778 0.5256076388888888 0.980516975308642 0.5206163194444444 0.982445987654321
1 0.5062934027777778 0.9768518518518519 0.5056423611111112 0.9772376543209876 0.5060763888888888 0.9783950617283951 0.5086805555555556 0.9809027777777778 0.5071614583333334 0.9841820987654321 0.5060763888888888 0.9947916666666666 0.5086805555555556 0.9974922839506173 0.5121527777777778 0.9972993827160493 0.5177951388888888 0.9870756172839507 0.5182291666666666 0.9807098765432098 0.5158420138888888 0.9780092592592593 0.5125868055555556 0.9766589506172839 0.5084635416666666 0.9758873456790124
1 0.4969618055555556 0.9837962962962963 0.4973958333333333 0.9936342592592593 0.4956597222222222 0.9998070987654321 0.5052083333333334 0.9998070987654321 0.505859375 0.9944058641975309 0.5043402777777778 0.9903549382716049 0.5056423611111112 0.9870756172839507 0.505859375 0.9801311728395061 0.5069444444444444 0.9772376543209876 0.5049913194444444 0.9712577160493827 0.5041232638888888 0.9735725308641975 0.5017361111111112 0.9747299382716049 0.4982638888888889 0.9785879629629629
1 0.5670572916666666 0.9814814814814815 0.5666232638888888 0.9855324074074074 0.5672743055555556 0.9886188271604939 0.5709635416666666 0.9938271604938271 0.5744357638888888 0.9951774691358025 0.578125 0.9872685185185185 0.5783420138888888 0.9797453703703703 0.5774739583333334 0.9758873456790124 0.5750868055555556 0.9741512345679012 0.5718315972222222 0.9753086419753086 0.5692274305555556 0.9774305555555556
1 0.5466579861111112 0.9965277777777778 0.5464409722222222 0.9998070987654321 0.5603298611111112 0.9998070987654321 0.5607638888888888 0.9932484567901234 0.5594618055555556 0.9897762345679012 0.5570746527777778 0.9874614197530864 0.5538194444444444 0.9880401234567902 0.5499131944444444 0.9911265432098766
1 0.5611979166666666 0.9911265432098766 0.5611979166666666 0.9998070987654321 0.5729166666666666 0.9998070987654321 0.5729166666666666 0.9909336419753086 0.5709635416666666 0.9888117283950617 0.5674913194444444 0.9888117283950617
1 0.5514322916666666 0.7901234567901234 0.5512152777777778 0.7932098765432098 0.5538194444444444 0.7955246913580247 0.5677083333333334 0.794945987654321 0.5705295138888888 0.7961033950617284 0.5746527777777778 0.7993827160493827 0.5774739583333334 0.7997685185185185 0.5796440972222222 0.7966820987654321 0.5792100694444444 0.7932098765432098 0.5768229166666666 0.7901234567901234 0.5746527777777778 0.7881944444444444 0.568359375 0.7858796296296297 0.5620659722222222 0.7849151234567902 0.5575086805555556 0.7853009259259259 0.5536024305555556 0.7876157407407407
1 0.6996527777777778 0.5360725308641975 0.6996527777777778 0.5403163580246914 0.7035590277777778 0.5403163580246914 0.7057291666666666 0.5372299382716049 0.7074652777777778 0.5374228395061729 0.7098524305555556 0.5407021604938271 0.7107204861111112 0.5403163580246914 0.7118055555555556 0.5374228395061729 0.7118055555555556 0.5308641975308642 0.7139756944444444 0.5271990740740741 0.7157118055555556 0.5258487654320988 0.71484375 0.5241126543209876 0.7133246527777778 0.5231481481481481 0.7109375 0.5243055555555556 0.7063802083333334 0.5241126543209876 0.7026909722222222 0.5256558641975309 0.7037760416666666 0.5295138888888888 0.7020399305555556 0.53125
1 0.6801215277777778 0.5252700617283951 0.6799045138888888 0.5260416666666666 0.6825086805555556 0.5268132716049383 0.6840277777777778 0.5281635802469136 0.6857638888888888 0.5362654320987654 0.6877170138888888 0.5366512345679012 0.6885850694444444 0.5397376543209876 0.689453125 0.5399305555555556 0.689453125 0.5364583333333334 0.6907552083333334 0.535108024691358 0.6918402777777778 0.5316358024691358 0.6959635416666666 0.5335648148148148 0.6968315972222222 0.5329861111111112 0.6961805555555556 0.5310570987654321 0.6940104166666666 0.5277777777777778 0.6888020833333334 0.5235339506172839 0.6848958333333334 0.5227623456790124
1 0.6937934027777778 0.5239197530864198 0.6935763888888888 0.5262345679012346 0.6946614583333334 0.5289351851851852 0.6996527777777778 0.5337577160493827 0.7013888888888888 0.5268132716049383 0.7005208333333334 0.5219907407407407 0.6996527777777778 0.5212191358024691 0.6959635416666666 0.5208333333333334 0.6942274305555556 0.5223765432098766
1 0.7191840277777778 0.46084104938271603 0.7189670138888888 0.46392746913580246 0.7204861111111112 0.466820987654321 0.7274305555555556 0.4672067901234568 0.7306857638888888 0.4654706790123457 0.7313474392361111 0.4620235339506173 0.7310881076388889 0.4615626929012346 0.7354965277777779 0.4569538966049383 0.732384765625 0.4604104938271605 0.7376302083333334 0.4564043209876543 0.7278645833333334 0.45601851851851855 0.7241753472222222 0.4565972222222222 0.7209201388888888 0.4583333333333333
1 0.6508246527777778 0.4241898148148148 0.6512586805555556 0.4263117283950617 0.6577690972222222 0.42920524691358025 0.6625434027777778 0.4288194444444444 0.6655815972222222 0.4253472222222222 0.6638454861111112 0.4222608024691358 0.6614583333333334 0.4209104938271605 0.654296875 0.4209104938271605 0.6521267361111112 0.421875
1 0.6430121527777778 0.4236111111111111 0.642578125 0.42573302469135804 0.6436631944444444 0.4288194444444444 0.6473524305555556 0.42978395061728397 0.6534288194444444 0.4270833333333333 0.6579861111111112 0.4261188271604938 0.6584201388888888 0.4253472222222222 0.6510416666666666 0.4224537037037037 0.6440972222222222 0.4226466049382716