1 0.6701388888888888 0.9720293209876543 0.6775173611111112 0.9776234567901234 0.671875 0.9845679012345679 0.6686197916666666 0.9851466049382716 0.6545138888888888 0.984375 0.6495225694444444 0.9812885802469136 0.6477864583333334 0.9774305555555556 0.669921875 0.9720293209876543
1 0.6241319444444444 0.9764660493827161 0.6365017361111112 0.980516975308642 0.6371527777777778 0.9878472222222222 0.6338975694444444 0.9918981481481481 0.6265190972222222 0.9884259259259259 0.6150173611111112 0.9880401234567902 0.6158854166666666 0.9782021604938271 0.6239149305555556 0.9764660493827161
1 0.6100260416666666 0.9878472222222222 0.6187065972222222 0.9947916666666666 0.6208767361111112 0.9998070987654321 0.5965711805555556 0.9998070987654321 0.5989583333333334 0.9917052469135802 0.60546875 0.9876543209876543 0.6098090277777778 0.9878472222222222
1 0.6039496527777778 0.9577546296296297 0.6052517361111112 0.9598765432098766 0.6022135416666666 0.9670138888888888 0.5987413194444444 0.9666280864197531 0.5954861111111112 0.9596836419753086 0.5980902777777778 0.9571759259259259 0.6037326388888888 0.9577546296296297
1 0.5928819444444444 0.956983024691358 0.5950520833333334 0.9598765432098766 0.5896267361111112 0.9677854938271605 0.5850694444444444 0.9699074074074074 0.5844184027777778 0.9581404320987654 0.5926649305555556 0.956983024691358
1 0.5772569444444444 0.9743441358024691 0.5889756944444444 0.9839891975308642 0.5855034722222222 0.9998070987654321 0.580078125 0.9998070987654321 0.5779079861111112 0.9942129629629629 0.5746527777777778 0.9969135802469136 0.5670572916666666 0.9868827160493827 0.5674913194444444 0.9799382716049383 0.5744357638888888 0.9737654320987654 0.5770399305555556 0.9743441358024691
1 0.5570746527777778 0.9845679012345679 0.5696614583333334 0.9895833333333334 0.5720486111111112 0.9944058641975309 0.5713975694444444 0.9998070987654321 0.5525173611111112 0.9998070987654321 0.5514322916666666 0.9915123456790124 0.5536024305555556 0.986304012345679 0.5568576388888888 0.9847608024691358
1 0.5746527777777778 0.9334490740740741 0.5818142361111112 0.9417438271604939 0.5792100694444444 0.9567901234567902 0.5770399305555556 0.9592978395061729 0.5685763888888888 0.9608410493827161 0.5659722222222222 0.9592978395061729 0.5607638888888888 0.9425154320987654 0.5642361111111112 0.935570987654321 0.5744357638888888 0.9334490740740741
1 0.7662760416666666 0.7282021604938271 0.7712673611111112 0.7310956790123457 0.7749565972222222 0.7378472222222222 0.7727864583333334 0.7532793209876543 0.7784288194444444 0.7621527777777778 0.7762586805555556 0.7652391975308642 0.7725694444444444 0.7629243827160493 0.7654079861111112 0.7652391975308642 0.7628038194444444 0.7621527777777778 0.7630208333333334 0.7513503086419753 0.7586805555555556 0.7376543209876543 0.7660590277777778 0.7282021604938271
1 0.5638020833333334 0.7847222222222222 0.5713975694444444 0.7864583333333334 0.5779079861111112 0.7907021604938271 0.5792100694444444 0.7976466049382716 0.5748697916666666 0.8013117283950617 0.5572916666666666 0.8001543209876543 0.5512152777777778 0.7937885802469136 0.5538194444444444 0.7878086419753086 0.5635850694444444 0.7847222222222222
1 0.7493489583333334 0.6018518518518519 0.7584635416666666 0.6087962962962963 0.7591145833333334 0.6172839506172839 0.7565104166666666 0.623070987654321 0.7484809027777778 0.626929012345679 0.7419704861111112 0.6232638888888888 0.7406684027777778 0.6161265432098766 0.7434895833333334 0.6026234567901234 0.7491319444444444 0.6018518518518519
1 0.734375 0.6005015432098766 0.7515190972222222 0.6024305555555556 0.7584635416666666 0.6089891975308642 0.7584635416666666 0.6199845679012346 0.7552083333333334 0.6240354938271605 0.7486979166666666 0.626929012345679 0.7378472222222222 0.6205632716049383 0.7309027777777778 0.6253858024691358 0.7272135416666666 0.6232638888888888 0.7224392361111112 0.6091820987654321 0.7274305555555556 0.6020447530864198 0.7341579861111112 0.6005015432098766
1 0.7350260416666666 0.6003086419753086 0.7406684027777778 0.6024305555555556 0.7411024305555556 0.6122685185185185 0.7398003472222222 0.6195987654320988 0.7309027777777778 0.6257716049382716 0.7269965277777778 0.623070987654321 0.7222222222222222 0.6089891975308642 0.7267795138888888 0.6022376543209876 0.7348090277777778 0.6003086419753086
1 0.6608072916666666 0.5933641975308642 0.6675347222222222 0.5958719135802469 0.6783854166666666 0.5945216049382716 0.6833767361111112 0.5985725308641975 0.6790364583333334 0.6209490740740741 0.6697048611111112 0.6168981481481481 0.6612413194444444 0.6086033950617284 0.6545138888888888 0.6087962962962963 0.6514756944444444 0.5952932098765432 0.6540798611111112 0.5931712962962963 0.6605902777777778 0.5933641975308642
1 0.7877604166666666 0.4868827160493827 0.7903645833333334 0.4878472222222222 0.7897135416666666 0.4982638888888889 0.7840711805555556 0.49112654320987653 0.7838541666666666 0.4878472222222222 0.7875434027777778 0.4868827160493827
1 0.6892361111111112 0.47704475308641975 0.6950954861111112 0.4810956790123457 0.6983506944444444 0.49170524691358025 0.6961805555555556 0.4996141975308642 0.6927083333333334 0.5011574074074074 0.681640625 0.4996141975308642 0.6788194444444444 0.4955632716049383 0.6788194444444444 0.4791666666666667 0.6820746527777778 0.47665895061728397 0.6890190972222222 0.47704475308641975
1 0.6338975694444444 0.4697145061728395 0.642578125 0.47260802469135804 0.6460503472222222 0.47723765432098764 0.6434461805555556 0.4913194444444444 0.6373697916666666 0.49363425925925924 0.6286892361111112 0.4774305555555556 0.6302083333333334 0.4710648148148148 0.6336805555555556 0.4697145061728395
1 0.6345486111111112 0.4693287037037037 0.6365017361111112 0.47164351851851855 0.6354166666666666 0.48823302469135804 0.6336805555555556 0.4895833333333333 0.6299913194444444 0.484375 0.6278211805555556 0.4747299382716049 0.6302083333333334 0.4697145061728395 0.6343315972222222 0.4693287037037037
1 0.5998263888888888 0.47704475308641975 0.6067708333333334 0.4845679012345679 0.6056857638888888 0.49421296296296297 0.5870225694444444 0.4866898148148148 0.5904947916666666 0.4774305555555556 0.599609375 0.47704475308641975
1 0.5642361111111112 0.5027006172839507 0.56640625 0.5052083333333334 0.5538194444444444 0.5262345679012346 0.5483940972222222 0.5256558641975309 0.5499131944444444 0.5189043209876543 0.5477430555555556 0.5052083333333334 0.5640190972222222 0.5027006172839507
1 0.6098090277777778 0.44058641975308643 0.6145833333333334 0.4461805555555556 0.6154513888888888 0.4600694444444444 0.6130642361111112 0.4618055555555556 0.6085069444444444 0.4600694444444444 0.6030815972222222 0.44540895061728397 0.6030815972222222 0.4425154320987654 0.6095920138888888 0.44058641975308643
1 0.603515625 0.4434799382716049 0.6069878472222222 0.46334876543209874 0.6028645833333334 0.4662422839506173 0.5998263888888888 0.4637345679012346 0.5952690972222222 0.4488811728395062 0.5989583333333334 0.44386574074074076 0.6032986111111112 0.4434799382716049
1 0.7254774305555556 0.3748070987654321 0.7309027777777778 0.38348765432098764 0.7265625 0.3861882716049383 0.724609375 0.390625 0.7133246527777778 0.39197530864197533 0.7063802083333334 0.3912037037037037 0.7000868055555556 0.38348765432098764 0.7009548611111112 0.38117283950617287 0.7252604166666666 0.3748070987654321
1 0.6519097222222222 0.4070216049382716 0.6681857638888888 0.4079861111111111 0.6688368055555556 0.4182098765432099 0.66796875 0.4207175925925926 0.6640625 0.4216820987654321 0.6614583333333334 0.42824074074074076 0.6540798611111112 0.42650462962962965 0.6486545138888888 0.4288194444444444 0.6440972222222222 0.42804783950617287 0.6404079861111112 0.4220679012345679 0.6365017361111112 0.4222608024691358 0.6330295138888888 0.42592592592592593 0.6312934027777778 0.4106867283950617 0.6332465277777778 0.4074074074074074 0.640625 0.4095293209876543 0.6516927083333334 0.4070216049382716
1 0.6634114583333334 0.39351851851851855 0.6770833333333334 0.4045138888888889 0.6768663194444444 0.40760030864197533 0.6712239583333334 0.40914351851851855 0.6684027777777778 0.41261574074074076 0.6647135416666666 0.4085648148148148 0.6536458333333334 0.40837191358024694 0.6482204861111112 0.40412808641975306 0.6486545138888888 0.4002700617283951 0.654296875 0.3939043209876543 0.6631944444444444 0.39351851851851855
1 0.5364583333333334 0.46662808641975306 0.5399305555555556 0.47492283950617287 0.5319010416666666 0.4880401234567901 0.5288628472222222 0.48746141975308643 0.5284288194444444 0.4729938271604938 0.5329861111111112 0.4670138888888889 0.5362413194444444 0.46662808641975306
1 0.6792534722222222 0.38213734567901236 0.6859809027777778 0.3836805555555556 0.6888020833333334 0.3871527777777778 0.6890190972222222 0.39351851851851855 0.6859809027777778 0.3975694444444444 0.6781684027777778 0.3921682098765432 0.6681857638888888 0.3940972222222222 0.6655815972222222 0.3917824074074074 0.6677517361111112 0.38271604938271603 0.6790364583333334 0.38213734567901236
1 0.6623263888888888 0.3931327160493827 0.6694878472222222 0.4010416666666667 0.6681857638888888 0.4085648148148148 0.6655815972222222 0.4068287037037037 0.6527777777777778 0.40837191358024694 0.6484375 0.4060570987654321 0.6480034722222222 0.40084876543209874 0.6510416666666666 0.3958333333333333 0.6575520833333334 0.39274691358024694 0.662109375 0.3931327160493827
1 0.6095920138888888 0.3917824074074074 0.6206597222222222 0.3948688271604938 0.6234809027777778 0.40007716049382713 0.6161024305555556 0.4166666666666667 0.6130642361111112 0.4182098765432099 0.6059027777777778 0.41203703703703703 0.6019965277777778 0.4122299382716049 0.603515625 0.39795524691358025 0.609375 0.3917824074074074
1 0.6278211805555556 0.37962962962962965 0.6414930555555556 0.3904320987654321 0.638671875 0.40239197530864196 0.6343315972222222 0.4050925925925926 0.6299913194444444 0.39718364197530864 0.623046875 0.39718364197530864 0.619140625 0.3939043209876543 0.6195746527777778 0.38580246913580246 0.6276041666666666 0.37962962962962965
1 0.6278211805555556 0.3792438271604938 0.6325954861111112 0.3836805555555556 0.6323784722222222 0.3871527777777778 0.6299913194444444 0.39371141975308643 0.6234809027777778 0.39525462962962965 0.619140625 0.39197530864197533 0.6187065972222222 0.3869598765432099 0.6276041666666666 0.3792438271604938
1 0.4813368055555556 0.47357253086419754 0.4841579861111111 0.4756944444444444 0.4852430555555556 0.4810956790123457 0.4813368055555556 0.49112654320987653 0.4772135416666667 0.49537037037037035 0.4741753472222222 0.48051697530864196 0.4774305555555556 0.4739583333333333 0.4811197916666667 0.47357253086419754
1 0.4598524305555556 0.4955632716049383 0.4548611111111111 0.49459876543209874 0.453125 0.49112654320987653 0.4600694444444444 0.48302469135802467 0.4713541666666667 0.47897376543209874 0.4739583333333333 0.47974537037037035 0.4756944444444444 0.484375 0.4739583333333333 0.49787808641975306 0.4685329861111111 0.4982638888888889 0.4637586805555556 0.49074074074074076 0.4600694444444444 0.49537037037037035
1 0.3250868055555556 0.7752700617283951 0.33203125 0.7835648148148148 0.3272569444444444 0.796875 0.3244357638888889 0.7989969135802469 0.3209635416666667 0.7980324074074074 0.31640625 0.7827932098765432 0.3207465277777778 0.7760416666666666 0.3248697916666667 0.7752700617283951
1 0.2858072916666667 0.7586805555555556 0.2942708333333333 0.7586805555555556 0.298828125 0.7633101851851852 0.3101128472222222 0.7687114197530864 0.3157552083333333 0.7756558641975309 0.3142361111111111 0.7787422839506173 0.296875 0.7771990740740741 0.2916666666666667 0.763695987654321 0.2860243055555556 0.7588734567901234
1 0.2202690972222222 0.765625 0.23046875 0.7685185185185185 0.23828125 0.7679398148148148 0.2586805555555556 0.7760416666666666 0.26171875 0.779320987654321 0.2536892361111111 0.7810570987654321 0.2515190972222222 0.7883873456790124 0.24479166666666666 0.7866512345679012 0.24131944444444445 0.7791280864197531 0.2306857638888889 0.7841435185185185 0.22721354166666666 0.7723765432098766 0.2204861111111111 0.7658179012345679
1 0.2380642361111111 0.6907793209876543 0.24131944444444445 0.6934799382716049 0.2437065972222222 0.703125 0.23828125 0.7108410493827161 0.2378472222222222 0.7202932098765432 0.22395833333333334 0.7152777777777778 0.2202690972222222 0.7181712962962963 0.21006944444444445 0.7137345679012346 0.21614583333333334 0.7083333333333334 0.2170138888888889 0.7017746913580247 0.22157118055555555 0.6961805555555556 0.2269965277777778 0.6925154320987654 0.2378472222222222 0.6907793209876543
1 0.1755642361111111 0.7654320987654321 0.1820746527777778 0.767554012345679 0.18641493055555555 0.7725694444444444 0.1870659722222222 0.7760416666666666 0.18272569444444445 0.7862654320987654 0.185546875 0.7937885802469136 0.17860243055555555 0.7899305555555556 0.1694878472222222 0.7897376543209876 0.1684027777777778 0.7876157407407407 0.16688368055555555 0.7897376543209876 0.1603732638888889 0.7897376543209876 0.16536458333333334 0.7723765432098766 0.1714409722222222 0.765625 0.1753472222222222 0.7654320987654321
1 0.6375868055555556 0.3595679012345679 0.6516927083333334 0.3603395061728395 0.6558159722222222 0.3630401234567901 0.6540798611111112 0.3705632716049383 0.6508246527777778 0.3715277777777778 0.6473524305555556 0.36477623456790126 0.6373697916666666 0.373070987654321 0.634765625 0.3626543209876543 0.6373697916666666 0.3595679012345679
1 0.439453125 0.2662037037037037 0.4513888888888889 0.26851851851851855 0.4559461805555556 0.27237654320987653 0.447265625 0.29205246913580246 0.4459635416666667 0.3005401234567901 0.4429253472222222 0.30246913580246915 0.4388020833333333 0.2970679012345679 0.4281684027777778 0.2966820987654321 0.4320746527777778 0.29050925925925924 0.43359375 0.2725694444444444 0.4392361111111111 0.2662037037037037
1 0.12825520833333334 0.7660108024691358 0.13997395833333334 0.7671682098765432 0.1440972222222222 0.7717978395061729 0.1443142361111111 0.7760416666666666 0.13758680555555555 0.7907021604938271 0.1267361111111111 0.7874228395061729 0.11957465277777778 0.7758487654320988 0.11957465277777778 0.7677469135802469 0.1232638888888889 0.7654320987654321 0.12803819444444445 0.7660108024691358
1 0.10655381944444445 0.7179783950617284 0.12999131944444445 0.7191358024691358 0.13194444444444445 0.7239583333333334 0.1265190972222222 0.7249228395061729 0.1232638888888889 0.7287808641975309 0.1091579861111111 0.7282021604938271 0.10438368055555555 0.7204861111111112 0.10633680555555555 0.7179783950617284
1 0.123046875 0.7527006172839507 0.1232638888888889 0.7604166666666666 0.1095920138888889 0.7800925925925926 0.0920138888888889 0.7874228395061729 0.0881076388888889 0.7862654320987654 0.08919270833333333 0.7816358024691358 0.09809027777777778 0.7646604938271605 0.1171875 0.7606095679012346 0.1228298611111111 0.7528935185185185
1 0.4398871527777778 0.2660108024691358 0.4442274305555556 0.2689043209876543 0.4453125 0.2935956790123457 0.4427083333333333 0.30092592592592593 0.4392361111111111 0.2964891975308642 0.4283854166666667 0.2966820987654321 0.4320746527777778 0.29012345679012347 0.4333767361111111 0.27276234567901236 0.4357638888888889 0.2679398148148148 0.4396701388888889 0.2660108024691358
1 0.6098090277777778 0.18190586419753085 0.623046875 0.1853780864197531 0.6284722222222222 0.19212962962962962 0.6252170138888888 0.19945987654320987 0.61328125 0.2029320987654321 0.6056857638888888 0.2006172839506173 0.5993923611111112 0.19232253086419754 0.6022135416666666 0.18518518518518517 0.6095920138888888 0.18190586419753085
1 0.373046875 0.17901234567901234 0.3784722222222222 0.18557098765432098 0.3784722222222222 0.1892361111111111 0.3732638888888889 0.20042438271604937 0.3700086805555556 0.20158179012345678 0.3663194444444444 0.19984567901234568 0.3619791666666667 0.1871141975308642 0.3669704861111111 0.17920524691358025 0.3728298611111111 0.17901234567901234
1 0.8140190972222222 0.12172067901234568 0.8192274305555556 0.1267361111111111 0.8220486111111112 0.13348765432098766 0.8200954861111112 0.14756944444444445 0.8255208333333334 0.1576003086419753 0.8244357638888888 0.15895061728395063 0.8174913194444444 0.1554783950617284 0.8142361111111112 0.15991512345679013 0.8107638888888888 0.1570216049382716 0.8090277777777778 0.14255401234567902 0.8051215277777778 0.13348765432098766 0.8094618055555556 0.12307098765432099 0.8138020833333334 0.12172067901234568
1 0.3394097222222222 0.16222993827160495 0.3621961805555556 0.17862654320987653 0.359375 0.1892361111111111 0.3420138888888889 0.18074845679012347 0.3359375 0.16473765432098766 0.3391927083333333 0.16222993827160495
1 0.21202256944444445 0.44425154320987653 0.2230902777777778 0.4529320987654321 0.22135416666666666 0.4600694444444444 0.2170138888888889 0.46199845679012347 0.20768229166666666 0.44907407407407407 0.20789930555555555 0.44502314814814814 0.21180555555555555 0.44425154320987653
1 0.2654079861111111 0.171875 0.2758246527777778 0.17515432098765432 0.2829861111111111 0.1730324074074074 0.3036024305555556 0.18132716049382716 0.3079427083333333 0.18557098765432098 0.3001302083333333 0.18595679012345678 0.2962239583333333 0.19444444444444445 0.2886284722222222 0.19251543209876543 0.2864583333333333 0.1853780864197531 0.2758246527777778 0.19058641975308643 0.2725694444444444 0.1863425925925926 0.2723524305555556 0.17881944444444445 0.2654079861111111 0.1753472222222222 0.2654079861111111 0.1720679012345679
1 0.07096354166666667 0.847608024691358 0.08311631944444445 0.8559027777777778 0.07942708333333333 0.8697916666666666 0.06597222222222222 0.8844521604938271 0.05837673611111111 0.8890817901234568 0.05056423611111111 0.9018132716049383 0.04665798611111111 0.9012345679012346 0.050347222222222224 0.8840663580246914 0.05381944444444445 0.8775077160493827 0.06510416666666667 0.8678626543209876 0.06987847222222222 0.8591820987654321 0.0681423611111111 0.8487654320987654 0.07074652777777778 0.8478009259259259
1 0.0642361111111111 0.779320987654321 0.08138020833333333 0.7646604938271605 0.08637152777777778 0.765625 0.08875868055555555 0.7725694444444444 0.08723958333333333 0.7806712962962963 0.08116319444444445 0.7885802469135802 0.061848958333333336 0.7899305555555556 0.05967881944444445 0.7862654320987654 0.0642361111111111 0.7795138888888888
1 0.07465277777777778 0.7303240740740741 0.06684027777777778 0.7272376543209876 0.06532118055555555 0.7241512345679012 0.06684027777777778 0.7173996913580247 0.07552083333333333 0.7175925925925926 0.07725694444444445 0.7280092592592593 0.07486979166666667 0.7301311728395061
1 0.1130642361111111 0.2652391975308642 0.1265190972222222 0.27179783950617287 0.1271701388888889 0.27488425925925924 0.12413194444444445 0.2775848765432099 0.1208767361111111 0.28973765432098764 0.1091579861111111 0.30150462962962965 0.10590277777777778 0.3018904320987654 0.10590277777777778 0.2924382716049383 0.11436631944444445 0.2725694444444444 0.11284722222222222 0.2652391975308642
1 0.1657986111111111 0.16666666666666666 0.16493055555555555 0.17515432098765432 0.15234375 0.19290123456790123 0.13368055555555555 0.2013888888888889 0.1306423611111111 0.1996527777777778 0.13151041666666666 0.19483024691358025 0.1404079861111111 0.17881944444444445 0.158203125 0.1736111111111111 0.1655815972222222 0.16666666666666666
1 0.11480034722222222 0.18557098765432098 0.1265190972222222 0.17920524691358025 0.13151041666666666 0.1880787037037037 0.12413194444444445 0.2021604938271605 0.10546875 0.20466820987654322 0.10221354166666667 0.2029320987654321 0.10199652777777778 0.1996527777777778 0.11480034722222222 0.1857638888888889
1 0.7838541666666666 0 0.8003472222222222 0 0.80078125 0.006944444444444444 0.8003472222222222 0.013117283950617283 0.7977430555555556 0.016010802469135804 0.7925347222222222 0.018518518518518517 0.7864583333333334 0.017939814814814815 0.78125 0.011959876543209876 0.7838541666666666 0.00019290123456790122
1 0.7649739583333334 0 0.8001302083333334 0 0.8005642361111112 0.005979938271604938 0.7999131944444444 0.013310185185185185 0.7934027777777778 0.01832561728395062 0.7864583333333334 0.017939814814814815 0.7799479166666666 0.013117283950617283 0.7723524305555556 0.017361111111111112 0.7680121527777778 0.011766975308641976 0.7649739583333334 0.00019290123456790122
1 0.4548611111111111 0.0943287037037037 0.4592013888888889 0.09895833333333333 0.4609375 0.10609567901234568 0.4529079861111111 0.11824845679012345 0.4466145833333333 0.12191358024691358 0.4446614583333333 0.11998456790123457 0.4446614583333333 0.10590277777777778 0.4490017361111111 0.09567901234567901 0.4546440972222222 0.0943287037037037
1 0.4459635416666667 0.09239969135802469 0.4565972222222222 0.09510030864197531 0.4609375 0.10474537037037036 0.453125 0.11786265432098765 0.4463975694444444 0.12172067901234568 0.4427083333333333 0.11400462962962964 0.4379340277777778 0.12017746913580248 0.4340277777777778 0.11979166666666667 0.4331597222222222 0.11631944444444445 0.4348958333333333 0.09876543209876543 0.4392361111111111 0.0941358024691358 0.4457465277777778 0.09239969135802469
1 0.4427083333333333 0.0920138888888889 0.4500868055555556 0.09587191358024691 0.439453125 0.11902006172839506 0.4338107638888889 0.11959876543209877 0.4331597222222222 0.10243055555555555 0.4377170138888889 0.09529320987654322 0.4424913194444444 0.09220679012345678
1 0.049479166666666664 0.7586805555555556 0.0642361111111111 0.7629243827160493 0.07096354166666667 0.7689043209876543 0.06792534722222222 0.7731481481481481 0.05099826388888889 0.7787422839506173 0.04513888888888889 0.7770061728395061 0.036458333333333336 0.7623456790123457 0.04296875 0.7584876543209876 0.049262152777777776 0.7586805555555556
1 0.087890625 0.17554012345679013 0.1037326388888889 0.17862654320987653 0.10980902777777778 0.18113425925925927 0.11197916666666667 0.18518518518518517 0.11024305555555555 0.1884645061728395 0.09266493055555555 0.19444444444444445 0.0857204861111111 0.19290123456790123 0.07747395833333333 0.18229166666666666 0.0779079861111111 0.17862654320987653 0.0876736111111111 0.17554012345679013
1 0.15950520833333334 0.1284722222222222 0.1681857638888889 0.12866512345679013 0.17296006944444445 0.13175154320987653 0.1723090277777778 0.13560956790123457 0.16514756944444445 0.1408179012345679 0.1506076388888889 0.1392746913580247 0.1447482638888889 0.13020833333333334 0.15928819444444445 0.1284722222222222
1 0.022786458333333332 0.7145061728395061 0.03211805555555555 0.716820987654321 0.054036458333333336 0.7170138888888888 0.05360243055555555 0.7202932098765432 0.042317708333333336 0.7291666666666666 0.037543402777777776 0.7415123456790124 0.029513888888888888 0.7467206790123457 0.028645833333333332 0.734375 0.01953125 0.7204861111111112 0.01953125 0.7164351851851852 0.022569444444444444 0.7145061728395061
1 0.7645399305555556 0 0.7825520833333334 0 0.7808159722222222 0.011959876543209876 0.7727864583333334 0.017554012345679014 0.7680121527777778 0.012345679012345678 0.7645399305555556 0.00019290123456790122
1 0.7059461805555556 0 0.7239583333333334 0 0.7237413194444444 0.01273148148148148 0.7118055555555556 0.008487654320987654 0.7059461805555556 0.00019290123456790122
1 0.11653645833333333 0.13078703703703703 0.11827256944444445 0.14429012345679013 0.11631944444444445 0.14621913580246915 0.1072048611111111 0.14216820987654322 0.1056857638888889 0.13425925925925927 0.10872395833333333 0.13097993827160495 0.11631944444444445 0.13078703703703703
1 0.06293402777777778 0.13155864197530864 0.0939670138888889 0.13329475308641975 0.09244791666666667 0.1371527777777778 0.08289930555555555 0.14390432098765432 0.07855902777777778 0.15817901234567902 0.07118055555555555 0.16338734567901234 0.06944444444444445 0.15239197530864199 0.0642361111111111 0.14776234567901234 0.05946180555555555 0.13657407407407407 0.05946180555555555 0.13233024691358025 0.0627170138888889 0.13155864197530864
1 0.6228897569444444 0.36275578703703704 0.6219351128472222 0.34084047067901235 0.6245603298611111 0.3357505787037037 0.6360158420138888 0.3431734182098765 0.6319585503472223 0.35483757716049386 0.6317200520833333 0.36204822530864195 0.6279014756944444 0.3639567901234568
1 0.622173828125 0.3652293595679012 0.6162074652777778 0.36841049382716046 0.6162074652777778 0.3535650077160494 0.6080930989583333 0.3457181712962963 0.6150141059027778 0.33702314814814816 0.6202645399305555 0.3363869598765432 0.6233669704861111 0.36713792438271603
1 0.5756360677083333 0.39385976080246915 0.5756360677083333 0.3883456790123457 0.581125 0.38325578703703705 0.5851822916666667 0.3919510030864198 0.5868528645833333 0.39767708333333335 0.5906712239583334 0.4059481095679012 0.5909099392361111 0.4084930555555556 0.5808865017361111 0.4055239197530864 0.5799318576388889 0.399373649691358
1 0.5581597222222222 0.39371141975308643 0.5579427083333334 0.40412808641975306 0.5609809027777778 0.4045138888888889 0.5648871527777778 0.40142746913580246 0.5685763888888888 0.3940972222222222 0.5692274305555556 0.38850308641975306 0.5674913194444444 0.3846450617283951 0.5609809027777778 0.38271604938271603 0.5594618055555556 0.38348765432098764
1 0.5705295138888888 0.3933256172839506 0.5707465277777778 0.39699074074074076 0.5740017361111112 0.40316358024691357 0.5744357638888888 0.408179012345679 0.5737847222222222 0.41184413580246915 0.5746527777777778 0.41454475308641975 0.5802951388888888 0.4077932098765432 0.5815972222222222 0.404320987654321 0.5815972222222222 0.39737654320987653 0.5796440972222222 0.3929398148148148 0.5776909722222222 0.39197530864197533 0.5753038194444444 0.38927469135802467 0.5720486111111112 0.390625
1 0.548828125 0.3900462962962963 0.5492621527777778 0.39737654320987653 0.5481770833333334 0.4047067901234568 0.5503472222222222 0.40625 0.5533854166666666 0.4060570987654321 0.5577256944444444 0.404320987654321 0.55859375 0.40219907407407407 0.5579427083333334 0.39718364197530864 0.5583767361111112 0.3904320987654321 0.5607638888888888 0.38329475308641975 0.5570746527777778 0.38040123456790126 0.5536024305555556 0.38252314814814814 0.5499131944444444 0.3861882716049383
1 0.6026475694444444 0.3626543209876543 0.6046006944444444 0.3663194444444444 0.6091579861111112 0.3715277777777778 0.6124131944444444 0.36612654320987653 0.6119791666666666 0.3628472222222222 0.6091579861111112 0.36149691358024694
1 0.4055989583333333 0.41280864197530864 0.4053819444444444 0.41512345679012347 0.4125190972222222 0.4156145833333333 0.41492578125 0.41939834104938273 0.417517578125 0.42137249228395063 0.4184027777777778 0.42322530864197533 0.4207899305555556 0.4216820987654321 0.4214409722222222 0.41801697530864196 0.4184027777777778 0.41377314814814814 0.4090711805555556 0.4112654320987654 0.4066840277777778 0.4112654320987654
1 0.4490017361111111 0.36149691358024694 0.4487847222222222 0.3630401234567901 0.4503038194444444 0.36612654320987653 0.4500868055555556 0.36959876543209874 0.4513888888888889 0.3767361111111111 0.4529079861111111 0.3782793209876543 0.4563802083333333 0.3775077160493827 0.4574652777777778 0.3765432098765432 0.4605034722222222 0.36689814814814814 0.4607204861111111 0.3609182098765432 0.4598524305555556 0.3595679012345679 0.4516059027777778 0.3591820987654321 0.4503038194444444 0.3595679012345679
1 0.6124131944444444 0.5046296296296297 0.6119791666666666 0.5054012345679012 0.6150173611111112 0.5160108024691358 0.6223958333333334 0.5202546296296297 0.6232638888888888 0.5229552469135802 0.6239149305555556 0.5150462962962963 0.6276041666666666 0.5086805555555556 0.6265190972222222 0.5052083333333334 0.6202256944444444 0.5055941358024691
1 0.5581597222222222 0.4600694444444444 0.5572916666666666 0.4637345679012346 0.560546875 0.4670138888888889 0.5642361111111112 0.4662422839506173 0.5696614583333334 0.46739969135802467 0.572265625 0.466820987654321 0.5713975694444444 0.4600694444444444 0.5640190972222222 0.45698302469135804 0.5607638888888888 0.45698302469135804
1 0.7196180555555556 0.45929783950617287 0.7196180555555556 0.46412037037037035 0.7204861111111112 0.4660493827160494 0.7272135416666666 0.4654706790123457 0.7291666666666666 0.4635416666666667 0.7300347222222222 0.45968364197530864 0.7274305555555556 0.4565972222222222 0.7209201388888888 0.45775462962962965
1 0.6983506944444444 0.4940200617283951 0.6985677083333334 0.4974922839506173 0.7018229166666666 0.4996141975308642 0.7068142361111112 0.4996141975308642 0.7100694444444444 0.4982638888888889 0.7083333333333334 0.4947916666666667 0.7063802083333334 0.49324845679012347 0.7022569444444444 0.49228395061728397
1 0.7063802083333334 0.5387731481481481 0.7065972222222222 0.5407021604938271 0.7096354166666666 0.5397376543209876 0.7120225694444444 0.5353009259259259 0.7144097222222222 0.5329861111111112 0.7176649305555556 0.5260416666666666 0.716796875 0.5206404320987654 0.7133246527777778 0.5225694444444444 0.7115885416666666 0.5295138888888888
1 0.6794704861111112 0.5223765432098766 0.6799045138888888 0.5258487654320988 0.68359375 0.5285493827160493 0.6857638888888888 0.5347222222222222 0.689453125 0.5374228395061729 0.6911892361111112 0.5362654320987654 0.69140625 0.529320987654321 0.6898871527777778 0.5248842592592593 0.6879340277777778 0.5223765432098766 0.6857638888888888 0.5212191358024691
1 0.6927083333333334 0.5254629629629629 0.6931423611111112 0.5353009259259259 0.6961805555555556 0.5387731481481481 0.6990017361111112 0.5356867283950617 0.7026909722222222 0.5258487654320988 0.6996527777777778 0.5221836419753086 0.6950954861111112 0.5233410493827161
1 0.3997395833333333 0.7156635802469136 0.3995225694444444 0.7239583333333334 0.4010416666666667 0.7253086419753086 0.404296875 0.7247299382716049 0.4086371527777778 0.7204861111111112 0.4108072916666667 0.7158564814814815 0.4155815972222222 0.7100694444444444 0.416015625 0.7064043209876543 0.4151475694444444 0.7033179012345679 0.4116753472222222 0.6975308641975309 0.4077690972222222 0.6961805555555556 0.4036458333333333 0.699266975308642 0.4008246527777778 0.7079475308641975
1 0.3880208333333333 0.7077546296296297 0.3878038194444444 0.7204861111111112 0.3884548611111111 0.7220293209876543 0.390625 0.7233796296296297 0.3956163194444444 0.7204861111111112 0.3969184027777778 0.7143132716049383 0.4010416666666667 0.7102623456790124 0.40234375 0.7029320987654321 0.4045138888888889 0.6994598765432098 0.4029947916666667 0.6961805555555556 0.3973524305555556 0.6948302469135802 0.3943142361111111 0.6963734567901234 0.3893229166666667 0.7029320987654321
1 0.390625 0.8661265432098766 0.3927951388888889 0.8694058641975309 0.3914930555555556 0.873070987654321 0.3917100694444444 0.8777006172839507 0.3904079861111111 0.8798225308641975 0.3917100694444444 0.8827160493827161 0.390625 0.8879243827160493 0.3914930555555556 0.8940972222222222 0.3930121527777778 0.8985339506172839 0.39453125 0.9000771604938271 0.396484375 0.8975694444444444 0.3982204861111111 0.8896604938271605 0.404296875 0.8796296296296297 0.4053819444444444 0.8738425925925926 0.40625 0.8721064814814815 0.4095052083333333 0.8695987654320988 0.4012586805555556 0.8647762345679012 0.3962673611111111 0.8647762345679012
1 0.3832465277777778 0.8726851851851852 0.3830295138888889 0.8838734567901234 0.3821614583333333 0.8871527777777778 0.3795572916666667 0.8904320987654321 0.3799913194444444 0.8929398148148148 0.3815104166666667 0.8933256172839507 0.3841145833333333 0.8931327160493827 0.3897569444444444 0.8908179012345679 0.3904079861111111 0.888695987654321 0.3899739583333333 0.8821373456790124 0.3908420138888889 0.8800154320987654 0.3944921875 0.8676012731481483 0.39385763888888886 0.8632793209876543 0.3904079861111111 0.8647762345679012 0.3865017361111111 0.8647762345679012
1 0.3279079861111111 0.8931327160493827 0.3279079861111111 0.894483024691358 0.330078125 0.8956404320987654 0.3313802083333333 0.8983410493827161 0.3331163194444444 0.8956404320987654 0.3352864583333333 0.8952546296296297 0.3396267361111111 0.8981481481481481 0.3420138888888889 0.9008487654320988 0.3428819444444444 0.8983410493827161 0.3424479166666667 0.8939043209876543 0.3385416666666667 0.8896604938271605 0.3348524305555556 0.8888888888888888 0.3315972222222222 0.8896604938271605 0.3296440972222222 0.890625
1 0.3220486111111111 0.8902391975308642 0.3231336805555556 0.8939043209876543 0.3268229166666667 0.8967978395061729 0.328125 0.8993055555555556 0.3313802083333333 0.8985339506172839 0.3318142361111111 0.8973765432098766 0.3305121527777778 0.8908179012345679 0.3253038194444444 0.8892746913580247
1 0.2805989583333333 0.09471450617283951 0.2751736111111111 0.10165895061728394 0.2747395833333333 0.1099537037037037 0.2625868055555556 0.12152777777777778 0.2528211805555556 0.11959876543209877 0.2530381944444444 0.11631944444444445 0.2586805555555556 0.11246141975308642 0.2593315972222222 0.10570987654320987 0.2690972222222222 0.09741512345679013 0.2803819444444444 0.09471450617283951
1 0.2706163194444444 0.10223765432098765 0.2701822916666667 0.11979166666666667 0.2721354166666667 0.12191358024691358 0.275390625 0.12094907407407407 0.279296875 0.12307098765432099 0.2814670138888889 0.12287808641975309 0.2825520833333333 0.11979166666666667 0.2810329861111111 0.11631944444444445 0.28125 0.11323302469135803 0.2868923611111111 0.1089891975308642 0.2866753472222222 0.10243055555555555 0.2847222222222222 0.09799382716049383 0.2829861111111111 0.0954861111111111 0.2777777777777778 0.0954861111111111 0.2740885416666667 0.09799382716049383
1 0.20572916666666666 0.18904320987654322 0.2035590277777778 0.19598765432098766 0.2046440972222222 0.19926697530864199 0.20768229166666666 0.19945987654320987 0.2131076388888889 0.19714506172839505 0.21571180555555555 0.19791666666666666 0.21614583333333334 0.19945987654320987 0.21809895833333334 0.19945987654320987 0.22265625 0.19772376543209877 0.2241753472222222 0.19637345679012347 0.2248263888888889 0.19347993827160495 0.2241753472222222 0.19020061728395063 0.2282986111111111 0.18209876543209877 0.22591145833333334 0.17881944444444445 0.2211371527777778 0.1753472222222222 0.21766493055555555 0.17476851851851852 0.2144097222222222 0.1753472222222222 0.2126736111111111 0.17650462962962962 0.2087673611111111 0.18209876543209877
1 0.21484375 0.17708333333333334 0.21354166666666666 0.17862654320987653 0.21397569444444445 0.17978395061728394 0.21788194444444445 0.18229166666666666 0.21614583333333334 0.1853780864197531 0.2172309027777778 0.1888503086419753 0.2152777777777778 0.19560185185185186 0.21614583333333334 0.19945987654320987 0.220703125 0.19830246913580246 0.22721354166666666 0.20158179012345678 0.22938368055555555 0.20119598765432098 0.23046875 0.1996527777777778 0.22916666666666666 0.19849537037037038 0.2265625 0.19251543209876543 0.23155381944444445 0.18557098765432098 0.23111979166666666 0.18190586419753085 0.22721354166666666 0.17766203703703703 0.22178819444444445 0.1753472222222222 0.216796875 0.1753472222222222
1 0.17469618055555555 0.18557098765432098 0.17578125 0.19579475308641975 0.1742621527777778 0.19945987654320987 0.17860243055555555 0.2025462962962963 0.1820746527777778 0.2017746913580247 0.1892361111111111 0.1857638888888889 0.1879340277777778 0.18248456790123457 0.1859809027777778 0.18036265432098766 0.18229166666666666 0.17862654320987653 0.18055555555555555 0.17881944444444445 0.1773003472222222 0.18036265432098766
1 0.1636284722222222 0.17939814814814814 0.16276041666666666 0.18209876543209877 0.16297743055555555 0.1861496913580247 0.1664496527777778 0.19618055555555555 0.171875 0.1996527777777778 0.17491319444444445 0.20042438271604937 0.17643229166666666 0.20003858024691357 0.17708333333333334 0.18152006172839505 0.17469618055555555 0.17901234567901234 0.171875 0.17824074074074073 0.16493055555555555 0.17766203703703703
1 0.3734809027777778 0.2962962962962963 0.3732638888888889 0.3001543209876543 0.3754340277777778 0.3016332947530864 0.3754340277777778 0.3038194444444444 0.3799913194444444 0.30787037037037035 0.3812934027777778 0.30632716049382713 0.3841145833333333 0.30497685185185186 0.3908420138888889 0.30613425925925924 0.3932291666666667 0.30401234567901236 0.3932291666666667 0.3003472222222222 0.3908420138888889 0.2964891975308642 0.3871527777777778 0.2943672839506173 0.3765190972222222 0.29475308641975306
1 0.3693576388888889 0.29552469135802467 0.3689236111111111 0.2970679012345679 0.3728298611111111 0.30362654320987653 0.3765190972222222 0.30632716049382713 0.3791232638888889 0.30574845679012347 0.3806423611111111 0.30343364197530864 0.3819444444444444 0.2966820987654321 0.376953125 0.2943672839506173 0.3726128472222222 0.2943672839506173
1 0.5234375 0.9998070987654321 0.5180121527777778 0.9874614197530864 0.521484375 0.9816743827160493 0.5284288194444444 0.9791666666666666 0.5299479166666666 0.9998070987654321 0.5236545138888888 0.9998070987654321
1 0.5223524305555556 0.9830246913580247 0.5217013888888888 0.9847608024691358 0.5230034722222222 0.9886188271604939 0.5221354166666666 0.9913194444444444 0.5256076388888888 0.9998070987654321 0.5379774305555556 0.9998070987654321 0.5358072916666666 0.9874614197530864 0.5329861111111112 0.9812885802469136 0.5297309027777778 0.9795524691358025 0.5269097222222222 0.9797453703703703 0.5240885416666666 0.9807098765432098
1 0.5084635416666666 0.9729938271604939 0.5101996527777778 0.9741512345679012 0.5091145833333334 0.9801311728395061 0.505859375 0.9836033950617284 0.5006510416666666 0.9998070987654321 0.4969618055555556 0.9998070987654321 0.4978298611111111 0.9809027777777778 0.5082465277777778 0.9729938271604939
1 0.5098411458333333 0.9810931712962964 0.5041232638888888 0.9845679012345679 0.5032552083333334 0.9880401234567902 0.5010850694444444 0.9913194444444444 0.5052083333333334 0.998070987654321 0.5086805555555556 0.9978780864197531 0.5125868055555556 0.9963348765432098 0.5158420138888888 0.9909336419753086 0.5177951388888888 0.9849537037037037 0.5177951388888888 0.980516975308642 0.5151909722222222 0.9774305555555556 0.5091145833333334 0.9756944444444444 0.5090219184027778 0.9789091435185185
1 0.5509982638888888 0.9589120370370371 0.5505642361111112 0.9600694444444444 0.5538194444444444 0.9643132716049383 0.5570746527777778 0.9656635802469136 0.5614149305555556 0.9600694444444444 0.5572916666666666 0.9571759259259259 0.5531684027777778 0.9577546296296297
1 0.5327690972222222 0.8969907407407407 0.5349392361111112 0.9006558641975309 0.5362413194444444 0.9050925925925926 0.5397135416666666 0.9066358024691358 0.5414496527777778 0.9058641975308642 0.5427517361111112 0.9045138888888888 0.54296875 0.9027777777777778 0.5414496527777778 0.8971836419753086 0.5392795138888888 0.8958333333333334 0.5358072916666666 0.8958333333333334