1 0.673828125 0.9745370370370371 0.677734375 0.9776234567901234 0.6716579861111112 0.9845679012345679 0.6684027777777778 0.9853395061728395 0.654296875 0.984375 0.6486545138888888 0.9810956790123457 0.6488715277777778 0.9774305555555556 0.6714409722222222 0.9701003086419753 0.6753472222222222 0.9702932098765432 0.6736111111111112 0.9745370370370371
1 0.6640625 0.956983024691358 0.6701388888888888 0.9573688271604939 0.6710069444444444 0.9598765432098766 0.6684027777777778 0.9616126543209876 0.6482204861111112 0.9629629629629629 0.6408420138888888 0.9610339506172839 0.6410590277777778 0.9573688271604939 0.6638454861111112 0.956983024691358
1 0.6241319444444444 0.9756944444444444 0.6338975694444444 0.9787808641975309 0.6378038194444444 0.9822530864197531 0.6395399305555556 0.9888117283950617 0.6343315972222222 0.9909336419753086 0.6195746527777778 0.9888117283950617 0.615234375 0.986304012345679 0.6154513888888888 0.980516975308642 0.6239149305555556 0.9756944444444444
1 0.6095920138888888 0.9870756172839507 0.6195746527777778 0.9945987654320988 0.62109375 0.9998070987654321 0.5963541666666666 0.9998070987654321 0.5989583333333334 0.9917052469135802 0.609375 0.9870756172839507
1 0.6004774305555556 0.9571759259259259 0.6052517361111112 0.9592978395061729 0.6022135416666666 0.9672067901234568 0.5987413194444444 0.9662422839506173 0.5954861111111112 0.9598765432098766 0.6002604166666666 0.9571759259259259
1 0.5822482638888888 0.9774305555555556 0.5883246527777778 0.9845679012345679 0.5833333333333334 0.9998070987654321 0.5772569444444444 0.9998070987654321 0.5753038194444444 0.9878472222222222 0.5779079861111112 0.9780092592592593 0.58203125 0.9774305555555556
1 0.5926649305555556 0.9565972222222222 0.5963541666666666 0.9598765432098766 0.5887586805555556 0.9685570987654321 0.5852864583333334 0.9689429012345679 0.5848524305555556 0.9581404320987654 0.5924479166666666 0.9565972222222222
1 0.5746527777777778 0.9737654320987654 0.5805121527777778 0.9772376543209876 0.5746527777777778 0.9909336419753086 0.5709635416666666 0.9913194444444444 0.5666232638888888 0.9851466049382716 0.5674913194444444 0.9797453703703703 0.5744357638888888 0.9739583333333334
1 0.7682291666666666 0.7283950617283951 0.7749565972222222 0.7374614197530864 0.7730034722222222 0.7540509259259259 0.7786458333333334 0.7623456790123457 0.7769097222222222 0.7646604938271605 0.7717013888888888 0.7627314814814815 0.7660590277777778 0.7648533950617284 0.7625868055555556 0.7611882716049383 0.7628038194444444 0.7507716049382716 0.7586805555555556 0.7374614197530864 0.7625868055555556 0.7307098765432098 0.7680121527777778 0.7283950617283951
1 0.5570746527777778 0.9851466049382716 0.5640190972222222 0.9890046296296297 0.5677083333333334 0.9853395061728395 0.5713975694444444 0.9893904320987654 0.5698784722222222 0.9998070987654321 0.5509982638888888 0.9998070987654321 0.5529513888888888 0.9876543209876543 0.5568576388888888 0.9853395061728395
1 0.5746527777777778 0.9332561728395061 0.5809461805555556 0.9392361111111112 0.5813802083333334 0.9461805555555556 0.5783420138888888 0.9577546296296297 0.5711805555555556 0.9606481481481481 0.5668402777777778 0.9598765432098766 0.5607638888888888 0.9425154320987654 0.5642361111111112 0.9357638888888888 0.5744357638888888 0.9332561728395061
1 0.5305989583333334 0.9797453703703703 0.5349392361111112 0.984375 0.5379774305555556 0.9998070987654321 0.5234375 0.9998070987654321 0.5182291666666666 0.9913194444444444 0.5177951388888888 0.9876543209876543 0.5212673611111112 0.9818672839506173 0.5260416666666666 0.9793595679012346 0.5303819444444444 0.9797453703703703
1 0.5052083333333334 0.9741512345679012 0.517578125 0.9807098765432098 0.5128038194444444 0.9965277777777778 0.5091145833333334 0.9998070987654321 0.4971788194444444 0.9998070987654321 0.4978298611111111 0.9807098765432098 0.5049913194444444 0.9743441358024691
1 0.5262586805555556 0.8940972222222222 0.5355902777777778 0.8962191358024691 0.5358072916666666 0.9048996913580247 0.5279947916666666 0.9045138888888888 0.5258246527777778 0.8993055555555556 0.5221354166666666 0.904320987654321 0.515625 0.9072145061728395 0.5188802083333334 0.8966049382716049 0.5260416666666666 0.8940972222222222
1 0.564453125 0.7847222222222222 0.5716145833333334 0.7864583333333334 0.5779079861111112 0.7908950617283951 0.5792100694444444 0.7978395061728395 0.5746527777777778 0.8015046296296297 0.5572916666666666 0.8001543209876543 0.5516493055555556 0.7939814814814815 0.5538194444444444 0.7878086419753086 0.5642361111111112 0.7847222222222222
1 0.404296875 0.9677854938271605 0.400390625 0.9573688271604939 0.4025607638888889 0.9529320987654321 0.4090711805555556 0.953125 0.41015625 0.9554398148148148 0.4045138888888889 0.9677854938271605
1 0.3908420138888889 0.8626543209876543 0.4008246527777778 0.8649691358024691 0.4049479166666667 0.8709490740740741 0.4045138888888889 0.8777006172839507 0.3943142361111111 0.8994984567901234 0.3891059027777778 0.8927469135802469 0.3802083333333333 0.8913966049382716 0.3834635416666667 0.8850308641975309 0.3843315972222222 0.8695987654320988 0.38671875 0.8645833333333334 0.390625 0.8626543209876543
1 0.7489149305555556 0.6018518518518519 0.7565104166666666 0.6059027777777778 0.7591145833333334 0.6167052469135802 0.7565104166666666 0.623070987654321 0.7484809027777778 0.626929012345679 0.7421875 0.6240354938271605 0.740234375 0.6188271604938271 0.7426215277777778 0.6043595679012346 0.744140625 0.6022376543209876 0.7486979166666666 0.6018518518518519
1 0.7345920138888888 0.6003086419753086 0.7517361111111112 0.6024305555555556 0.7584635416666666 0.6091820987654321 0.7584635416666666 0.6197916666666666 0.7549913194444444 0.6242283950617284 0.7484809027777778 0.626929012345679 0.7380642361111112 0.6207561728395061 0.7309027777777778 0.6251929012345679 0.7269965277777778 0.6228780864197531 0.7224392361111112 0.6095679012345679 0.7233072916666666 0.6062885802469136 0.7269965277777778 0.6022376543209876 0.734375 0.6003086419753086
1 0.7345920138888888 0.5999228395061729 0.7408854166666666 0.6024305555555556 0.7411024305555556 0.6114969135802469 0.7395833333333334 0.6195987654320988 0.7311197916666666 0.6253858024691358 0.7269965277777778 0.623070987654321 0.7222222222222222 0.6091820987654321 0.7274305555555556 0.6018518518518519 0.734375 0.5999228395061729
1 0.658203125 0.5929783950617284 0.6681857638888888 0.5964506172839507 0.6864149305555556 0.5987654320987654 0.6829427083333334 0.6022376543209876 0.68359375 0.6165123456790124 0.6822916666666666 0.6176697530864198 0.6786024305555556 0.6153549382716049 0.671875 0.6184413580246914 0.6612413194444444 0.6086033950617284 0.654296875 0.6089891975308642 0.6506076388888888 0.5952932098765432 0.6579861111111112 0.5929783950617284
1 0.4079861111111111 0.6957947530864198 0.4147135416666667 0.7019675925925926 0.4151475694444444 0.7102623456790124 0.4079861111111111 0.7204861111111112 0.4012586805555556 0.7247299382716049 0.3975694444444444 0.7125771604938271 0.3940972222222222 0.7202932098765432 0.3888888888888889 0.7202932098765432 0.3893229166666667 0.7033179012345679 0.396484375 0.6959876543209876 0.4077690972222222 0.6957947530864198
1 0.3246527777777778 0.7750771604938271 0.33203125 0.7826003086419753 0.3313802083333333 0.7881944444444444 0.3248697916666667 0.7989969135802469 0.3209635416666667 0.7986111111111112 0.3161892361111111 0.7862654320987654 0.3179253472222222 0.7797067901234568 0.3244357638888889 0.7750771604938271
1 0.2864583333333333 0.7596450617283951 0.2862413194444444 0.7582947530864198 0.2964409722222222 0.7586805555555556 0.2996961805555556 0.7635030864197531 0.3072916666666667 0.7665895061728395 0.3142361111111111 0.7727623456790124 0.3157552083333333 0.7758487654320988 0.3142361111111111 0.7787422839506173 0.2970920138888889 0.7789351851851852 0.2918836805555556 0.7640817901234568 0.2866753472222222 0.7596450617283951
1 0.2241753472222222 0.7648533950617284 0.23350694444444445 0.7689043209876543 0.2482638888888889 0.7685185185185185 0.2536892361111111 0.7714120370370371 0.2556423611111111 0.7762345679012346 0.2506510416666667 0.7797067901234568 0.2482638888888889 0.7854938271604939 0.24479166666666666 0.7862654320987654 0.2378472222222222 0.7798996913580247 0.2341579861111111 0.7824074074074074 0.2280815972222222 0.779320987654321 0.22721354166666666 0.7723765432098766 0.22157118055555555 0.765625 0.22395833333333334 0.7648533950617284
1 0.2384982638888889 0.6903935185185185 0.2426215277777778 0.6961805555555556 0.2437065972222222 0.7035108024691358 0.2384982638888889 0.7108410493827161 0.2380642361111111 0.7202932098765432 0.22547743055555555 0.7170138888888888 0.22395833333333334 0.7143132716049383 0.2202690972222222 0.7181712962962963 0.20985243055555555 0.7133487654320988 0.21592881944444445 0.7081404320987654 0.2170138888888889 0.7017746913580247 0.220703125 0.6969521604938271 0.22743055555555555 0.6923225308641975 0.23828125 0.6903935185185185
1 0.17122395833333334 0.765625 0.1820746527777778 0.7673611111111112 0.1870659722222222 0.7752700617283951 0.18294270833333334 0.7826003086419753 0.18446180555555555 0.7914737654320988 0.1697048611111111 0.7897376543209876 0.1684027777777778 0.7876157407407407 0.16688368055555555 0.7897376543209876 0.1605902777777778 0.7901234567901234 0.1636284722222222 0.7762345679012346 0.17122395833333334 0.7658179012345679
1 0.1267361111111111 0.7652391975308642 0.1401909722222222 0.7671682098765432 0.1443142361111111 0.7721836419753086 0.13953993055555555 0.7899305555555556 0.13736979166666666 0.7910879629629629 0.1265190972222222 0.7874228395061729 0.11957465277777778 0.7752700617283951 0.11957465277777778 0.7685185185185185 0.12239583333333333 0.765625 0.1265190972222222 0.7652391975308642
1 0.07096354166666667 0.8474151234567902 0.0837673611111111 0.8559027777777778 0.08506944444444445 0.8591820987654321 0.08051215277777778 0.861304012345679 0.07921006944444445 0.8705632716049383 0.06401909722222222 0.8850308641975309 0.06163194444444445 0.8800154320987654 0.07074652777777778 0.8562885802469136 0.06770833333333333 0.8485725308641975 0.07074652777777778 0.8474151234567902
1 0.1189236111111111 0.7175925925925926 0.1267361111111111 0.7235725308641975 0.1265190972222222 0.7276234567901234 0.1213107638888889 0.7301311728395061 0.10894097222222222 0.7280092592592593 0.10264756944444445 0.7202932098765432 0.10460069444444445 0.7177854938271605 0.11870659722222222 0.7175925925925926
1 0.8628472222222222 0.4799382716049383 0.8661024305555556 0.4809027777777778 0.8656684027777778 0.484375 0.8634982638888888 0.48842592592592593 0.859375 0.49016203703703703 0.8552517361111112 0.4876543209876543 0.8580729166666666 0.4809027777777778 0.8626302083333334 0.4799382716049383
1 0.7877604166666666 0.48746141975308643 0.7899305555555556 0.4880401234567901 0.7918836805555556 0.49440586419753085 0.7901475694444444 0.4972993827160494 0.7836371527777778 0.4913194444444444 0.7829861111111112 0.4878472222222222 0.7875434027777778 0.48746141975308643
1 0.6864149305555556 0.47646604938271603 0.6922743055555556 0.4783950617283951 0.6955295138888888 0.4839891975308642 0.6966145833333334 0.4984567901234568 0.6931423611111112 0.5005787037037037 0.6820746527777778 0.4982638888888889 0.6792534722222222 0.4949845679012346 0.6781684027777778 0.4809027777777778 0.681640625 0.47704475308641975 0.6861979166666666 0.47646604938271603
1 0.6382378472222222 0.47087191358024694 0.6432291666666666 0.4729938271604938 0.6458333333333334 0.47723765432098764 0.6430121527777778 0.49151234567901236 0.6408420138888888 0.4930555555555556 0.63671875 0.49247685185185186 0.6354166666666666 0.4876543209876543 0.6380208333333334 0.47087191358024694
1 0.6360677083333334 0.47010030864197533 0.6438802083333334 0.47357253086419754 0.6456163194444444 0.47723765432098764 0.6427951388888888 0.4913194444444444 0.6378038194444444 0.49324845679012347 0.6286892361111112 0.4774305555555556 0.6302083333333334 0.4704861111111111 0.6358506944444444 0.47010030864197533
1 0.6334635416666666 0.4689429012345679 0.6360677083333334 0.47164351851851855 0.6351996527777778 0.4880401234567901 0.6334635416666666 0.4888117283950617 0.6302083333333334 0.4841820987654321 0.6280381944444444 0.4774305555555556 0.6295572916666666 0.4704861111111111 0.6332465277777778 0.4691358024691358
1 0.5978732638888888 0.47665895061728397 0.6065538194444444 0.4841820987654321 0.6059027777777778 0.4947916666666667 0.6024305555555556 0.49440586419753085 0.5989583333333334 0.4903549382716049 0.5885416666666666 0.4878472222222222 0.5868055555555556 0.4851466049382716 0.5907118055555556 0.4774305555555556 0.59765625 0.47665895061728397
1 0.564453125 0.5028935185185185 0.5659722222222222 0.5050154320987654 0.5540364583333334 0.5260416666666666 0.546875 0.5258487654320988 0.5501302083333334 0.5192901234567902 0.5483940972222222 0.5052083333333334 0.5529513888888888 0.5030864197530864 0.5642361111111112 0.5028935185185185
1 0.609375 0.44039351851851855 0.6143663194444444 0.44598765432098764 0.6150173611111112 0.45987654320987653 0.6126302083333334 0.4618055555555556 0.6089409722222222 0.45987654320987653 0.6037326388888888 0.44656635802469136 0.603515625 0.4425154320987654 0.6091579861111112 0.44039351851851855
1 0.6026475694444444 0.4427083333333333 0.6072048611111112 0.4554398148148148 0.6067708333333334 0.4635416666666667 0.6028645833333334 0.4660493827160494 0.5998263888888888 0.46392746913580246 0.5952690972222222 0.4513888888888889 0.5963541666666666 0.4461805555555556 0.6024305555555556 0.4427083333333333
1 0.7241753472222222 0.3757716049382716 0.7272135416666666 0.3800154320987654 0.7309027777777778 0.38040123456790126 0.7311197916666666 0.38348765432098764 0.7259114583333334 0.38599537037037035 0.7248263888888888 0.390625 0.7100694444444444 0.3929398148148148 0.7063802083333334 0.392554012345679 0.7007378472222222 0.38213734567901236 0.7239583333333334 0.3757716049382716
1 0.5503472222222222 0.4677854938271605 0.5499131944444444 0.4581404320987654 0.5536024305555556 0.4573688271604938 0.5551215277777778 0.45968364197530864 0.5538194444444444 0.4672067901234568 0.5503472222222222 0.4679783950617284
1 0.5364583333333334 0.46662808641975306 0.5399305555555556 0.47453703703703703 0.5327690972222222 0.4878472222222222 0.5295138888888888 0.4876543209876543 0.5284288194444444 0.4729938271604938 0.5329861111111112 0.4670138888888889 0.5362413194444444 0.46662808641975306
1 0.4809027777777778 0.47337962962962965 0.4841579861111111 0.47588734567901236 0.4850260416666667 0.48148148148148145 0.4772135416666667 0.49421296296296297 0.4748263888888889 0.48032407407407407 0.4772135416666667 0.4747299382716049 0.4806857638888889 0.47337962962962965
1 0.705078125 0.36072530864197533 0.712890625 0.3628472222222222 0.7039930555555556 0.3663194444444444 0.6957465277777778 0.36612654320987653 0.6922743055555556 0.3626543209876543 0.6955295138888888 0.36072530864197533 0.7048611111111112 0.36072530864197533
1 0.4711371527777778 0.47781635802469136 0.4743923611111111 0.4809027777777778 0.4750434027777778 0.4866898148148148 0.4743923611111111 0.4947916666666667 0.470703125 0.49787808641975306 0.4637586805555556 0.4839891975308642 0.4672309027777778 0.47820216049382713 0.4709201388888889 0.47781635802469136
1 0.6128472222222222 0.18229166666666666 0.6234809027777778 0.18557098765432098 0.6284722222222222 0.19193672839506173 0.6254340277777778 0.19945987654320987 0.6145833333333334 0.203125 0.6061197916666666 0.20081018518518517 0.5993923611111112 0.19270833333333334 0.6026475694444444 0.18479938271604937 0.6126302083333334 0.18229166666666666
1 0.8151041666666666 0.12229938271604938 0.8213975694444444 0.13175154320987653 0.8198784722222222 0.14621913580246915 0.8255208333333334 0.1579861111111111 0.8174913194444444 0.1550925925925926 0.8142361111111112 0.15991512345679013 0.8098958333333334 0.1541280864197531 0.8053385416666666 0.13001543209876543 0.8107638888888888 0.12191358024691358 0.8148871527777778 0.12229938271604938
1 0.7649739583333334 0 0.7999131944444444 0 0.8005642361111112 0.008294753086419753 0.7986111111111112 0.015239197530864198 0.7931857638888888 0.018132716049382717 0.7864583333333334 0.017746913580246913 0.7799479166666666 0.013117283950617283 0.7725694444444444 0.01716820987654321 0.7680121527777778 0.012152777777777778 0.7649739583333334 0.00019290123456790122
1 0.11979166666666667 0.7527006172839507 0.12196180555555555 0.7554012345679012 0.11957465277777778 0.7623456790123457 0.1095920138888889 0.7795138888888888 0.091796875 0.7881944444444444 0.08832465277777778 0.7883873456790124 0.08680555555555555 0.7862654320987654 0.09830729166666667 0.7671682098765432 0.10243055555555555 0.763695987654321 0.11458333333333333 0.7594521604938271 0.11957465277777778 0.7528935185185185
1 0.3706597222222222 0.17824074074074073 0.3767361111111111 0.18287037037037038 0.3786892361111111 0.18904320987654322 0.3732638888888889 0.20042438271604937 0.3704427083333333 0.2013888888888889 0.3665364583333333 0.20023148148148148 0.3619791666666667 0.1892361111111111 0.3658854166666667 0.17997685185185186 0.3704427083333333 0.17824074074074073
1 0.3391927083333333 0.16145833333333334 0.3598090277777778 0.17573302469135801 0.3619791666666667 0.18248456790123457 0.359375 0.1876929012345679 0.3420138888888889 0.17978395061728394 0.3361545138888889 0.16493055555555555 0.3389756944444444 0.16145833333333334
1 0.4535590277777778 0.09375 0.4592013888888889 0.09857253086419752 0.4607204861111111 0.10628858024691358 0.4533420138888889 0.11766975308641975 0.4468315972222222 0.12133487654320987 0.4448784722222222 0.11959876543209877 0.4446614583333333 0.10185185185185185 0.4470486111111111 0.0954861111111111 0.4533420138888889 0.09375
1 0.4461805555555556 0.0941358024691358 0.4483506944444444 0.09567901234567901 0.4446614583333333 0.10223765432098765 0.4440104166666667 0.11014660493827161 0.4392361111111111 0.11805555555555555 0.4357638888888889 0.11940586419753087 0.4327256944444444 0.11631944444444445 0.4338107638888889 0.09953703703703703 0.4388020833333333 0.09490740740740741 0.4459635416666667 0.0941358024691358
1 0.4533420138888889 0.09375 0.4592013888888889 0.09876543209876543 0.4607204861111111 0.10609567901234568 0.4533420138888889 0.11766975308641975 0.4463975694444444 0.12152777777777778 0.4427083333333333 0.11168981481481481 0.4388020833333333 0.11805555555555555 0.435546875 0.11921296296296297 0.43359375 0.11766975308641975 0.4333767361111111 0.10204475308641975 0.4392361111111111 0.09490740740740741 0.453125 0.09375
1 0.2690972222222222 0.1714891975308642 0.2790798611111111 0.17573302469135801 0.2894965277777778 0.17418981481481483 0.2970920138888889 0.17554012345679013 0.3009982638888889 0.18229166666666666 0.2955729166666667 0.18479938271604937 0.2925347222222222 0.19251543209876543 0.2866753472222222 0.19135802469135801 0.2829861111111111 0.18595679012345678 0.2775607638888889 0.1878858024691358 0.2732204861111111 0.1857638888888889 0.2723524305555556 0.17843364197530864 0.2649739583333333 0.171875 0.2688802083333333 0.1714891975308642
1 0.0857204861111111 0.7660108024691358 0.08854166666666667 0.7721836419753086 0.083984375 0.7878086419753086 0.0646701388888889 0.7926311728395061 0.05881076388888889 0.7901234567901234 0.060546875 0.7833719135802469 0.07139756944444445 0.7702546296296297 0.08550347222222222 0.7660108024691358
1 0.07530381944444445 0.7170138888888888 0.07725694444444445 0.7282021604938271 0.07486979166666667 0.730516975308642 0.06749131944444445 0.7278163580246914 0.06597222222222222 0.722608024691358 0.06749131944444445 0.7172067901234568 0.07508680555555555 0.7170138888888888
1 0.16145833333333334 0.16589506172839505 0.1644965277777778 0.16820987654320987 0.15928819444444445 0.18209876543209877 0.1521267361111111 0.19232253086419754 0.13541666666666666 0.20158179012345678 0.13172743055555555 0.2017746913580247 0.12977430555555555 0.1996527777777778 0.14171006944444445 0.17901234567901234 0.15755208333333334 0.1716820987654321 0.16145833333333334 0.16608796296296297
1 0.047526041666666664 0.7582947530864198 0.064453125 0.7629243827160493 0.0705295138888889 0.7689043209876543 0.06770833333333333 0.7735339506172839 0.050347222222222224 0.7789351851851852 0.043402777777777776 0.7764274691358025 0.035590277777777776 0.7627314814814815 0.042534722222222224 0.7584876543209876 0.047309027777777776 0.7582947530864198
1 0.1265190972222222 0.17997685185185186 0.13020833333333334 0.18557098765432098 0.1273871527777778 0.2010030864197531 0.123046875 0.2038966049382716 0.10633680555555555 0.20717592592592593 0.10243055555555555 0.20736882716049382 0.0998263888888889 0.203125 0.11089409722222222 0.18557098765432098 0.12630208333333334 0.18016975308641975
1 0.08854166666666667 0.1753472222222222 0.109375 0.18074845679012347 0.11176215277777778 0.1849922839506173 0.11002604166666667 0.1882716049382716 0.10091145833333333 0.19020061728395063 0.0920138888888889 0.19502314814814814 0.08528645833333333 0.19367283950617284 0.07747395833333333 0.18229166666666666 0.07899305555555555 0.17843364197530864 0.08441840277777778 0.17515432098765432 0.08832465277777778 0.1753472222222222
1 0.1623263888888889 0.12924382716049382 0.1677517361111111 0.13368055555555555 0.16514756944444445 0.1412037037037037 0.1508246527777778 0.1388888888888889 0.1430121527777778 0.13020833333333334 0.162109375 0.12924382716049382
1 0.11610243055555555 0.13020833333333334 0.11827256944444445 0.1410108024691358 0.11653645833333333 0.14602623456790123 0.10611979166666667 0.1408179012345679 0.107421875 0.13175154320987653 0.11588541666666667 0.13020833333333334
1 0.025607638888888888 0.7150848765432098 0.048177083333333336 0.7170138888888888 0.047526041666666664 0.7202932098765432 0.041666666666666664 0.7239583333333334 0.04383680555555555 0.730516975308642 0.04210069444444445 0.7376543209876543 0.029730902777777776 0.7455632716049383 0.028211805555555556 0.7339891975308642 0.022786458333333332 0.7283950617283951 0.01953125 0.7202932098765432 0.019748263888888888 0.7156635802469136 0.025390625 0.7150848765432098
1 0.7057291666666666 0 0.7237413194444444 0 0.7261284722222222 0.008487654320987654 0.7135416666666666 0.010030864197530864 0.7057291666666666 0.00019290123456790122
1 0.06076388888888889 0.13136574074074073 0.08897569444444445 0.13348765432098766 0.0818142361111111 0.1400462962962963 0.08333333333333333 0.15142746913580246 0.07942708333333333 0.15779320987654322 0.07118055555555555 0.16300154320987653 0.06966145833333333 0.16184413580246915 0.06879340277777778 0.15084876543209877 0.060546875 0.1431327160493827 0.05859375 0.13445216049382716 0.060546875 0.13155864197530864
1 0.2684461805555556 0.09876543209876543 0.2669270833333333 0.10243055555555555 0.2682291666666667 0.10397376543209877 0.2693142361111111 0.1087962962962963 0.267578125 0.11207561728395062 0.2677951388888889 0.11458333333333333 0.2690972222222222 0.11593364197530864 0.2682291666666667 0.11979166666666667 0.26953125 0.12152777777777778 0.2723524305555556 0.12307098765432099 0.275390625 0.12249228395061729 0.2790798611111111 0.12384259259259259 0.2819010416666667 0.12345679012345678 0.2827690972222222 0.12229938271604938 0.2819010416666667 0.11535493827160494 0.2836371527777778 0.11226851851851852 0.2868923611111111 0.109375 0.2873263888888889 0.10725308641975309 0.2868923611111111 0.10223765432098765 0.2847222222222222 0.09683641975308642 0.2827690972222222 0.09471450617283951 0.279296875 0.0941358024691358 0.2723524305555556 0.0954861111111111 0.2708333333333333 0.09760802469135803
1 0.259765625 0.10551697530864197 0.2588975694444444 0.11091820987654322 0.2571614583333333 0.11400462962962964 0.2532552083333333 0.11631944444444445 0.2534722222222222 0.11979166666666667 0.2621527777777778 0.12152777777777778 0.26732378472222224 0.12119347993827162 0.26732378472222224 0.12037287808641976 0.26732378472222224 0.1217403549382716 0.26609266493055556 0.11818460648148148 0.27224848090277776 0.11052604166666666 0.27532660590277774 0.10177334104938271 0.2759422743055555 0.09985879629629629 0.2797309027777778 0.09452160493827161 0.2723524305555556 0.0954861111111111 0.2623697916666667 0.10223765432098765
1 0.220703125 0.17708333333333334 0.21961805555555555 0.18518518518518517 0.2204861111111111 0.19193672839506173 0.2170138888888889 0.19579475308641975 0.21614583333333334 0.19945987654320987 0.22157118055555555 0.19907407407407407 0.22743055555555555 0.20119598765432098 0.2306857638888889 0.20081018518518517 0.23111979166666666 0.19945987654320987 0.2289496527777778 0.19714506172839505 0.22764756944444445 0.19193672839506173 0.2322048611111111 0.1857638888888889 0.23177083333333334 0.18209876543209877 0.22721354166666666 0.17746913580246915 0.2241753472222222 0.17631172839506173 0.2211371527777778 0.17631172839506173
1 0.2026909722222222 0.19733796296296297 0.20225694444444445 0.19945987654320987 0.203125 0.20023148148148148 0.2065972222222222 0.20023148148148148 0.20985243055555555 0.19945987654320987 0.21006944444444445 0.19849537037037038 0.21397569444444445 0.19656635802469136 0.22005208333333334 0.17881944444444445 0.21983506944444445 0.1753472222222222 0.21592881944444445 0.17496141975308643 0.2133246527777778 0.17573302469135801 0.2111545138888889 0.18016975308641975 0.2087673611111111 0.18248456790123457
1 0.1753472222222222 0.1857638888888889 0.1775173611111111 0.19560185185185186 0.17513020833333334 0.1996527777777778 0.17881944444444445 0.203125 0.18294270833333334 0.2010030864197531 0.189453125 0.18557098765432098 0.18684895833333334 0.18074845679012347 0.18250868055555555 0.17804783950617284 0.18098958333333334 0.17804783950617284 0.1773003472222222 0.17881944444444445 0.1773003472222222 0.18364197530864199
1 0.16145833333333334 0.18209876543209877 0.16124131944444445 0.18557098765432098 0.16536458333333334 0.19598765432098766 0.1684027777777778 0.19830246913580246 0.17578125 0.20023148148148148 0.1762152777777778 0.19926697530864199 0.173828125 0.19540895061728394 0.1753472222222222 0.19270833333333334 0.17447916666666666 0.1896219135802469 0.17578125 0.18595679012345678 0.17447916666666666 0.17939814814814814 0.1644965277777778 0.17746913580246915 0.1623263888888889 0.17881944444444445
1 0.1056857638888889 0.2961033950617284 0.1052517361111111 0.30073302469135804 0.10590277777777778 0.3028549382716049 0.10894097222222222 0.30169753086419754 0.115234375 0.29398148148148145 0.1208767361111111 0.28973765432098764 0.1232638888888889 0.28665123456790126 0.12391493055555555 0.28433641975308643 0.123046875 0.27584876543209874 0.12413194444444445 0.2725694444444444 0.11631944444444445 0.27218364197530864 0.11566840277777778 0.27469135802469136 0.10698784722222222 0.28973765432098764
1 0.3693576388888889 0.2961033950617284 0.369140625 0.296875 0.3728298611111111 0.30266203703703703 0.3765190972222222 0.30516975308641975 0.3793402777777778 0.30536265432098764 0.3799913194444444 0.3074845679012346 0.3817274305555556 0.30459104938271603 0.384765625 0.30478395061728397 0.3871527777777778 0.30613425925925924 0.3893229166666667 0.30401234567901236 0.3884548611111111 0.296875 0.3858506944444444 0.294945987654321 0.3841145833333333 0.2943672839506173 0.3743489583333333 0.2945601851851852
1 0.4325086805555556 0.27565586419753085 0.431640625 0.2899305555555556 0.4288194444444444 0.2934027777777778 0.4279513888888889 0.296875 0.4320746527777778 0.2972608024691358 0.4351128472222222 0.2962962962962963 0.4390190972222222 0.2970679012345679 0.4390190972222222 0.2932098765432099 0.4416232638888889 0.28703703703703703 0.4427083333333333 0.28684413580246915 0.4435763888888889 0.2689043209876543 0.439453125 0.2662037037037037 0.4357638888888889 0.2679398148148148
1 0.4444444444444444 0.2708333333333333 0.4442274305555556 0.2785493827160494 0.4403211805555556 0.2966820987654321 0.4427083333333333 0.30439814814814814 0.4461805555555556 0.30401234567901236 0.4468315972222222 0.2945601851851852 0.4533420138888889 0.28260030864197533 0.4544270833333333 0.2787422839506173 0.4592013888888889 0.27237654320987653 0.4585503472222222 0.2700617283950617 0.4568142361111111 0.2689043209876543 0.4524739583333333 0.2690972222222222 0.4496527777777778 0.2683256172839506 0.4455295138888889 0.2689043209876543
1 0.5614149305555556 0.29996141975308643 0.5620659722222222 0.30420524691358025 0.5640190972222222 0.3072916666666667 0.5709635416666666 0.30767746913580246 0.5737847222222222 0.30459104938271603 0.5768229166666666 0.296875 0.5711805555555556 0.2961033950617284 0.5694444444444444 0.2966820987654321 0.5679253472222222 0.298804012345679 0.5661892361111112 0.2986111111111111 0.5640190972222222 0.296875
1 0.5796440972222222 0.2964891975308642 0.5787760416666666 0.296875 0.5802951388888888 0.3038194444444444 0.5822482638888888 0.30709876543209874 0.5850694444444444 0.30864197530864196 0.5868055555555556 0.3072916666666667 0.5861545138888888 0.296875 0.58203125 0.2959104938271605
1 0.619140625 0.3385416666666667 0.6208767361111112 0.3414351851851852 0.6204427083333334 0.34587191358024694 0.6215277777777778 0.34934413580246915 0.619140625 0.35204475308641975 0.6195746527777778 0.35648148148148145 0.6184895833333334 0.3626543209876543 0.6195746527777778 0.3636188271604938 0.6280381944444444 0.3626543209876543 0.6302083333333334 0.36149691358024694 0.630859375 0.3597608024691358 0.6312934027777778 0.3533950617283951 0.6336805555555556 0.3452932098765432 0.6317274305555556 0.3412422839506173 0.626953125 0.33738425925925924 0.6228298611111112 0.33738425925925924
1 0.6121961805555556 0.3435570987654321 0.6126302083333334 0.34915123456790126 0.6148003472222222 0.35127314814814814 0.6161024305555556 0.35532407407407407 0.6167534722222222 0.3595679012345679 0.6154513888888888 0.3643904320987654 0.6163194444444444 0.36651234567901236 0.6217447916666666 0.3626543209876543 0.6202256944444444 0.35300925925925924 0.6213107638888888 0.3489583333333333 0.6223958333333334 0.34857253086419754 0.6223958333333334 0.3427854938271605 0.6213107638888888 0.3385416666666667 0.6195746527777778 0.33757716049382713 0.6161024305555556 0.33815586419753085 0.6128472222222222 0.34162808641975306
1 0.6371527777777778 0.36149691358024694 0.6369357638888888 0.37037037037037035 0.6404079861111112 0.37094907407407407 0.6421440972222222 0.36940586419753085 0.6436631944444444 0.3645833333333333 0.6469184027777778 0.3626543209876543 0.6408420138888888 0.3603395061728395
1 0.6499565972222222 0.3618827160493827 0.6495225694444444 0.3663194444444444 0.6508246527777778 0.3705632716049383 0.6545138888888888 0.37017746913580246 0.6610243055555556 0.36323302469135804 0.6608072916666666 0.36226851851851855 0.6577690972222222 0.3601466049382716 0.6538628472222222 0.3599537037037037
1 0.6050347222222222 0.3620756172839506 0.6043836805555556 0.3628472222222222 0.6059027777777778 0.3663194444444444 0.6091579861111112 0.3713348765432099 0.6130642361111112 0.3663194444444444 0.61328125 0.3628472222222222 0.6095920138888888 0.3609182098765432
1 0.5847996961805556 0.4102507716049382 0.5795355902777778 0.3997721836419753 0.5757452256944444 0.3879837962962963 0.5727973090277777 0.38723533950617284 0.5696388888888889 0.3969654706790124 0.5732185329861111 0.40126909722222226 0.5740607638888888 0.40706983024691357 0.5709023437499999 0.413431712962963 0.5765876736111112 0.4154899691358025 0.5803778211805555 0.4087538580246914
1 0.5557413194444445 0.4040758101851851 0.5597421874999999 0.38723533950617284 0.5637428385416666 0.38255729166666663 0.5711128472222222 0.38985493827160494 0.5622688802083333 0.4055729166666666
1 0.5536356336805555 0.4085667438271605 0.5513194444444445 0.4050113811728395 0.5477398003472222 0.40688271604938275 0.5458446180555555 0.4051984953703704 0.5496349826388889 0.4008948688271605 0.5490032552083333 0.3876095679012346 0.5586892361111111 0.37825366512345676 0.5629006076388889 0.383492862654321 0.5546885850694445 0.4048242669753086
1 0.6083832465277778 0.4160580632716049 0.614279296875 0.4023985339506173 0.6144898003472222 0.39379108796296297 0.6090149739583333 0.390984375 0.6035403645833334 0.3967851080246914 0.6026979166666666 0.40632812500000004 0.6039613715277778 0.4070765817901234 0.59975 0.41381269290123457 0.5989077690972222 0.41811651234567904 0.604171875 0.41680652006172836 0.6077517361111111 0.4115673225308642
1 0.6157532552083333 0.4184907407407408 0.6182799479166667 0.4113802083333333 0.6248077256944444 0.4046439043209876 0.6229125434027778 0.39940470679012346 0.6178589409722223 0.3943524305555556 0.6125946180555555 0.3943524305555556 0.6140685763888889 0.39996604938271607 0.6115418836805556 0.40726369598765433 0.61091015625 0.41212866512345675 0.6113313802083333 0.41661940586419755
1 0.6302823350694444 0.40763792438271607 0.627544921875 0.3958493441358025 0.6307035590277779 0.3846222993827161 0.6363888888888889 0.38162847222222224 0.6410212673611111 0.3898616898148148 0.6393368055555555 0.40090162037037036 0.6332302517361111 0.4087606095679012 0.6309140625 0.4083863811728395
1 0.6212280815972222 0.3984691358024692 0.6294401041666666 0.390984375 0.6319670138888889 0.38237692901234566 0.6285978732638889 0.3799444444444445 0.6203856336805555 0.3840609567901235 0.6184906684027778 0.3883647762345679 0.6189116753472222 0.39173283179012347 0.6174377170138888 0.3945395447530864 0.6178589409722223 0.3990304783950617 0.623123046875 0.3984691358024692 0.6216490885416667 0.3988433641975308
1 0.661025390625 0.4022114197530864 0.6555505642361111 0.3928555169753087 0.6473383246527777 0.4005273919753086 0.6483912760416666 0.40670235339506167 0.6486017795138889 0.41212866512345675 0.6551293402777777 0.4128771219135802 0.65765625 0.40819926697530867 0.65765625 0.40632812500000004
1 0.6632888454861111 0.41224517746913586 0.6742910156249999 0.41194155092592594 0.6740805121527778 0.4087606095679012 0.6797658420138889 0.4115673225308642 0.6818715277777777 0.40763792438271607 0.6763967013888889 0.40090162037037036 0.6648155381944444 0.39566222993827155 0.6578667534722222 0.39173283179012347 0.6534448784722222 0.3958493441358025 0.6641838107638889 0.40370833333333334 0.6673424479166666 0.4083863811728395 0.6635520833333334 0.4128771219135802 0.6639733072916667 0.41194155092592594
1 0.6357571614583333 0.4226072530864197 0.6578667534722222 0.42092322530864196 0.6677634548611111 0.42298148148148146 0.6648155381944444 0.42859510030864195 0.6570245225694444 0.42840798611111114 0.6519709201388889 0.42410416666666667 0.6458643663194444 0.42765952932098766 0.6412319878472222 0.42410416666666667
1 0.6894520399305555 0.39734645061728396 0.6825032552083333 0.390984375 0.6747122395833334 0.3915457175925926 0.6696586371527777 0.39341685956790123 0.6652367621527778 0.3915457175925926 0.6639733072916667 0.3874292052469136 0.665447265625 0.38499652777777776 0.6707115885416667 0.3827511574074074 0.6799763454861112 0.3818155864197531 0.6862934027777778 0.3840609567901235 0.6915577256944444 0.3874292052469136 0.6919787326388889 0.3922941743827161 0.6930316840277777 0.3958493441358025 0.6894520399305555 0.3977206790123457
1 0.5596788194444444 0.4591049382716049 0.5596788194444444 0.4635416666666667 0.5618489583333334 0.46489197530864196 0.5651041666666666 0.46489197530864196 0.5661892361111112 0.4637345679012346 0.5655381944444444 0.45949074074074076 0.5638020833333334 0.4581404320987654 0.5618489583333334 0.45794753086419754 0.560546875 0.45794753086419754
1 0.6143663194444444 0.5065586419753086 0.6141493055555556 0.5084876543209876 0.6195746527777778 0.5187114197530864 0.623046875 0.5196759259259259 0.6243489583333334 0.515625 0.62890625 0.5084876543209876 0.6267361111111112 0.5061728395061729 0.6180555555555556 0.5065586419753086 0.6154513888888888 0.5059799382716049
1 0.6812065972222222 0.5324074074074074 0.6809895833333334 0.5364583333333334 0.681640625 0.5370370370370371 0.6866319444444444 0.5364583333333334 0.6909259982638889 0.5315434027777778 0.7022966579861111 0.53416300154321 0.6911892361111112 0.5277777777777778 0.6944444444444444 0.5256558641975309 0.6922743055555556 0.5231481481481481 0.685546875 0.5225694444444444 0.6829427083333334 0.5258487654320988 0.6833767361111112 0.5281635802469136
1 0.6955295138888888 0.5250771604938271 0.6950954861111112 0.5260416666666666 0.69921875 0.533179012345679 0.7029079861111112 0.5329861111111112 0.7026909722222222 0.529320987654321 0.7042100694444444 0.5262345679012346 0.703125 0.5241126543209876 0.701171875 0.5223765432098766 0.6994357638888888 0.5219907407407407