1 0.6751302083333334 0.9699074074074074 0.6725260416666666 0.9737654320987654 0.6775173611111112 0.9774305555555556 0.6712239583333334 0.9849537037037037 0.654296875 0.9845679012345679 0.6486545138888888 0.9809027777777778 0.6475694444444444 0.9772376543209876 0.6749131944444444 0.9701003086419753
1 0.662109375 0.9567901234567902 0.6688368055555556 0.9567901234567902 0.671875 0.9591049382716049 0.6636284722222222 0.9637345679012346 0.6365017361111112 0.9598765432098766 0.6397569444444444 0.956983024691358 0.6618923611111112 0.9567901234567902
1 0.6265190972222222 0.9760802469135802 0.6380208333333334 0.982445987654321 0.6401909722222222 0.9878472222222222 0.6373697916666666 0.9907407407407407 0.6156684027777778 0.9872685185185185 0.6150173611111112 0.9812885802469136 0.6180555555555556 0.9776234567901234 0.6263020833333334 0.9760802469135802
1 0.609375 0.9870756172839507 0.6197916666666666 0.9945987654320988 0.6213107638888888 0.9998070987654321 0.5965711805555556 0.9998070987654321 0.5987413194444444 0.9918981481481481 0.6041666666666666 0.9878472222222222 0.6091579861111112 0.9870756172839507
1 0.6041666666666666 0.9577546296296297 0.6052517361111112 0.9600694444444444 0.6022135416666666 0.9670138888888888 0.5989583333333334 0.9666280864197531 0.5954861111111112 0.9594907407407407 0.5978732638888888 0.9571759259259259 0.6039496527777778 0.9577546296296297
1 0.5818142361111112 0.9766589506172839 0.5870225694444444 0.9809027777777778 0.5885416666666666 0.9861111111111112 0.583984375 0.9998070987654321 0.5772569444444444 0.9998070987654321 0.5750868055555556 0.9878472222222222 0.5770399305555556 0.9774305555555556 0.5815972222222222 0.9766589506172839
1 0.5924479166666666 0.9565972222222222 0.5946180555555556 0.9600694444444444 0.5896267361111112 0.9677854938271605 0.5855034722222222 0.9689429012345679 0.583984375 0.9591049382716049 0.5922309027777778 0.9565972222222222
1 0.5757378472222222 0.9739583333333334 0.5798611111111112 0.9776234567901234 0.5746527777777778 0.9890046296296297 0.5713975694444444 0.9899691358024691 0.5672743055555556 0.9866898148148148 0.5670572916666666 0.9807098765432098 0.5755208333333334 0.9739583333333334
1 0.5768229166666666 0.9741512345679012 0.5850694444444444 0.9803240740740741 0.5865885416666666 0.9876543209876543 0.5848524305555556 0.9922839506172839 0.5842013888888888 0.9841820987654321 0.5818142361111112 0.9820601851851852 0.5796440972222222 0.9841820987654321 0.5785590277777778 0.9920910493827161 0.5815972222222222 0.9947916666666666 0.5815972222222222 0.9998070987654321 0.5779079861111112 0.9998070987654321 0.5768229166666666 0.9907407407407407 0.5711805555555556 0.9907407407407407 0.5670572916666666 0.9874614197530864 0.5677083333333334 0.9795524691358025 0.5707465277777778 0.9760802469135802 0.5766059027777778 0.9741512345679012
1 0.5753038194444444 0.9739583333333334 0.580078125 0.9776234567901234 0.5748697916666666 0.9893904320987654 0.5713975694444444 0.9907407407407407 0.5670572916666666 0.9872685185185185 0.5668402777777778 0.9816743827160493 0.5694444444444444 0.9772376543209876 0.5750868055555556 0.9739583333333334
1 0.7662760416666666 0.7280092592592593 0.7738715277777778 0.734375 0.7751736111111112 0.7418981481481481 0.7727864583333334 0.7530864197530864 0.7786458333333334 0.7625385802469136 0.7762586805555556 0.7648533950617284 0.7717013888888888 0.7629243827160493 0.7660590277777778 0.7650462962962963 0.7628038194444444 0.7621527777777778 0.7628038194444444 0.7509645061728395 0.7586805555555556 0.7391975308641975 0.759765625 0.7339891975308642 0.7660590277777778 0.7280092592592593
1 0.5572916666666666 0.9832175925925926 0.560546875 0.9872685185185185 0.5677083333333334 0.9872685185185185 0.5705295138888888 0.9899691358024691 0.5705295138888888 0.9998070987654321 0.5499131944444444 0.9998070987654321 0.5518663194444444 0.9874614197530864 0.5538194444444444 0.9839891975308642 0.5570746527777778 0.9832175925925926
1 0.5746527777777778 0.9332561728395061 0.5807291666666666 0.9390432098765432 0.5818142361111112 0.9436728395061729 0.5783420138888888 0.9581404320987654 0.5720486111111112 0.9606481481481481 0.5666232638888888 0.9598765432098766 0.560546875 0.9427083333333334 0.5642361111111112 0.935570987654321 0.5744357638888888 0.9332561728395061
1 0.7506510416666666 0.6020447530864198 0.7584635416666666 0.6091820987654321 0.7591145833333334 0.6174768518518519 0.7567274305555556 0.6228780864197531 0.7484809027777778 0.626929012345679 0.7417534722222222 0.6232638888888888 0.7404513888888888 0.6186342592592593 0.7437065972222222 0.6024305555555556 0.7504340277777778 0.6020447530864198
1 0.5679253472222222 0.7856867283950617 0.5744357638888888 0.7878086419753086 0.5794270833333334 0.7939814814814815 0.5779079861111112 0.8005401234567902 0.5679253472222222 0.8036265432098766 0.5572916666666666 0.8009259259259259 0.5509982638888888 0.7934027777777778 0.5564236111111112 0.7860725308641975 0.560546875 0.7845293209876543 0.5677083333333334 0.7856867283950617
1 0.734375 0.6001157407407407 0.7517361111111112 0.6022376543209876 0.7584635416666666 0.6091820987654321 0.7586805555555556 0.6197916666666666 0.7554253472222222 0.6240354938271605 0.7484809027777778 0.626929012345679 0.7380642361111112 0.6209490740740741 0.7309027777777778 0.6255787037037037 0.7272135416666666 0.623070987654321 0.7224392361111112 0.6089891975308642 0.7269965277777778 0.6022376543209876 0.7341579861111112 0.6001157407407407
1 0.734375 0.5997299382716049 0.7413194444444444 0.6026234567901234 0.7411024305555556 0.613233024691358 0.7398003472222222 0.6197916666666666 0.7311197916666666 0.6257716049382716 0.7269965277777778 0.6228780864197531 0.7222222222222222 0.6091820987654321 0.7274305555555556 0.6018518518518519 0.7341579861111112 0.5997299382716049
1 0.6579861111111112 0.5931712962962963 0.6705729166666666 0.5968364197530864 0.6866319444444444 0.5954861111111112 0.6831597222222222 0.6014660493827161 0.6822916666666666 0.6188271604938271 0.6790364583333334 0.6168981481481481 0.6716579861111112 0.6182484567901234 0.6618923611111112 0.6095679012345679 0.654296875 0.609375 0.6508246527777778 0.5954861111111112 0.6577690972222222 0.5931712962962963
1 0.7875434027777778 0.4870756172839506 0.7899305555555556 0.4893904320987654 0.7897135416666666 0.4972993827160494 0.7862413194444444 0.4963348765432099 0.7821180555555556 0.4878472222222222 0.7873263888888888 0.4870756172839506
1 0.5299479166666666 0.9793595679012346 0.5349392361111112 0.984375 0.5377604166666666 0.9998070987654321 0.5234375 0.9998070987654321 0.5182291666666666 0.9913194444444444 0.5177951388888888 0.9874614197530864 0.5210503472222222 0.9820601851851852 0.5297309027777778 0.9793595679012346
1 0.5062934027777778 0.9741512345679012 0.5177951388888888 0.9807098765432098 0.5134548611111112 0.9957561728395061 0.5095486111111112 0.9998070987654321 0.4982638888888889 0.9998070987654321 0.4978298611111111 0.9807098765432098 0.5060763888888888 0.9741512345679012
1 0.6193576388888888 0.5052083333333334 0.6258680555555556 0.5086805555555556 0.623046875 0.5231481481481481 0.6154513888888888 0.5154320987654321 0.6128472222222222 0.5086805555555556 0.6148003472222222 0.5052083333333334 0.619140625 0.5052083333333334
1 0.6371527777777778 0.4702932098765432 0.6432291666666666 0.4729938271604938 0.6458333333333334 0.4774305555555556 0.6430121527777778 0.49151234567901236 0.6371527777777778 0.49324845679012347 0.6360677083333334 0.49112654320987653 0.6369357638888888 0.4704861111111111
1 0.6341145833333334 0.46875 0.6430121527777778 0.47337962962962965 0.6451822916666666 0.47704475308641975 0.6421440972222222 0.4913194444444444 0.6373697916666666 0.49344135802469136 0.6282552083333334 0.47762345679012347 0.6299913194444444 0.47010030864197533 0.6338975694444444 0.46875
1 0.6341145833333334 0.4685570987654321 0.6365017361111112 0.4724151234567901 0.6336805555555556 0.4888117283950617 0.6302083333333334 0.4845679012345679 0.6278211805555556 0.4739583333333333 0.6299913194444444 0.4697145061728395 0.6338975694444444 0.4685570987654321
1 0.5967881944444444 0.47646604938271603 0.6019965277777778 0.4783950617283951 0.6067708333333334 0.4841820987654321 0.6056857638888888 0.4947916666666667 0.6024305555555556 0.49440586419753085 0.5989583333333334 0.48996913580246915 0.5950520833333334 0.4903549382716049 0.5872395833333334 0.4861111111111111 0.5883246527777778 0.47955246913580246 0.5965711805555556 0.47646604938271603
1 0.5648871527777778 0.5030864197530864 0.5659722222222222 0.5054012345679012 0.5536024305555556 0.5260416666666666 0.548828125 0.5244984567901234 0.5499131944444444 0.5181327160493827 0.5475260416666666 0.5052083333333334 0.5531684027777778 0.5028935185185185 0.5646701388888888 0.5030864197530864
1 0.609375 0.44039351851851855 0.6145833333333334 0.4461805555555556 0.6156684027777778 0.4600694444444444 0.6130642361111112 0.4618055555555556 0.6085069444444444 0.45968364197530864 0.6032986111111112 0.44637345679012347 0.6030815972222222 0.4425154320987654 0.6091579861111112 0.44039351851851855
1 0.6030815972222222 0.44290123456790126 0.6052517361111112 0.44579475308641975 0.6069878472222222 0.46315586419753085 0.6028645833333334 0.4660493827160494 0.5998263888888888 0.4637345679012346 0.5952690972222222 0.451195987654321 0.5963541666666666 0.4461805555555556 0.6028645833333334 0.44290123456790126
1 0.7237413194444444 0.3755787037037037 0.7313368055555556 0.38348765432098764 0.7263454861111112 0.3863811728395062 0.724609375 0.3902391975308642 0.7068142361111112 0.3915895061728395 0.6994357638888888 0.3836805555555556 0.7018229166666666 0.38078703703703703 0.7235243055555556 0.3757716049382716
1 0.4079861111111111 0.9529320987654321 0.41015625 0.9567901234567902 0.4045138888888889 0.9679783950617284 0.400390625 0.9535108024691358 0.4077690972222222 0.9529320987654321
1 0.3912760416666667 0.8626543209876543 0.4008246527777778 0.8647762345679012 0.4049479166666667 0.8705632716049383 0.4045138888888889 0.8777006172839507 0.39453125 0.8994984567901234 0.3897569444444444 0.8927469135802469 0.3804253472222222 0.8912037037037037 0.3834635416666667 0.8852237654320988 0.3843315972222222 0.8694058641975309 0.3869357638888889 0.8640046296296297 0.3910590277777778 0.8626543209876543
1 0.4086371527777778 0.6959876543209876 0.4147135416666667 0.7025462962962963 0.4151475694444444 0.7092978395061729 0.4077690972222222 0.7218364197530864 0.4025607638888889 0.7253086419753086 0.3995225694444444 0.7235725308641975 0.3995225694444444 0.7071759259259259 0.4038628472222222 0.6969521604938271 0.4084201388888889 0.6959876543209876
1 0.6627604166666666 0.3931327160493827 0.6770833333333334 0.404320987654321 0.6766493055555556 0.408179012345679 0.6684027777777778 0.41030092592592593 0.6642795138888888 0.4070216049382716 0.6545138888888888 0.40760030864197533 0.6484375 0.4045138888888889 0.6508246527777778 0.39718364197530864 0.6545138888888888 0.3939043209876543 0.6625434027777778 0.3931327160493827
1 0.5364583333333334 0.4670138888888889 0.5399305555555556 0.47434413580246915 0.5327690972222222 0.48842592592592593 0.529296875 0.4876543209876543 0.5284288194444444 0.4731867283950617 0.5329861111111112 0.4670138888888889 0.5362413194444444 0.4670138888888889
1 0.6766493055555556 0.38117283950617287 0.6896701388888888 0.38676697530864196 0.6909722222222222 0.3940972222222222 0.6864149305555556 0.3958333333333333 0.6673177083333334 0.39197530864197533 0.6664496527777778 0.3869598765432099 0.6684027777777778 0.38425925925925924 0.6764322916666666 0.38117283950617287
1 0.7098524305555556 0.3597608024691358 0.7202690972222222 0.3620756172839506 0.716796875 0.36844135802469136 0.712890625 0.3653549382716049 0.6950954861111112 0.36496913580246915 0.6901041666666666 0.3628472222222222 0.6935763888888888 0.3603395061728395 0.7096354166666666 0.3597608024691358
1 0.6351996527777778 0.38290895061728397 0.6393229166666666 0.3869598765432099 0.6404079861111112 0.3939043209876543 0.6365017361111112 0.4045138888888889 0.6336805555555556 0.4066358024691358 0.6299913194444444 0.4050925925925926 0.6273871527777778 0.3939043209876543 0.630859375 0.38290895061728397 0.6332465277777778 0.38155864197530864 0.6349826388888888 0.38290895061728397
1 0.6091579861111112 0.3900462962962963 0.6158854166666666 0.3950617283950617 0.6200086805555556 0.39371141975308643 0.6232638888888888 0.3966049382716049 0.6163194444444444 0.41570216049382713 0.6024305555555556 0.4168595679012346 0.6006944444444444 0.4149305555555556 0.6028645833333334 0.40837191358024694 0.6022135416666666 0.39911265432098764 0.6056857638888888 0.3917824074074074 0.6089409722222222 0.3902391975308642
1 0.6291232638888888 0.37962962962962965 0.6325954861111112 0.38483796296296297 0.6273871527777778 0.39467592592592593 0.6236979166666666 0.39621913580246915 0.6189236111111112 0.3939043209876543 0.6180555555555556 0.3871527777777778 0.6252170138888888 0.3800154320987654 0.62890625 0.37962962962962965
1 0.4815538194444444 0.47357253086419754 0.4850260416666667 0.4810956790123457 0.4774305555555556 0.49440586419753085 0.474609375 0.48051697530864196 0.4772135416666667 0.47434413580246915 0.4813368055555556 0.47357253086419754
1 0.6338975694444444 0.3587962962962963 0.6436631944444444 0.3611111111111111 0.6510416666666666 0.3603395061728395 0.6545138888888888 0.3628472222222222 0.6514756944444444 0.37114197530864196 0.6473524305555556 0.3653549382716049 0.642578125 0.3705632716049383 0.6380208333333334 0.37210648148148145 0.6336805555555556 0.3587962962962963
1 0.4709201388888889 0.47762345679012347 0.474609375 0.48225308641975306 0.4752604166666667 0.4913194444444444 0.4737413194444444 0.4972993827160494 0.4704861111111111 0.4990354938271605 0.4680989583333333 0.4976851851851852 0.4646267361111111 0.4837962962962963 0.4670138888888889 0.47858796296296297 0.470703125 0.47762345679012347
1 0.5792100694444444 0.38522376543209874 0.5863715277777778 0.3900462962962963 0.5902777777777778 0.4077932098765432 0.5813802083333334 0.40760030864197533 0.5746527777777778 0.41280864197530864 0.5700954861111112 0.3933256172839506 0.5713975694444444 0.3900462962962963 0.5789930555555556 0.38522376543209874
1 0.5572916666666666 0.3792438271604938 0.5694444444444444 0.38753858024691357 0.5696614583333334 0.39467592592592593 0.564453125 0.4020061728395062 0.5607638888888888 0.40489969135802467 0.5509982638888888 0.4066358024691358 0.5492621527777778 0.40489969135802467 0.5492621527777778 0.3871527777777778 0.5570746527777778 0.3794367283950617
1 0.3977864583333333 0.6940586419753086 0.4036458333333333 0.6961805555555556 0.4040798611111111 0.6996527777777778 0.400390625 0.7067901234567902 0.3984375 0.7214506172839507 0.390625 0.7245370370370371 0.3884548611111111 0.7062114197530864 0.3912760416666667 0.699266975308642 0.3975694444444444 0.6940586419753086
1 0.3244357638888889 0.7748842592592593 0.33203125 0.7826003086419753 0.3268229166666667 0.7976466049382716 0.3209635416666667 0.7982253086419753 0.3161892361111111 0.7866512345679012 0.3179253472222222 0.7795138888888888 0.3211805555555556 0.7754629629629629 0.32421875 0.7750771604938271
1 0.2875434027777778 0.7582947530864198 0.2962239583333333 0.7598379629629629 0.3088107638888889 0.767554012345679 0.3159722222222222 0.7758487654320988 0.3142361111111111 0.779320987654321 0.2966579861111111 0.7785493827160493 0.2921006944444444 0.7644675925925926 0.2864583333333333 0.7598379629629629 0.2873263888888889 0.7582947530864198
1 0.6208767361111112 0.33719135802469136 0.6278211805555556 0.33796296296296297 0.6334635416666666 0.3462577160493827 0.6299913194444444 0.3599537037037037 0.6200086805555556 0.3638117283950617 0.6167534722222222 0.3626543209876543 0.6165364583333334 0.3559027777777778 0.6119791666666666 0.3447145061728395 0.6163194444444444 0.33796296296296297 0.6206597222222222 0.33719135802469136
1 0.4079861111111111 0.4106867283950617 0.4181857638888889 0.41242283950617287 0.4216579861111111 0.41473765432098764 0.4223090277777778 0.41878858024691357 0.4177517361111111 0.41975308641975306 0.4077690972222222 0.41570216049382713 0.4053819444444444 0.4114583333333333 0.4077690972222222 0.41087962962962965
1 0.4392361111111111 0.2660108024691358 0.4500868055555556 0.2679398148148148 0.4568142361111111 0.27237654320987653 0.447265625 0.2926311728395062 0.4459635416666667 0.30150462962962965 0.4427083333333333 0.30304783950617287 0.4388020833333333 0.2972608024691358 0.4281684027777778 0.2966820987654321 0.4320746527777778 0.29070216049382713 0.43359375 0.27237654320987653 0.4390190972222222 0.2662037037037037
1 0.2241753472222222 0.7654320987654321 0.2478298611111111 0.7706404320987654 0.2543402777777778 0.7758487654320988 0.25390625 0.7795138888888888 0.24131944444444445 0.7872299382716049 0.232421875 0.7862654320987654 0.2230902777777778 0.7690972222222222 0.22395833333333334 0.7654320987654321
1 0.2384982638888889 0.6903935185185185 0.24283854166666666 0.6959876543209876 0.2439236111111111 0.7029320987654321 0.2384982638888889 0.7108410493827161 0.2378472222222222 0.7199074074074074 0.22591145833333334 0.7170138888888888 0.2241753472222222 0.7145061728395061 0.2204861111111111 0.7183641975308642 0.20963541666666666 0.7129629629629629 0.21592881944444445 0.7071759259259259 0.2170138888888889 0.7010030864197531 0.220703125 0.6965663580246914 0.22721354166666666 0.6921296296296297 0.23828125 0.6903935185185185
1 0.171875 0.7627314814814815 0.1820746527777778 0.7671682098765432 0.18663194444444445 0.7725694444444444 0.1870659722222222 0.7760416666666666 0.18294270833333334 0.7827932098765432 0.1857638888888889 0.7899305555555556 0.17513020833333334 0.7907021604938271 0.1684027777777778 0.7880015432098766 0.16145833333333334 0.7908950617283951 0.1599392361111111 0.7893518518518519 0.1623263888888889 0.779320987654321 0.16796875 0.7652391975308642 0.1716579861111111 0.7627314814814815
1 0.12760416666666666 0.7654320987654321 0.1404079861111111 0.7669753086419753 0.14453125 0.7721836419753086 0.13953993055555555 0.7899305555555556 0.1371527777777778 0.7910879629629629 0.1267361111111111 0.7874228395061729 0.12022569444444445 0.7760416666666666 0.1213107638888889 0.7673611111111112 0.1273871527777778 0.7654320987654321
1 0.07096354166666667 0.8468364197530864 0.08463541666666667 0.859375 0.08138020833333333 0.8626543209876543 0.07942708333333333 0.8701774691358025 0.0642361111111111 0.8861882716049383 0.060546875 0.8856095679012346 0.060112847222222224 0.8802083333333334 0.06987847222222222 0.8591820987654321 0.07074652777777778 0.855516975308642 0.06749131944444445 0.8487654320987654 0.07074652777777778 0.8468364197530864
1 0.10872395833333333 0.7173996913580247 0.1208767361111111 0.7183641975308642 0.1271701388888889 0.7270447530864198 0.1232638888888889 0.7297453703703703 0.1091579861111111 0.7274305555555556 0.10308159722222222 0.7204861111111112 0.103515625 0.7175925925925926 0.10850694444444445 0.7173996913580247
1 0.11631944444444445 0.7554012345679012 0.11979166666666667 0.7550154320987654 0.11957465277777778 0.7584876543209876 0.10980902777777778 0.779320987654321 0.09505208333333333 0.7868441358024691 0.08658854166666667 0.7864583333333334 0.10069444444444445 0.7654320987654321 0.11631944444444445 0.7555941358024691
1 0.08246527777777778 0.7673611111111112 0.08723958333333333 0.7689043209876543 0.08897569444444445 0.7725694444444444 0.08485243055555555 0.7864583333333334 0.06770833333333333 0.7897376543209876 0.060546875 0.7870370370370371 0.06293402777777778 0.7795138888888888 0.07356770833333333 0.7690972222222222 0.0822482638888889 0.7673611111111112
1 0.07508680555555555 0.7170138888888888 0.07747395833333333 0.7278163580246914 0.07465277777777778 0.730516975308642 0.06749131944444445 0.7272376543209876 0.06532118055555555 0.7201003086419753 0.06727430555555555 0.7170138888888888 0.07486979166666667 0.7170138888888888
1 0.11414930555555555 0.2650462962962963 0.12630208333333334 0.2725694444444444 0.12803819444444445 0.27584876543209874 0.12391493055555555 0.27816358024691357 0.12109375 0.28973765432098764 0.10590277777777778 0.30304783950617287 0.1052517361111111 0.29205246913580246 0.11371527777777778 0.2743055555555556 0.1115451388888889 0.2654320987654321 0.11393229166666667 0.2650462962962963
1 0.8142361111111112 0.12172067901234568 0.8211805555555556 0.13078703703703703 0.8200954861111112 0.14641203703703703 0.8257378472222222 0.15779320987654322 0.8177083333333334 0.1552854938271605 0.8142361111111112 0.1597222222222222 0.8098958333333334 0.1545138888888889 0.80859375 0.1410108024691358 0.8051215277777778 0.13387345679012347 0.8094618055555556 0.12307098765432099 0.8140190972222222 0.12172067901234568
1 0.609375 0.18171296296296297 0.6197916666666666 0.1840277777777778 0.626953125 0.1880787037037037 0.6284722222222222 0.19290123456790123 0.6256510416666666 0.19926697530864199 0.6148003472222222 0.203125 0.609375 0.2029320987654321 0.6041666666666666 0.19945987654320987 0.5993923611111112 0.1892361111111111 0.6026475694444444 0.18460648148148148 0.6091579861111112 0.18190586419753085
1 0.7647569444444444 0 0.8001302083333334 0 0.8005642361111112 0.006172839506172839 0.7986111111111112 0.015432098765432098 0.7934027777777778 0.017939814814814815 0.7862413194444444 0.017746913580246913 0.7795138888888888 0.012924382716049383 0.7723524305555556 0.01716820987654321 0.7680121527777778 0.011959876543209876 0.7647569444444444 0.00019290123456790122
1 0.3728298611111111 0.17881944444444445 0.3784722222222222 0.18557098765432098 0.3784722222222222 0.18942901234567902 0.3732638888888889 0.2006172839506173 0.3700086805555556 0.20158179012345678 0.3667534722222222 0.20023148148148148 0.3619791666666667 0.1878858024691358 0.3674045138888889 0.17881944444444445 0.3726128472222222 0.17881944444444445
1 0.3389756944444444 0.16203703703703703 0.3608940972222222 0.17689043209876543 0.3624131944444444 0.18209876543209877 0.3591579861111111 0.1876929012345679 0.3420138888888889 0.17997685185185186 0.3355034722222222 0.16493055555555555 0.3387586805555556 0.16203703703703703
1 0.2690972222222222 0.1714891975308642 0.2777777777777778 0.17496141975308643 0.2931857638888889 0.17611882716049382 0.2983940972222222 0.18074845679012347 0.2966579861111111 0.18595679012345678 0.2879774305555556 0.19251543209876543 0.2829861111111111 0.19309413580246915 0.2795138888888889 0.19251543209876543 0.2727864583333333 0.18460648148148148 0.2708333333333333 0.17824074074074073 0.2654079861111111 0.1720679012345679 0.2688802083333333 0.1714891975308642
1 0.21744791666666666 0.1728395061728395 0.2267795138888889 0.17746913580246915 0.2309027777777778 0.18209876543209877 0.22786458333333334 0.19251543209876543 0.2306857638888889 0.1996527777777778 0.22395833333333334 0.19695216049382716 0.2202690972222222 0.1996527777777778 0.21354166666666666 0.19695216049382716 0.2029079861111111 0.19945987654320987 0.2109375 0.1753472222222222 0.21354166666666666 0.1724537037037037 0.2172309027777778 0.1728395061728395
1 0.4533420138888889 0.09375 0.458984375 0.09895833333333333 0.4607204861111111 0.10628858024691358 0.4496527777777778 0.12191358024691358 0.4459635416666667 0.12191358024691358 0.4446614583333333 0.11979166666666667 0.4440104166666667 0.10860339506172839 0.4483506944444444 0.0954861111111111 0.453125 0.09375
1 0.443359375 0.09182098765432099 0.4490017361111111 0.09567901234567901 0.443359375 0.11902006172839506 0.4375 0.12094907407407407 0.4338107638888889 0.11979166666666667 0.4333767361111111 0.10204475308641975 0.4388020833333333 0.0935570987654321 0.4431423611111111 0.09182098765432099
1 0.4429253472222222 0.09182098765432099 0.4559461805555556 0.09510030864197531 0.4605034722222222 0.10262345679012345 0.4596354166666667 0.1089891975308642 0.4496527777777778 0.12172067901234568 0.4340277777777778 0.11979166666666667 0.43359375 0.10204475308641975 0.4388020833333333 0.09375 0.4427083333333333 0.09182098765432099
1 0.1681857638888889 0.17766203703703703 0.18250868055555555 0.17804783950617284 0.1875 0.18209876543209877 0.18836805555555555 0.18557098765432098 0.18250868055555555 0.20081018518518517 0.17860243055555555 0.2025462962962963 0.166015625 0.19618055555555555 0.1623263888888889 0.18171296296296297 0.1644965277777778 0.17804783950617284 0.16796875 0.17785493827160495
1 0.2805989583333333 0.0943287037037037 0.2836371527777778 0.09587191358024691 0.2873263888888889 0.10570987654320987 0.2868923611111111 0.1091820987654321 0.2810329861111111 0.11458333333333333 0.2819010416666667 0.12229938271604938 0.2619357638888889 0.12133487654320987 0.2523871527777778 0.11689814814814815 0.2580295138888889 0.11188271604938271 0.2621527777777778 0.10243055555555555 0.2717013888888889 0.09587191358024691 0.2803819444444444 0.0943287037037037
1 0.1462673611111111 0.18287037037037038 0.03298611111111111 0.03780864197530864
1 0.12413194444444445 0.18209876543209877 0.1304253472222222 0.1863425925925926 0.1273871527777778 0.20023148148148148 0.1228298611111111 0.2038966049382716 0.1095920138888889 0.2056327160493827 0.10243055555555555 0.2038966049382716 0.10394965277777778 0.19598765432098766 0.11089409722222222 0.1861496913580247 0.12391493055555555 0.18209876543209877
1 0.08658854166666667 0.17496141975308643 0.10416666666666667 0.17862654320987653 0.109375 0.18094135802469136 0.111328125 0.18441358024691357 0.1091579861111111 0.1886574074074074 0.09223090277777778 0.19463734567901234 0.08485243055555555 0.19309413580246915 0.07747395833333333 0.18248456790123457 0.07855902777777778 0.17862654320987653 0.08637152777777778 0.17496141975308643
1 0.1618923611111111 0.1284722222222222 0.1675347222222222 0.13695987654320987 0.16688368055555555 0.1404320987654321 0.1642795138888889 0.1412037037037037 0.1508246527777778 0.13869598765432098 0.14171006944444445 0.13020833333333334 0.1616753472222222 0.1284722222222222
1 0.046875 0.7581018518518519 0.06293402777777778 0.7621527777777778 0.07074652777777778 0.7687114197530864 0.0685763888888889 0.7729552469135802 0.050347222222222224 0.7795138888888888 0.043619791666666664 0.7770061728395061 0.03624131944444445 0.765625 0.03624131944444445 0.7613811728395061 0.04665798611111111 0.7581018518518519
1 0.024739583333333332 0.7154706790123457 0.048394097222222224 0.7183641975308642 0.050130208333333336 0.7201003086419753 0.04188368055555555 0.7282021604938271 0.039713541666666664 0.7399691358024691 0.029513888888888888 0.7467206790123457 0.028211805555555556 0.7347608024691358 0.022569444444444444 0.7285879629629629 0.020182291666666668 0.7204861111111112 0.020833333333333332 0.7160493827160493 0.024522569444444444 0.7154706790123457
1 0.7065972222222222 0 0.7237413194444444 0 0.7250434027777778 0.008487654320987654 0.7241753472222222 0.011381172839506173 0.720703125 0.009259259259259259 0.7133246527777778 0.009837962962962963 0.7065972222222222 0.00019290123456790122
1 0.1169704861111111 0.13040123456790123 0.11848958333333333 0.1440972222222222 0.11675347222222222 0.14583333333333334 0.107421875 0.14216820987654322 0.1056857638888889 0.13695987654320987 0.1076388888888889 0.13117283950617284 0.11675347222222222 0.13040123456790123
1 0.06163194444444445 0.13117283950617284 0.09309895833333333 0.13348765432098766 0.0822482638888889 0.14255401234567902 0.08138020833333333 0.1545138888888889 0.07118055555555555 0.16396604938271606 0.06922743055555555 0.16184413580246915 0.06901041666666667 0.15084876543209877 0.062065972222222224 0.14525462962962962 0.05881076388888889 0.13734567901234568 0.05837673611111111 0.13348765432098766 0.06141493055555555 0.13117283950617284
1 0.7007378472222222 0.5258487654320988 0.7013888888888888 0.5297067901234568 0.7003038194444444 0.5326003086419753 0.7003038194444444 0.5389660493827161 0.7005208333333334 0.5397376543209876 0.7033420138888888 0.5403163580246914 0.7065972222222222 0.5376157407407407 0.7111545138888888 0.5300925925925926 0.7144097222222222 0.5264274691358025 0.7146267361111112 0.5246913580246914 0.7133246527777778 0.5227623456790124 0.7105034722222222 0.5243055555555556 0.7059461805555556 0.5237268518518519
1 0.6799045138888888 0.5248842592592593 0.6801215277777778 0.5262345679012346 0.6840277777777778 0.5283564814814815 0.6859809027777778 0.5353009259259259 0.6867322048611111 0.5416404320987654 0.6916232638888888 0.5326003086419753 0.6957465277777778 0.5341435185185185 0.6979166666666666 0.5329861111111112 0.6975711805555556 0.5309618055555555 0.6947434895833333 0.5297054398148148 0.6902667100694444 0.5271927083333333 0.6892361111111112 0.5231481481481481 0.6861979166666666 0.5219907407407407 0.681640625 0.5227623456790124
1 0.6629960937499999 0.5212191358024691 0.6619110243055555 0.5225694444444444 0.6655260416666667 0.5234238040123457 0.6725447048611111 0.5287422839506173 0.6768849826388889 0.527391975308642 0.6733016493055556 0.5253082561728395 0.6709453125 0.5221676311728395 0.6651662326388889 0.5202546296296297
1 0.529296875 0.5034722222222222 0.5288628472222222 0.5052083333333334 0.5323350694444444 0.5086805555555556 0.5323350694444444 0.515625 0.5329861111111112 0.5163966049382716 0.5340711805555556 0.5129243827160493 0.5379774305555556 0.5088734567901234 0.5397135416666666 0.5081018518518519 0.5431857638888888 0.5104166666666666 0.5434027777777778 0.513695987654321 0.5440538194444444 0.5121527777777778 0.5436197916666666 0.5084876543209876 0.546875 0.5063657407407407 0.5470920138888888 0.5048225308641975 0.5462239583333334 0.503858024691358 0.5436197916666666 0.5025077160493827 0.5364583333333334 0.5027006172839507 0.533203125 0.5013503086419753 0.5308159722222222 0.501929012345679
1 0.3693576388888889 0.2959104938271605 0.3689236111111111 0.2970679012345679 0.3717447916666667 0.3018904320987654 0.3780381944444444 0.30690586419753085 0.3799913194444444 0.3097993827160494 0.38030707465277774 0.30536766975308643 0.3799066840277778 0.3012152777777778 0.3821762152777778 0.2989610339506173 0.3893229166666667 0.298804012345679 0.3891059027777778 0.2966820987654321 0.3875868055555556 0.29552469135802467 0.3838975694444444 0.2945601851851852 0.3776041666666667 0.2945601851851852
1 0.44921875 0.36072530864197533 0.4490017361111111 0.36342592592592593 0.4505208333333333 0.36612654320987653 0.45277039930555557 0.365561149691358 0.45343793402777777 0.3691205632716049 0.455078125 0.37210648148148145 0.4566421440972222 0.3644934413580247 0.45730989583333337 0.36959510030864196 0.4606475694444445 0.3727984182098765 0.4618055555555556 0.3620756172839506 0.4600694444444444 0.3595679012345679 0.4585503472222222 0.359375 0.4518229166666667 0.3591820987654321 0.4500868055555556 0.3595679012345679
1 0.56640625 0.30439814814814814 0.5659722222222222 0.3080632716049383 0.5668402777777778 0.310570987654321 0.5679253472222222 0.31114969135802467 0.5709635416666666 0.3099922839506173 0.5750868055555556 0.30324074074074076 0.5757378472222222 0.296875 0.5744357638888888 0.2962962962962963 0.5709635416666666 0.296875
1 0.5831163194444444 0.3005401234567901 0.5785080295138889 0.30757889660493826 0.5835503472222222 0.30709876543209874 0.5857782118055556 0.30346122685185184 0.5876158854166667 0.3004793595679012 0.5879353298611112 0.2990594135802469 0.5900607638888888 0.29899691358024694 0.5891927083333334 0.2970679012345679 0.5848524305555556 0.296875
1 0.7202690972222222 0.45891203703703703 0.7198350694444444 0.4635416666666667 0.7209201388888888 0.46469907407407407 0.7276475694444444 0.4652777777777778 0.7248986545138889 0.45929803240740746 0.7315538194444444 0.46026234567901236 0.7306857638888888 0.45775462962962965 0.7274305555555556 0.4564043209876543
1 0.6977792968750001 0.4918881172839506 0.698874782986111 0.4943213734567901 0.7037352430555556 0.49815393518518514 0.7026909722222222 0.5 0.7100694444444444 0.4996141975308642 0.7113715277777778 0.4982638888888889 0.7067473958333333 0.49687654320987656 0.7078993055555556 0.49286265432098764 0.7026909722222222 0.49151234567901236
1 0.6779513888888888 0.48128858024691357 0.6773003472222222 0.48842592592592593 0.6781684027777778 0.4972993827160494 0.6786024305555556 0.4982638888888889 0.6825086805555556 0.49864969135802467 0.68359375 0.498070987654321 0.6848958333333334 0.4949845679012346 0.6860729166666667 0.49024556327160496 0.6881950954861111 0.4799645061728395 0.6852515190972223 0.4760102237654321 0.6822916666666666 0.47665895061728397 0.6796875 0.47820216049382713
1 0.6879214409722222 0.479660300925926 0.6859359809027779 0.49042804783950616 0.689453125 0.498070987654321 0.6924913194444444 0.4996141975308642 0.6959635416666666 0.4996141975308642 0.6970486111111112 0.4982638888888889 0.6961805555555556 0.4799382716049383 0.6944444444444444 0.47878086419753085 0.6892361111111112 0.4774305555555556
1 0.6423611111111112 0.423804012345679 0.6421440972222222 0.4251543209876543 0.6438802083333334 0.42901234567901236 0.6475694444444444 0.42978395061728397 0.650390625 0.42862654320987653 0.6512586805555556 0.42592592592592593 0.6506076388888888 0.42322530864197533 0.6438802083333334 0.421875
1 0.6529947916666666 0.4245756172839506 0.6532118055555556 0.4261188271604938 0.6549479166666666 0.42766203703703703 0.6603732638888888 0.42901234567901236 0.6629774305555556 0.42862654320987653 0.6642795138888888 0.4255401234567901 0.6608072916666666 0.4222608024691358 0.6551649305555556 0.4222608024691358
1 0.5151909722222222 0.8977623456790124 0.5141059027777778 0.9048996913580247 0.5145399305555556 0.9077932098765432 0.515625 0.9083719135802469 0.5230034722222222 0.9033564814814815 0.5266927083333334 0.8971836419753086 0.5258246527777778 0.8946759259259259 0.5223524305555556 0.894483024691358 0.5164930555555556 0.8962191358024691
1 0.5531684027777778 0.9591049382716049 0.5538194444444444 0.9633487654320988 0.5570746527777778 0.9660493827160493 0.5594618055555556 0.9652777777777778 0.560546875 0.9639274691358025 0.5614149305555556 0.9598765432098766 0.5575086805555556 0.9581404320987654
1 0.3211805555555556 0.8902391975308642 0.3231336805555556 0.8940972222222222 0.328125 0.8989197530864198 0.3313802083333333 0.9002700617283951 0.32986219618055557 0.8937530864197532 0.3359375 0.8904320987654321 0.3259548611111111 0.8894675925925926
1 0.3352864583333333 0.8902391975308642 0.3361545138888889 0.8939043209876543 0.3389756944444444 0.8954475308641975 0.3404947916666667 0.8939043209876543 0.3400607638888889 0.890625 0.3385416666666667 0.8892746913580247