1 0.6690538194444444 0.9729938271604939 0.6727430555555556 0.9739583333333334 0.6727430555555556 0.9776234567901234 0.6577690972222222 0.9907407407407407 0.6510416666666666 0.9876543209876543 0.6490885416666666 0.9772376543209876 0.6545138888888888 0.9743441358024691 0.6688368055555556 0.9729938271604939
1 0.666015625 0.9575617283950617 0.6686197916666666 0.9596836419753086 0.6684027777777778 0.9645061728395061 0.6636284722222222 0.970679012345679 0.6469184027777778 0.9633487654320988 0.6438802083333334 0.9594907407407407 0.6657986111111112 0.9575617283950617
1 0.6265190972222222 0.9766589506172839 0.6334635416666666 0.9793595679012346 0.6375868055555556 0.9841820987654321 0.6373697916666666 0.9913194444444444 0.6341145833333334 0.9924768518518519 0.6273871527777778 0.9918981481481481 0.6169704861111112 0.9859182098765432 0.6195746527777778 0.9782021604938271 0.6263020833333334 0.9766589506172839
1 0.6059027777777778 0.9855324074074074 0.6130642361111112 0.9901620370370371 0.6150173611111112 0.9998070987654321 0.5946180555555556 0.9998070987654321 0.5970052083333334 0.9897762345679012 0.6056857638888888 0.9855324074074074
1 0.5713975694444444 0.9839891975308642 0.5792100694444444 0.9909336419753086 0.5813802083333334 0.9998070987654321 0.5668402777777778 0.9998070987654321 0.5668402777777778 0.9876543209876543 0.5711805555555556 0.9839891975308642
1 0.5642361111111112 0.9876543209876543 0.5672743055555556 0.9909336419753086 0.5668402777777778 0.9998070987654321 0.5529513888888888 0.9998070987654321 0.5559895833333334 0.9901620370370371 0.5640190972222222 0.9876543209876543
1 0.5818142361111112 0.9745370370370371 0.587890625 0.9776234567901234 0.5911458333333334 0.9837962962962963 0.5900607638888888 0.9998070987654321 0.5826822916666666 0.9998070987654321 0.5792100694444444 0.9911265432098766 0.5716145833333334 0.9870756172839507 0.5740017361111112 0.9803240740740741 0.5815972222222222 0.9745370370370371
1 0.5746527777777778 0.9359567901234568 0.5813802083333334 0.9436728395061729 0.5811631944444444 0.9565972222222222 0.578125 0.9598765432098766 0.5724826388888888 0.9573688271604939 0.5690104166666666 0.9448302469135802 0.5705295138888888 0.9373070987654321 0.5744357638888888 0.9359567901234568
1 0.5349392361111112 0.9998070987654321 0.5360243055555556 0.9772376543209876 0.5427517361111112 0.9809027777777778 0.5440538194444444 0.9884259259259259 0.5418836805555556 0.9998070987654321 0.53515625 0.9998070987654321
1 0.5358072916666666 0.9774305555555556 0.5399305555555556 0.9780092592592593 0.5442708333333334 0.9839891975308642 0.5425347222222222 0.9998070987654321 0.533203125 0.9998070987654321 0.5358072916666666 0.9776234567901234
1 0.5303819444444444 0.9749228395061729 0.5386284722222222 0.9809027777777778 0.5353732638888888 0.9837962962962963 0.5336371527777778 0.9998070987654321 0.5282118055555556 0.9998070987654321 0.5245225694444444 0.9870756172839507 0.5258246527777778 0.9774305555555556 0.5301649305555556 0.9749228395061729
1 0.5607638888888888 0.9338348765432098 0.5661892361111112 0.9359567901234568 0.5670572916666666 0.9396219135802469 0.5538194444444444 0.9564043209876543 0.5483940972222222 0.9546682098765432 0.544921875 0.9457947530864198 0.5505642361111112 0.9380787037037037 0.560546875 0.9338348765432098
1 0.5084635416666666 0.9741512345679012 0.513671875 0.9832175925925926 0.513671875 0.9998070987654321 0.505859375 0.9998070987654321 0.5047743055555556 0.9949845679012346 0.5017361111111112 0.9774305555555556 0.5082465277777778 0.9741512345679012
1 0.5021701388888888 0.9758873456790124 0.5052083333333334 0.9774305555555556 0.5071614583333334 0.9998070987654321 0.5004340277777778 0.9998070987654321 0.4945746527777778 0.9855324074074074 0.4965277777777778 0.9776234567901234 0.501953125 0.9758873456790124
1 0.6145833333333334 0.8227237654320988 0.6187065972222222 0.8246527777777778 0.6206597222222222 0.8350694444444444 0.6126302083333334 0.8391203703703703 0.6019965277777778 0.8329475308641975 0.6006944444444444 0.8275462962962963 0.603515625 0.824266975308642 0.6143663194444444 0.8227237654320988
1 0.5327690972222222 0.8950617283950617 0.5345052083333334 0.8971836419753086 0.533203125 0.9083719135802469 0.5295138888888888 0.9039351851851852 0.5227864583333334 0.9056712962962963 0.5210503472222222 0.904320987654321 0.5288628472222222 0.8962191358024691 0.5325520833333334 0.8952546296296297
1 0.5616319444444444 0.7862654320987654 0.5709635416666666 0.7891589506172839 0.5735677083333334 0.793016975308642 0.5731336805555556 0.8009259259259259 0.5677083333333334 0.8057484567901234 0.5607638888888888 0.8053626543209876 0.552734375 0.798804012345679 0.5434027777777778 0.7966820987654321 0.5399305555555556 0.7899305555555556 0.5614149305555556 0.7862654320987654
1 0.7378472222222222 0.597608024691358 0.7591145833333334 0.6082175925925926 0.7621527777777778 0.6126543209876543 0.7641059027777778 0.6265432098765432 0.7688802083333334 0.6336805555555556 0.7447916666666666 0.6213348765432098 0.7378472222222222 0.6263503086419753 0.7328559027777778 0.6180555555555556 0.720703125 0.6091820987654321 0.720703125 0.6059027777777778 0.7272135416666666 0.5987654320987654 0.7376302083333334 0.597608024691358
1 0.7380642361111112 0.597608024691358 0.7415364583333334 0.5989583333333334 0.7465277777777778 0.6057098765432098 0.7432725694444444 0.6124614197530864 0.7445746527777778 0.6197916666666666 0.7380642361111112 0.6263503086419753 0.7319878472222222 0.6176697530864198 0.720703125 0.6086033950617284 0.7263454861111112 0.5991512345679012 0.7378472222222222 0.597608024691358
1 0.6516927083333334 0.5875771604938271 0.6586371527777778 0.5929783950617284 0.66796875 0.5960648148148148 0.6762152777777778 0.6057098765432098 0.6690538194444444 0.6080246913580247 0.6651475694444444 0.6163194444444444 0.6614583333333334 0.6145833333333334 0.658203125 0.6080246913580247 0.6512586805555556 0.6151620370370371 0.6436631944444444 0.6089891975308642 0.6417100694444444 0.5987654320987654 0.6514756944444444 0.5875771604938271
1 0.6935763888888888 0.47164351851851855 0.6974826388888888 0.47665895061728397 0.6968315972222222 0.48977623456790126 0.7029079861111112 0.49286265432098764 0.703125 0.5001929012345679 0.6959635416666666 0.4965277777777778 0.6927083333333334 0.4982638888888889 0.6909722222222222 0.4947916666666667 0.6877170138888888 0.47685185185185186 0.6883680555555556 0.47357253086419754 0.693359375 0.47164351851851855
1 0.6825086805555556 0.47492283950617287 0.6877170138888888 0.4810956790123457 0.6918402777777778 0.49787808641975306 0.689453125 0.5011574074074074 0.6822916666666666 0.4992283950617284 0.6766493055555556 0.4841820987654321 0.6786024305555556 0.4774305555555556 0.6822916666666666 0.47492283950617287
1 0.6371527777777778 0.4662422839506173 0.6417100694444444 0.4693287037037037 0.6432291666666666 0.47357253086419754 0.640625 0.48823302469135804 0.6299913194444444 0.4880401234567901 0.6265190972222222 0.4841820987654321 0.6280381944444444 0.4704861111111111 0.6369357638888888 0.4662422839506173
1 0.5679253472222222 0.5028935185185185 0.5707465277777778 0.5050154320987654 0.5703125 0.5160108024691358 0.5740017361111112 0.5231481481481481 0.5640190972222222 0.5266203703703703 0.5609809027777778 0.5260416666666666 0.5627170138888888 0.5187114197530864 0.5546875 0.5050154320987654 0.5677083333333334 0.5028935185185185
1 0.5922309027777778 0.47627314814814814 0.6026475694444444 0.4816743827160494 0.6041666666666666 0.4876543209876543 0.6019965277777778 0.49016203703703703 0.5933159722222222 0.48900462962962965 0.5885416666666666 0.4949845679012346 0.5850694444444444 0.49266975308641975 0.5835503472222222 0.4839891975308642 0.5872395833333334 0.47800925925925924 0.5920138888888888 0.47627314814814814
1 0.5466579861111112 0.5009645061728395 0.5703125 0.5050154320987654 0.5690104166666666 0.5171682098765432 0.5735677083333334 0.5225694444444444 0.5707465277777778 0.5239197530864198 0.5677083333333334 0.5214120370370371 0.5642361111111112 0.5262345679012346 0.5622829861111112 0.5258487654320988 0.5625 0.5158179012345679 0.5540364583333334 0.5075231481481481 0.5475260416666666 0.5077160493827161 0.5434027777777778 0.5108024691358025 0.5399305555555556 0.5086805555555556 0.5353732638888888 0.5119598765432098 0.5358072916666666 0.501929012345679 0.5464409722222222 0.5009645061728395
1 0.5546875 0.47550154320987653 0.55859375 0.4799382716049383 0.5588107638888888 0.4845679012345679 0.5505642361111112 0.4984567901234568 0.5481770833333334 0.4955632716049383 0.5473090277777778 0.48148148148148145 0.5503472222222222 0.47685185185185186 0.5544704861111112 0.47550154320987653
1 0.6161024305555556 0.43962191358024694 0.6221788194444444 0.44598765432098764 0.6241319444444444 0.4538966049382716 0.6280381944444444 0.4564043209876543 0.6200086805555556 0.46045524691358025 0.609375 0.4515817901234568 0.6059027777777778 0.45177469135802467 0.5987413194444444 0.45987654320987653 0.5974392361111112 0.44907407407407407 0.5885416666666666 0.4425154320987654 0.5913628472222222 0.4409722222222222 0.6024305555555556 0.4425154320987654 0.6158854166666666 0.43962191358024694
1 0.71875 0.3757716049382716 0.7272135416666666 0.38059413580246915 0.7202690972222222 0.3871527777777778 0.7118055555555556 0.3883101851851852 0.7098524305555556 0.3950617283950617 0.70703125 0.3958333333333333 0.701171875 0.3902391975308642 0.7009548611111112 0.38213734567901236 0.716796875 0.3744212962962963 0.7185329861111112 0.3757716049382716
1 0.6490885416666666 0.4056712962962963 0.6675347222222222 0.40933641975308643 0.6686197916666666 0.419945987654321 0.6653645833333334 0.4220679012345679 0.6566840277777778 0.4222608024691358 0.6510416666666666 0.42766203703703703 0.6404079861111112 0.4315200617283951 0.6369357638888888 0.42901234567901236 0.6371527777777778 0.42496141975308643 0.6295572916666666 0.4270833333333333 0.6319444444444444 0.4099151234567901 0.6341145833333334 0.4074074074074074 0.6488715277777778 0.4056712962962963
1 0.6792534722222222 0.38175154320987653 0.685546875 0.38445216049382713 0.6903211805555556 0.390625 0.6901041666666666 0.39602623456790126 0.6861979166666666 0.39814814814814814 0.6812065972222222 0.3975694444444444 0.6684027777777778 0.3908179012345679 0.6716579861111112 0.38329475308641975 0.6790364583333334 0.38175154320987653
1 0.658203125 0.3912037037037037 0.6668836805555556 0.39776234567901236 0.6681857638888888 0.40625 0.6655815972222222 0.4087577160493827 0.6467013888888888 0.4045138888888889 0.6495225694444444 0.3939043209876543 0.6579861111111112 0.3912037037037037
1 0.7109375 0.3601466049382716 0.7170138888888888 0.3601466049382716 0.71875 0.36226851851851855 0.7174479166666666 0.37364969135802467 0.6983506944444444 0.3663194444444444 0.6948784722222222 0.3628472222222222 0.6961805555555556 0.3609182098765432 0.7107204861111112 0.3601466049382716
1 0.4019097222222222 0.9527391975308642 0.4058159722222222 0.953125 0.4069010416666667 0.9558256172839507 0.4045138888888889 0.9610339506172839 0.404296875 0.9720293209876543 0.4008246527777778 0.9718364197530864 0.3940972222222222 0.9565972222222222 0.3947482638888889 0.953125 0.4016927083333333 0.9527391975308642
1 0.4014756944444444 0.8638117283950617 0.4053819444444444 0.8665123456790124 0.4066840277777778 0.8742283950617284 0.3975694444444444 0.9002700617283951 0.3919270833333333 0.8915895061728395 0.3825954861111111 0.8915895061728395 0.3836805555555556 0.8732638888888888 0.3871527777777778 0.8657407407407407 0.4012586805555556 0.8638117283950617
1 0.3253038194444444 0.7758487654320988 0.3285590277777778 0.7795138888888888 0.3294270833333333 0.7866512345679012 0.3211805555555556 0.7991898148148148 0.3172743055555556 0.7986111111111112 0.314453125 0.7856867283950617 0.3196614583333333 0.7760416666666666 0.3250868055555556 0.7758487654320988
1 0.3038194444444444 0.7706404320987654 0.3098958333333333 0.7756558641975309 0.3114149305555556 0.7835648148148148 0.3016493055555556 0.8032407407407407 0.2966579861111111 0.8038194444444444 0.2951388888888889 0.7826003086419753 0.3036024305555556 0.7708333333333334
1 0.3493923611111111 0.6954089506172839 0.3526475694444444 0.6994598765432098 0.3506944444444444 0.7164351851851852 0.341796875 0.7297453703703703 0.3385416666666667 0.7295524691358025 0.3383246527777778 0.703125 0.3441840277777778 0.6961805555555556 0.3491753472222222 0.6954089506172839
1 0.357421875 0.6927083333333334 0.3656684027777778 0.703125 0.3617621527777778 0.7204861111111112 0.3563368055555556 0.7229938271604939 0.3522135416666667 0.7179783950617284 0.341796875 0.7291666666666666 0.3387586805555556 0.7276234567901234 0.3402777777777778 0.7235725308641975 0.3383246527777778 0.7029320987654321 0.3452690972222222 0.6956018518518519 0.3572048611111111 0.6927083333333334
1 0.2204861111111111 0.7683256172839507 0.2421875 0.7690972222222222 0.25 0.7723765432098766 0.2517361111111111 0.779320987654321 0.2443576388888889 0.7810570987654321 0.2378472222222222 0.7854938271604939 0.2269965277777778 0.7849151234567902 0.22526041666666666 0.7775848765432098 0.2170138888888889 0.7706404320987654 0.2170138888888889 0.7683256172839507 0.2202690972222222 0.7683256172839507
1 0.19075520833333334 0.8057484567901234 0.19813368055555555 0.8070987654320988 0.19249131944444445 0.8269675925925926 0.1892361111111111 0.826195987654321 0.18359375 0.808641975308642 0.185546875 0.8057484567901234 0.19053819444444445 0.8057484567901234
1 0.2378472222222222 0.6890432098765432 0.24110243055555555 0.6905864197530864 0.24479166666666666 0.7029320987654321 0.23111979166666666 0.7191358024691358 0.2243923611111111 0.7137345679012346 0.21766493055555555 0.7179783950617284 0.2109375 0.7172067901234568 0.2094184027777778 0.7062114197530864 0.21397569444444445 0.6996527777777778 0.2269965277777778 0.6905864197530864 0.23763020833333334 0.6890432098765432
1 0.11328125 0.9508101851851852 0.11675347222222222 0.9529320987654321 0.1169704861111111 0.9639274691358025 0.11284722222222222 0.9787808641975309 0.1091579861111111 0.9832175925925926 0.10264756944444445 0.980516975308642 0.10199652777777778 0.9673996913580247 0.10807291666666667 0.9529320987654321 0.1130642361111111 0.9508101851851852
1 0.1657986111111111 0.7667824074074074 0.1716579861111111 0.7708333333333334 0.17317708333333334 0.7760416666666666 0.16145833333333334 0.7926311728395061 0.15733506944444445 0.7910879629629629 0.1545138888888889 0.7856867283950617 0.14388020833333334 0.7878086419753086 0.13997395833333334 0.7864583333333334 0.13975694444444445 0.7827932098765432 0.15494791666666666 0.7689043209876543 0.1655815972222222 0.7667824074074074
1 0.1343315972222222 0.7658179012345679 0.1384548611111111 0.7689043209876543 0.1404079861111111 0.7764274691358025 0.13671875 0.7866512345679012 0.13368055555555555 0.7891589506172839 0.1293402777777778 0.7878086419753086 0.1265190972222222 0.7750771604938271 0.1286892361111111 0.7681327160493827 0.13411458333333334 0.7658179012345679
1 0.0642361111111111 0.9486882716049383 0.07183159722222222 0.9521604938271605 0.0779079861111111 0.9594907407407407 0.07899305555555555 0.9656635802469136 0.07660590277777778 0.970679012345679 0.07096354166666667 0.9720293209876543 0.06358506944444445 0.9673996913580247 0.060546875 0.9560185185185185 0.06401909722222222 0.9488811728395061
1 0.11653645833333333 0.7598379629629629 0.12977430555555555 0.7690972222222222 0.1271701388888889 0.7775848765432098 0.11284722222222222 0.7878086419753086 0.10872395833333333 0.7864583333333334 0.11197916666666667 0.7764274691358025 0.11067708333333333 0.7652391975308642 0.11631944444444445 0.7598379629629629
1 0.07725694444444445 0.8506944444444444 0.08289930555555555 0.8609182098765432 0.06749131944444445 0.8910108024691358 0.0642361111111111 0.892554012345679 0.0642361111111111 0.8695987654320988 0.06966145833333333 0.8580246913580247 0.07096354166666667 0.8493441358024691 0.07465277777777778 0.8485725308641975 0.07703993055555555 0.8506944444444444
1 0.09895833333333333 0.7467206790123457 0.10221354166666667 0.7465277777777778 0.103515625 0.7565586419753086 0.11024305555555555 0.7621527777777778 0.11067708333333333 0.7712191358024691 0.1091579861111111 0.7795138888888888 0.10264756944444445 0.779320987654321 0.09678819444444445 0.7758487654320988 0.0954861111111111 0.7584876543209876 0.09895833333333333 0.7469135802469136
1 0.1072048611111111 0.7181712962962963 0.11284722222222222 0.7195216049382716 0.1193576388888889 0.7274305555555556 0.10828993055555555 0.7285879629629629 0.10264756944444445 0.7326388888888888 0.08832465277777778 0.7195216049382716 0.10698784722222222 0.7181712962962963
1 0.064453125 0.7561728395061729 0.07421875 0.7596450617283951 0.08485243055555555 0.7600308641975309 0.09288194444444445 0.7689043209876543 0.08550347222222222 0.7795138888888888 0.064453125 0.7880015432098766 0.06228298611111111 0.7847222222222222 0.06315104166666667 0.7689043209876543 0.06553819444444445 0.7654320987654321 0.06076388888888889 0.7588734567901234 0.0642361111111111 0.7561728395061729
1 0.0646701388888889 0.7567515432098766 0.0744357638888889 0.7604166666666666 0.08506944444444445 0.7608024691358025 0.09244791666666667 0.7689043209876543 0.0859375 0.7795138888888888 0.06488715277777778 0.7905092592592593 0.060546875 0.7870370370370371 0.0625 0.7689043209876543 0.06597222222222222 0.765625 0.060980902777777776 0.7584876543209876 0.064453125 0.7567515432098766
1 0.6197916666666666 0.3940972222222222 0.6267361111111112 0.39544753086419754 0.6315104166666666 0.40084876543209874 0.6280381944444444 0.41550925925925924 0.6234809027777778 0.4185956790123457 0.6204427083333334 0.4174382716049383 0.6182725694444444 0.4149305555555556 0.6197916666666666 0.3942901234567901
1 0.6171875 0.39371141975308643 0.6178385416666666 0.4045138888888889 0.6059027777777778 0.41647376543209874 0.6028645833333334 0.41473765432098764 0.6056857638888888 0.40007716049382713 0.6126302083333334 0.39351851851851855 0.6169704861111112 0.39371141975308643
1 0.6336805555555556 0.37982253086419754 0.6397569444444444 0.3836805555555556 0.6434461805555556 0.3904320987654321 0.6414930555555556 0.4054783950617284 0.6356336805555556 0.40625 0.6302083333333334 0.39544753086419754 0.62109375 0.3939043209876543 0.6215277777777778 0.3898533950617284 0.6334635416666666 0.3800154320987654
1 0.6360677083333334 0.37962962962962965 0.640625 0.38387345679012347 0.6412760416666666 0.3904320987654321 0.6371527777777778 0.38927469135802467 0.6302083333333334 0.3950617283950617 0.6219618055555556 0.39274691358024694 0.6202256944444444 0.3904320987654321 0.6297743055555556 0.38117283950617287 0.6358506944444444 0.37962962962962965
1 0.4815538194444444 0.4739583333333333 0.4841579861111111 0.47530864197530864 0.4854600694444444 0.4809027777777778 0.4772135416666667 0.49363425925925924 0.4735243055555556 0.4913194444444444 0.4737413194444444 0.4810956790123457 0.4772135416666667 0.47530864197530864 0.4813368055555556 0.4739583333333333
1 0.6579861111111112 0.36072530864197533 0.6614583333333334 0.3626543209876543 0.6612413194444444 0.36574074074074076 0.6586371527777778 0.37287808641975306 0.6545138888888888 0.3751929012345679 0.6508246527777778 0.3744212962962963 0.640625 0.3626543209876543 0.6577690972222222 0.36072530864197533
1 0.4702690972222222 0.47665895061728397 0.4741753472222222 0.4839891975308642 0.470703125 0.498070987654321 0.4663628472222222 0.498070987654321 0.4639756944444444 0.4849537037037037 0.466796875 0.4774305555555556 0.4700520833333333 0.47685185185185186
1 0.5924479166666666 0.3836805555555556 0.5954861111111112 0.3871527777777778 0.595703125 0.3929398148148148 0.5941840277777778 0.4047067901234568 0.5920138888888888 0.4070216049382716 0.5852864583333334 0.4047067901234568 0.5844184027777778 0.4002700617283951 0.5863715277777778 0.3861882716049383 0.5881076388888888 0.3836805555555556 0.5922309027777778 0.3836805555555556
1 0.5833333333333334 0.38175154320987653 0.5868055555555556 0.38657407407407407 0.5865885416666666 0.3975694444444444 0.5850694444444444 0.4045138888888889 0.5815972222222222 0.4050925925925926 0.578125 0.40219907407407407 0.5753038194444444 0.3894675925925926 0.578125 0.38252314814814814 0.5813802083333334 0.38040123456790126 0.5831163194444444 0.38175154320987653
1 0.5588107638888888 0.38078703703703703 0.5642361111111112 0.3854166666666667 0.5655381944444444 0.390625 0.5653211805555556 0.404320987654321 0.5611979166666666 0.4077932098765432 0.5568576388888888 0.404320987654321 0.5536024305555556 0.3879243827160494 0.5533854166666666 0.3836805555555556 0.55859375 0.38078703703703703
1 0.5553385416666666 0.38213734567901236 0.5607638888888888 0.38348765432098764 0.55859375 0.38657407407407407 0.5601128472222222 0.4045138888888889 0.5575086805555556 0.40625 0.5501302083333334 0.40142746913580246 0.5457899305555556 0.3908179012345679 0.5483940972222222 0.38387345679012347 0.5551215277777778 0.38213734567901236
1 0.6265190972222222 0.3393132716049383 0.6304253472222222 0.341820987654321 0.6334635416666666 0.3487654320987654 0.6325954861111112 0.3591820987654321 0.6302083333333334 0.3620756172839506 0.6256510416666666 0.3605324074074074 0.619140625 0.34587191358024694 0.6208767361111112 0.3410493827160494 0.6263020833333334 0.3393132716049383
1 0.6130642361111112 0.3368055555555556 0.6165364583333334 0.33834876543209874 0.6174045138888888 0.3435570987654321 0.6063368055555556 0.3599537037037037 0.6017795138888888 0.359375 0.5991753472222222 0.35397376543209874 0.5950520833333334 0.35223765432098764 0.6013454861111112 0.34162808641975306 0.6128472222222222 0.3368055555555556
1 0.5861545138888888 0.2964891975308642 0.5818142361111112 0.30864197530864196 0.5744357638888888 0.30709876543209874 0.5737847222222222 0.3038194444444444 0.5807291666666666 0.2966820987654321 0.5859375 0.2964891975308642
1 0.6649305555555556 0.21875 0.6681857638888888 0.2204861111111111 0.6716579861111112 0.2309027777777778 0.6614583333333334 0.2349537037037037 0.6521267361111112 0.23070987654320987 0.650390625 0.22395833333333334 0.6647135416666666 0.21875
1 0.6302083333333334 0.1888503086419753 0.6356336805555556 0.19270833333333334 0.6391059027777778 0.19945987654320987 0.6349826388888888 0.21334876543209877 0.630859375 0.21547067901234568 0.6215277777777778 0.1996527777777778 0.6236979166666666 0.19270833333333334 0.6299913194444444 0.1888503086419753
1 0.0646701388888889 0.7571373456790124 0.07313368055555555 0.7604166666666666 0.08506944444444445 0.7609953703703703 0.09223090277777778 0.7687114197530864 0.0857204861111111 0.7798996913580247 0.0646701388888889 0.7914737654320988 0.06076388888888889 0.7899305555555556 0.060112847222222224 0.7862654320987654 0.0625 0.7689043209876543 0.06597222222222222 0.765625 0.061197916666666664 0.7584876543209876 0.064453125 0.7571373456790124
1 0.064453125 0.7575231481481481 0.07074652777777778 0.7611882716049383 0.08506944444444445 0.761766975308642 0.09136284722222222 0.7689043209876543 0.0861545138888889 0.7795138888888888 0.0646701388888889 0.7907021604938271 0.060546875 0.7870370370370371 0.0625 0.7689043209876543 0.06705729166666667 0.7658179012345679 0.062065972222222224 0.7586805555555556 0.0642361111111111 0.7575231481481481
1 0.06488715277777778 0.7569444444444444 0.0740017361111111 0.7606095679012346 0.08506944444444445 0.7609953703703703 0.09244791666666667 0.7689043209876543 0.0857204861111111 0.7798996913580247 0.0646701388888889 0.7920524691358025 0.060546875 0.7908950617283951 0.059027777777777776 0.7866512345679012 0.059895833333333336 0.7689043209876543 0.06575520833333333 0.765625 0.060980902777777776 0.7584876543209876 0.0646701388888889 0.7569444444444444
1 0.0642361111111111 0.7571373456790124 0.07096354166666667 0.7606095679012346 0.08463541666666667 0.7613811728395061 0.091796875 0.7687114197530864 0.08637152777777778 0.779320987654321 0.07486979166666667 0.7864583333333334 0.07096354166666667 0.7947530864197531 0.06315104166666667 0.796875 0.0642361111111111 0.7989969135802469 0.07096354166666667 0.7974537037037037 0.0744357638888889 0.8040123456790124 0.062065972222222224 0.8036265432098766 0.058159722222222224 0.8003472222222222 0.061848958333333336 0.7935956790123457 0.060112847222222224 0.7835648148148148 0.0627170138888889 0.7689043209876543 0.06684027777777778 0.765625 0.06163194444444445 0.7586805555555556 0.06401909722222222 0.7571373456790124
1 0.07573784722222222 0.7170138888888888 0.0798611111111111 0.7185570987654321 0.08138020833333333 0.7309027777777778 0.07118055555555555 0.7287808641975309 0.06879340277777778 0.7183641975308642 0.07552083333333333 0.7170138888888888
1 0.4548611111111111 0.359375 0.4563802083333333 0.3626543209876543 0.4533420138888889 0.3802083333333333 0.4448784722222222 0.361304012345679 0.4457465277777778 0.359375 0.4546440972222222 0.359375
1 0.4507378472222222 0.2662037037037037 0.4546440972222222 0.26851851851851855 0.4559461805555556 0.27314814814814814 0.4461805555555556 0.30343364197530864 0.443359375 0.2972608024691358 0.4435763888888889 0.2797067901234568 0.4448784722222222 0.2690972222222222 0.4505208333333333 0.2662037037037037
1 0.4424913194444444 0.2660108024691358 0.4461805555555556 0.27507716049382713 0.4427083333333333 0.2957175925925926 0.4301215277777778 0.2966820987654321 0.4329427083333333 0.28973765432098764 0.4338107638888889 0.27179783950617287 0.4359809027777778 0.2683256172839506 0.4422743055555556 0.2662037037037037
1 0.158203125 0.37191358024691357 0.1616753472222222 0.3732638888888889 0.1625434027777778 0.38136574074074076 0.1577690972222222 0.39776234567901236 0.1547309027777778 0.4010416666666667 0.1508246527777778 0.40065586419753085 0.1482204861111111 0.39776234567901236 0.1480034722222222 0.38850308641975306 0.15147569444444445 0.3767361111111111 0.1579861111111111 0.37191358024691357
1 0.24110243055555555 0.21489197530864199 0.24348958333333334 0.21682098765432098 0.24305555555555555 0.22067901234567902 0.2367621527777778 0.2357253086419753 0.23350694444444445 0.2341820987654321 0.22786458333333334 0.21682098765432098 0.2309027777777778 0.21469907407407407 0.24088541666666666 0.21489197530864199
1 0.1169704861111111 0.2660108024691358 0.12760416666666666 0.2762345679012346 0.11263020833333333 0.30536265432098764 0.109375 0.30767746913580246 0.10872395833333333 0.2862654320987654 0.11328125 0.26851851851851855 0.11675347222222222 0.2660108024691358
1 0.6102430555555556 0.18460648148148148 0.6193576388888888 0.1875 0.6232638888888888 0.19598765432098766 0.6217447916666666 0.20081018518518517 0.615234375 0.2027391975308642 0.6095920138888888 0.2021604938271605 0.5989583333333334 0.19483024691358025 0.591796875 0.19270833333333334 0.591796875 0.1857638888888889 0.6100260416666666 0.18460648148148148
1 0.7630208333333334 0 0.80078125 0 0.8062065972222222 0.01871141975308642 0.810546875 0.022569444444444444 0.8072916666666666 0.024305555555555556 0.7866753472222222 0.013310185185185185 0.7795138888888888 0.017746913580246913 0.7630208333333334 0.00019290123456790122
1 0.3697916666666667 0.17785493827160495 0.3745659722222222 0.18267746913580246 0.3758680555555556 0.18942901234567902 0.3663194444444444 0.2021604938271605 0.3630642361111111 0.2006172839506173 0.3606770833333333 0.1884645061728395 0.36328125 0.18209876543209877 0.3695746527777778 0.17785493827160495
1 0.3532986111111111 0.17496141975308643 0.3580729166666667 0.1863425925925926 0.3498263888888889 0.2040895061728395 0.3452690972222222 0.20717592592592593 0.3420138888888889 0.20621141975308643 0.3409288194444444 0.1853780864197531 0.3489583333333333 0.1743827160493827 0.3530815972222222 0.17496141975308643
1 0.2599826388888889 0.1753472222222222 0.2886284722222222 0.1753472222222222 0.2942708333333333 0.17746913580246915 0.296875 0.18209876543209877 0.2962239583333333 0.1865354938271605 0.2723524305555556 0.19193672839506173 0.2703993055555556 0.18557098765432098 0.2601996527777778 0.17554012345679013
1 0.2085503472222222 0.17650462962962962 0.21375868055555555 0.17881944444444445 0.2170138888888889 0.1857638888888889 0.205078125 0.2021604938271605 0.19618055555555555 0.19598765432098766 0.1853298611111111 0.1996527777777778 0.1831597222222222 0.19579475308641975 0.19401041666666666 0.18229166666666666 0.203125 0.17669753086419754 0.20833333333333334 0.17650462962962962
1 0.17903645833333334 0.17804783950617284 0.18272569444444445 0.18152006172839505 0.18359375 0.1867283950617284 0.18033854166666666 0.19753086419753085 0.17686631944444445 0.1996527777777778 0.171875 0.19926697530864199 0.16927083333333334 0.1857638888888889 0.1716579861111111 0.17959104938271606 0.17881944444444445 0.17804783950617284
1 0.1579861111111111 0.1724537037037037 0.17317708333333334 0.18171296296296297 0.1714409722222222 0.18981481481481483 0.15690104166666666 0.19945987654320987 0.1521267361111111 0.19945987654320987 0.15299479166666666 0.1884645061728395 0.15104166666666666 0.18209876543209877 0.1577690972222222 0.1726466049382716
1 0.4014756944444444 0.09239969135802469 0.4095052083333333 0.10223765432098765 0.4045138888888889 0.12191358024691358 0.3982204861111111 0.12017746913580248 0.3958333333333333 0.11053240740740741 0.3956163194444444 0.09567901234567901 0.4012586805555556 0.09239969135802469
1 0.3953993055555556 0.09529320987654322 0.3960503472222222 0.11265432098765432 0.3838975694444444 0.13155864197530864 0.3825954861111111 0.10223765432098765 0.3888888888888889 0.09529320987654322 0.3951822916666667 0.09529320987654322
1 0.279296875 0.0933641975308642 0.2840711805555556 0.09529320987654322 0.2879774305555556 0.10570987654320987 0.2866753472222222 0.1087962962962963 0.2799479166666667 0.11439043209876543 0.2758246527777778 0.12191358024691358 0.2723524305555556 0.12249228395061729 0.2686631944444444 0.11747685185185185 0.2588975694444444 0.1232638888888889 0.2552083333333333 0.12268518518518519 0.2506510416666667 0.11612654320987655 0.2521701388888889 0.1091820987654321 0.2688802083333333 0.0954861111111111 0.2790798611111111 0.0933641975308642
1 0.050347222222222224 0.7586805555555556 0.06228298611111111 0.7689043209876543 0.0625 0.7731481481481481 0.059027777777777776 0.7847222222222222 0.046875 0.7953317901234568 0.04318576388888889 0.794945987654321 0.042534722222222224 0.7876157407407407 0.046223958333333336 0.7692901234567902 0.045572916666666664 0.7615740740740741 0.046875 0.7588734567901234 0.050130208333333336 0.7586805555555556
1 0.14388020833333334 0.15991512345679013 0.14583333333333334 0.16994598765432098 0.1540798611111111 0.1753472222222222 0.1547309027777778 0.17804783950617284 0.15104166666666666 0.18479938271604937 0.1443142361111111 0.1857638888888889 0.1404079861111111 0.18441358024691357 0.13780381944444445 0.17901234567901234 0.1382378472222222 0.16820987654320987 0.13541666666666666 0.16145833333333334 0.14366319444444445 0.15991512345679013
1 0.10590277777777778 0.1728395061728395 0.11176215277777778 0.17496141975308643 0.1267361111111111 0.17496141975308643 0.13411458333333334 0.18190586419753085 0.12565104166666666 0.19560185185185186 0.10590277777777778 0.20717592592592593 0.10264756944444445 0.20679012345679013 0.1017795138888889 0.2037037037037037 0.10243055555555555 0.18557098765432098 0.10546875 0.18209876543209877 0.10221354166666667 0.17476851851851852 0.1056857638888889 0.1728395061728395
1 0.10655381944444445 0.1730324074074074 0.1134982638888889 0.17515432098765432 0.1265190972222222 0.17496141975308643 0.1343315972222222 0.18248456790123457 0.12434895833333333 0.19695216049382716 0.1056857638888889 0.20775462962962962 0.10221354166666667 0.20736882716049382 0.1013454861111111 0.2019675925925926 0.10199652777777778 0.18557098765432098 0.10503472222222222 0.18229166666666666 0.10221354166666667 0.17418981481481483 0.10633680555555555 0.1730324074074074
1 0.14735243055555555 0.1709104938271605 0.15364583333333334 0.17476851851851852 0.1584201388888889 0.1728395061728395 0.16493055555555555 0.17881944444444445 0.15755208333333334 0.17843364197530864 0.1521267361111111 0.19251543209876543 0.1482204861111111 0.19425154320987653 0.13997395833333334 0.19116512345679013 0.1371527777777778 0.17592592592592593 0.1382378472222222 0.16801697530864199 0.13563368055555555 0.16165123456790123 0.14388020833333334 0.16010802469135801 0.1443142361111111 0.16685956790123457 0.14713541666666666 0.1709104938271605
1 0.0920138888888889 0.17592592592592593 0.10308159722222222 0.18557098765432098 0.10199652777777778 0.19540895061728394 0.09526909722222222 0.20640432098765432 0.08528645833333333 0.21219135802469136 0.08355034722222222 0.20505401234567902 0.08702256944444445 0.1863425925925926 0.0859375 0.17881944444444445 0.08832465277777778 0.1753472222222222 0.091796875 0.17592592592592593
1 0.10611979166666667 0.1722608024691358 0.11241319444444445 0.17476851851851852 0.1267361111111111 0.17457561728395063 0.1345486111111111 0.18248456790123457 0.12391493055555555 0.19675925925925927 0.1056857638888889 0.2056327160493827 0.10243055555555555 0.2056327160493827 0.1017795138888889 0.2035108024691358 0.10069444444444445 0.18557098765432098 0.10460069444444445 0.18209876543209877 0.10221354166666667 0.1728395061728395 0.10590277777777778 0.1722608024691358
1 0.14908854166666666 0.12924382716049382 0.1538628472222222 0.13040123456790123 0.1623263888888889 0.1408179012345679 0.1480034722222222 0.1412037037037037 0.1440972222222222 0.14564043209876543 0.1404079861111111 0.1402391975308642 0.1325954861111111 0.13734567901234568 0.1293402777777778 0.13040123456790123 0.1488715277777778 0.12924382716049382
1 0.03732638888888889 0.716820987654321 0.04709201388888889 0.7181712962962963 0.050347222222222224 0.7251157407407407 0.043402777777777776 0.7299382716049383 0.03884548611111111 0.7445987654320988 0.032769097222222224 0.7527006172839507 0.029079861111111112 0.7484567901234568 0.029296875 0.7378472222222222 0.026258680555555556 0.7264660493827161 0.027994791666666668 0.7199074074074074 0.037109375 0.716820987654321
1 0.7000868055555556 0 0.7113715277777778 0 0.7068142361111112 0.008873456790123456 0.703125 0.0073302469135802465 0.7000868055555556 0.00019290123456790122
1 0.11263020833333333 0.14467592592592593 0.10872395833333333 0.13348765432098766 0.11284722222222222 0.13059413580246915 0.12044270833333333 0.13097993827160495 0.12239583333333333 0.14293981481481483 0.11979166666666667 0.14564043209876543 0.11284722222222222 0.14467592592592593
1 0.0859375 0.13310185185185186 0.0896267361111111 0.13638117283950618 0.0900607638888889 0.1440972222222222 0.08832465277777778 0.14525462962962962 0.08485243055555555 0.14332561728395063 0.08333333333333333 0.14506172839506173 0.07899305555555555 0.16145833333333334 0.07465277777777778 0.16724537037037038 0.07161458333333333 0.16801697530864199 0.06901041666666667 0.16454475308641975 0.06640625 0.140625 0.0700954861111111 0.13348765432098766 0.0857204861111111 0.13310185185185186
1 0.3912760416666667 0.4112654320987654 0.392578125 0.41718113425925923 0.3910590277777778 0.4201388888888889 0.3888888888888889 0.421875 0.3891059027777778 0.4245756172839506 0.3904079861111111 0.4251543209876543 0.3938802083333333 0.4228395061728395 0.3995225694444444 0.4220679012345679 0.3973524305555556 0.41165123456790126 0.39453125 0.4104938271604938
1 0.5733506944444444 0.7991898148148148 0.5733506944444444 0.8038194444444444 0.5763888888888888 0.8065200617283951 0.5805121527777778 0.8180941358024691 0.5813802083333334 0.8190586419753086 0.5850694444444444 0.8186728395061729 0.58984375 0.8072916666666666 0.58984375 0.8032407407407407 0.5885416666666666 0.7986111111111112 0.5855034722222222 0.7943672839506173 0.5813802083333334 0.7922453703703703 0.5779079861111112 0.7935956790123457
1 0.3997395833333333 0.41107253086419754 0.4075520833333333 0.4251543209876543 0.4112413194444444 0.4263117283950617 0.4134114583333333 0.4253472222222222 0.4134114583333333 0.4214891975308642 0.4114583333333333 0.41280864197530864 0.4086371527777778 0.41107253086419754 0.404296875 0.4104938271604938
1 0.6117621527777778 0.5050154320987654 0.6126302083333334 0.5123456790123457 0.6115451388888888 0.515625 0.6126302083333334 0.5179398148148148 0.6150173611111112 0.5154320987654321 0.6145833333333334 0.5127314814814815 0.6174045138888888 0.511766975308642 0.62109375 0.5123456790123457 0.6232638888888888 0.513695987654321 0.6265190972222222 0.513695987654321 0.6362847222222222 0.5086805555555556 0.630859375 0.5069444444444444 0.6163194444444444 0.5063657407407407
1 0.7706163194444444 0.49170524691358025 0.7708333333333334 0.4949845679012346 0.7732204861111112 0.4955632716049383 0.77734375 0.4947916666666667 0.7829861111111112 0.49228395061728397 0.7834201388888888 0.4878472222222222 0.7747395833333334 0.4878472222222222 0.7719184027777778 0.48919753086419754