1 0.6651475694444444 0.972608024691358 0.6720920138888888 0.9737654320987654 0.6729600694444444 0.9774305555555556 0.6577690972222222 0.9907407407407407 0.6508246527777778 0.9876543209876543 0.6482204861111112 0.9809027777777778 0.6493055555555556 0.9772376543209876 0.6545138888888888 0.9739583333333334 0.6649305555555556 0.972608024691358
1 0.6651475694444444 0.956983024691358 0.6688368055555556 0.9606481481481481 0.6647135416666666 0.9704861111111112 0.6473524305555556 0.9633487654320988 0.6436631944444444 0.9598765432098766 0.6469184027777778 0.9575617283950617 0.6649305555555556 0.956983024691358
1 0.6232638888888888 0.9764660493827161 0.6302083333333334 0.9774305555555556 0.6351996527777778 0.9807098765432098 0.638671875 0.9868827160493827 0.6378038194444444 0.9913194444444444 0.6299913194444444 0.9922839506172839 0.6184895833333334 0.9876543209876543 0.6165364583333334 0.9845679012345679 0.6176215277777778 0.9809027777777778 0.623046875 0.9766589506172839
1 0.6063368055555556 0.9859182098765432 0.6130642361111112 0.9899691358024691 0.6150173611111112 0.9998070987654321 0.5948350694444444 0.9998070987654321 0.5978732638888888 0.9886188271604939 0.6061197916666666 0.9859182098765432
1 0.5713975694444444 0.9839891975308642 0.578125 0.9891975308641975 0.5815972222222222 0.9998070987654321 0.5672743055555556 0.9998070987654321 0.5668402777777778 0.9876543209876543 0.5711805555555556 0.9839891975308642
1 0.5844184027777778 0.9751157407407407 0.5913628472222222 0.984375 0.5902777777777778 0.9998070987654321 0.5826822916666666 0.9998070987654321 0.5787760416666666 0.9907407407407407 0.5716145833333334 0.9855324074074074 0.5770399305555556 0.9768518518518519 0.5842013888888888 0.9751157407407407
1 0.5904947916666666 0.956983024691358 0.6061197916666666 0.9573688271604939 0.6091579861111112 0.9592978395061729 0.6059027777777778 0.9724151234567902 0.5989583333333334 0.96875 0.5911458333333334 0.9701003086419753 0.5848524305555556 0.9683641975308642 0.5846354166666666 0.9591049382716049 0.5902777777777778 0.956983024691358
1 0.5653211805555556 0.988233024691358 0.5677083333333334 0.9920910493827161 0.5670572916666666 0.9998070987654321 0.5529513888888888 0.9998070987654321 0.5536024305555556 0.9940200617283951 0.5570746527777778 0.9891975308641975 0.5651041666666666 0.988233024691358
1 0.5401475694444444 0.9762731481481481 0.5440538194444444 0.9851466049382716 0.5423177083333334 0.9998070987654321 0.5358072916666666 0.9998070987654321 0.5358072916666666 0.9774305555555556 0.5399305555555556 0.9762731481481481
1 0.5711805555555556 0.9332561728395061 0.580078125 0.9390432098765432 0.5863715277777778 0.9542824074074074 0.5776909722222222 0.9564043209876543 0.5709635416666666 0.9481095679012346 0.5672743055555556 0.9504243827160493 0.5642361111111112 0.9579475308641975 0.5616319444444444 0.9583333333333334 0.5555555555555556 0.9538966049382716 0.5555555555555556 0.9427083333333334 0.5616319444444444 0.9357638888888888 0.5709635416666666 0.9332561728395061
1 0.5080295138888888 0.9741512345679012 0.513671875 0.9830246913580247 0.5132378472222222 0.9998070987654321 0.5045572916666666 0.9998070987654321 0.5008680555555556 0.9947916666666666 0.501953125 0.9876543209876543 0.4982638888888889 0.9911265432098766 0.4952256944444444 0.984375 0.4982638888888889 0.9770447530864198 0.5078125 0.9741512345679012
1 0.6137152777777778 0.8227237654320988 0.6189236111111112 0.8246527777777778 0.6208767361111112 0.8352623456790124 0.6128472222222222 0.8391203703703703 0.6022135416666666 0.8333333333333334 0.6004774305555556 0.8279320987654321 0.6028645833333334 0.8244598765432098 0.6134982638888888 0.8227237654320988
1 0.58203125 0.7920524691358025 0.5876736111111112 0.796875 0.5902777777777778 0.8030478395061729 0.5883246527777778 0.8121141975308642 0.5837673611111112 0.8184799382716049 0.5807291666666666 0.8179012345679012 0.5729166666666666 0.8013117283950617 0.5774739583333334 0.7935956790123457 0.5818142361111112 0.7920524691358025
1 0.5627170138888888 0.7864583333333334 0.5709635416666666 0.7893518518518519 0.5735677083333334 0.7932098765432098 0.5729166666666666 0.8016975308641975 0.5657552083333334 0.8059413580246914 0.5568576388888888 0.8038194444444444 0.5512152777777778 0.7980324074074074 0.5431857638888888 0.7966820987654321 0.54296875 0.7924382716049383 0.5394965277777778 0.7899305555555556 0.5625 0.7864583333333334
1 0.5310329861111112 0.9753086419753086 0.5373263888888888 0.9807098765432098 0.5338541666666666 0.9998070987654321 0.5284288194444444 0.9998070987654321 0.5243055555555556 0.984375 0.5260416666666666 0.9774305555555556 0.5308159722222222 0.9753086419753086
1 0.5021701388888888 0.9762731481481481 0.5056423611111112 0.9845679012345679 0.5062934027777778 0.9998070987654321 0.5008680555555556 0.9998070987654321 0.4945746527777778 0.9849537037037037 0.4967447916666667 0.9774305555555556 0.501953125 0.9762731481481481
1 0.6577690972222222 0.5873842592592593 0.6740451388888888 0.6024305555555556 0.6690538194444444 0.6072530864197531 0.6649305555555556 0.6161265432098766 0.6614583333333334 0.6147762345679012 0.6579861111111112 0.6080246913580247 0.6508246527777778 0.6155478395061729 0.6419270833333334 0.605516975308642 0.6427951388888888 0.5958719135802469 0.65234375 0.5879629629629629 0.6575520833333334 0.5873842592592593
1 0.7838541666666666 0.48726851851851855 0.7827690972222222 0.49266975308641975 0.7725694444444444 0.4955632716049383 0.76953125 0.4947916666666667 0.7723524305555556 0.4888117283950617 0.7836371527777778 0.48726851851851855
1 0.6924913194444444 0.47087191358024694 0.6959635416666666 0.47280092592592593 0.6974826388888888 0.47704475308641975 0.6959635416666666 0.4893904320987654 0.6918402777777778 0.48996913580246915 0.6881510416666666 0.4774305555555556 0.6890190972222222 0.47280092592592593 0.6922743055555556 0.4710648148148148
1 0.6929253472222222 0.470679012345679 0.6979166666666666 0.47704475308641975 0.6968315972222222 0.49074074074074076 0.703125 0.49363425925925924 0.7029079861111112 0.4996141975308642 0.6922743055555556 0.4976851851851852 0.6877170138888888 0.47646604938271603 0.6890190972222222 0.4722222222222222 0.6927083333333334 0.470679012345679
1 0.6827256944444444 0.47511574074074076 0.6879340277777778 0.4836033950617284 0.6883680555555556 0.4949845679012346 0.6857638888888888 0.49787808641975306 0.6814236111111112 0.49614197530864196 0.6768663194444444 0.4845679012345679 0.6779513888888888 0.47858796296296297 0.6825086805555556 0.47511574074074076
1 0.6171875 0.5059799382716049 0.630859375 0.5086805555555556 0.6293402777777778 0.515625 0.6267361111111112 0.5192901234567902 0.6234809027777778 0.519483024691358 0.62109375 0.5150462962962963 0.6163194444444444 0.5135030864197531 0.6121961805555556 0.5086805555555556 0.6128472222222222 0.5059799382716049 0.6169704861111112 0.5059799382716049
1 0.6375868055555556 0.46662808641975306 0.6410590277777778 0.4685570987654321 0.6432291666666666 0.4737654320987654 0.640625 0.4878472222222222 0.6302083333333334 0.48726851851851855 0.6267361111111112 0.484375 0.6282552083333334 0.4704861111111111 0.6373697916666666 0.46662808641975306
1 0.5677083333333334 0.5032793209876543 0.5705295138888888 0.5052083333333334 0.5698784722222222 0.5162037037037037 0.5737847222222222 0.5241126543209876 0.564453125 0.5264274691358025 0.5616319444444444 0.5258487654320988 0.5625 0.5181327160493827 0.5553385416666666 0.5050154320987654 0.5674913194444444 0.5032793209876543
1 0.5954861111111112 0.47665895061728397 0.6030815972222222 0.48225308641975306 0.6043836805555556 0.4878472222222222 0.6024305555555556 0.49016203703703703 0.5941840277777778 0.4886188271604938 0.5883246527777778 0.4949845679012346 0.5850694444444444 0.49286265432098764 0.5846354166666666 0.4807098765432099 0.5887586805555556 0.47685185185185186 0.5952690972222222 0.47665895061728397
1 0.5466579861111112 0.5013503086419753 0.5577256944444444 0.5052083333333334 0.5483940972222222 0.5075231481481481 0.5434027777777778 0.5169753086419753 0.5412326388888888 0.5094521604938271 0.5353732638888888 0.5119598765432098 0.5345052083333334 0.5044367283950617 0.5362413194444444 0.5013503086419753 0.5464409722222222 0.5013503086419753
1 0.5544704861111112 0.47530864197530864 0.5588107638888888 0.48051697530864196 0.55859375 0.4845679012345679 0.5538194444444444 0.4957561728395062 0.5503472222222222 0.498070987654321 0.5481770833333334 0.49517746913580246 0.5475260416666666 0.4807098765432099 0.5542534722222222 0.47530864197530864
1 0.6180555555555556 0.44155092592592593 0.6217447916666666 0.44598765432098764 0.6234809027777778 0.4548611111111111 0.6278211805555556 0.4565972222222222 0.6197916666666666 0.46064814814814814 0.609375 0.4508101851851852 0.6059027777777778 0.4529320987654321 0.6043836805555556 0.45987654320987653 0.6017795138888888 0.46045524691358025 0.5989583333333334 0.45177469135802467 0.5887586805555556 0.453125 0.5859375 0.4496527777777778 0.6028645833333334 0.44212962962962965 0.6126302083333334 0.4398148148148148 0.6178385416666666 0.44155092592592593
1 0.7174479166666666 0.3753858024691358 0.7272135416666666 0.38078703703703703 0.7204861111111112 0.3873456790123457 0.7122395833333334 0.3883101851851852 0.7072482638888888 0.3958333333333333 0.7016059027777778 0.3910108024691358 0.7000868055555556 0.3836805555555556 0.7029079861111112 0.3800154320987654 0.7172309027777778 0.3753858024691358
1 0.6510416666666666 0.4060570987654321 0.6677517361111112 0.41010802469135804 0.6684027777777778 0.41975308641975306 0.6651475694444444 0.4216820987654321 0.6579861111111112 0.4207175925925926 0.6512586805555556 0.42746913580246915 0.6404079861111112 0.43171296296296297 0.6375868055555556 0.42939814814814814 0.6371527777777778 0.42496141975308643 0.6304253472222222 0.42824074074074076 0.62890625 0.42592592592592593 0.6323784722222222 0.4079861111111111 0.6508246527777778 0.4060570987654321
1 0.6790364583333334 0.38175154320987653 0.6857638888888888 0.38445216049382713 0.689453125 0.388695987654321 0.6907552083333334 0.39448302469135804 0.6868489583333334 0.39795524691358025 0.6814236111111112 0.3975694444444444 0.6681857638888888 0.390625 0.6714409722222222 0.38348765432098764 0.6788194444444444 0.38175154320987653
1 0.6577690972222222 0.3908179012345679 0.6668836805555556 0.39737654320987653 0.6681857638888888 0.4087577160493827 0.6471354166666666 0.4052854938271605 0.6467013888888888 0.39776234567901236 0.6493055555555556 0.3939043209876543 0.6575520833333334 0.3910108024691358
1 0.7170138888888888 0.3605324074074074 0.7202690972222222 0.37287808641975306 0.7178819444444444 0.3740354938271605 0.6983506944444444 0.3663194444444444 0.6950954861111112 0.3628472222222222 0.6961805555555556 0.3611111111111111 0.716796875 0.3605324074074074
1 0.3951822916666667 0.953125 0.4055989583333333 0.9529320987654321 0.4075520833333333 0.9560185185185185 0.4038628472222222 0.9637345679012346 0.4045138888888889 0.9718364197530864 0.4010416666666667 0.9718364197530864 0.3993055555555556 0.9627700617283951 0.3943142361111111 0.9564043209876543 0.3951822916666667 0.9533179012345679
1 0.4014756944444444 0.8649691358024691 0.4060329861111111 0.8661265432098766 0.4079861111111111 0.8699845679012346 0.4051649305555556 0.8800154320987654 0.3973524305555556 0.8888888888888888 0.3958333333333333 0.8661265432098766 0.4012586805555556 0.8649691358024691
1 0.3947482638888889 0.8641975308641975 0.4045138888888889 0.8657407407407407 0.4075520833333333 0.8697916666666666 0.4047309027777778 0.8802083333333334 0.3940972222222222 0.8929398148148148 0.390625 0.8910108024691358 0.3812934027777778 0.8921682098765432 0.3797743055555556 0.8904320987654321 0.3832465277777778 0.8854166666666666 0.384765625 0.8695987654320988 0.3904079861111111 0.8638117283950617 0.39453125 0.8641975308641975
1 0.3912760416666667 0.8636188271604939 0.3953993055555556 0.8659336419753086 0.39453125 0.886766975308642 0.3921440972222222 0.890625 0.3845486111111111 0.892554012345679 0.3795572916666667 0.8908179012345679 0.3832465277777778 0.8844521604938271 0.3836805555555556 0.8713348765432098 0.3910590277777778 0.8636188271604939
1 0.3226996527777778 0.7748842592592593 0.328125 0.7789351851851852 0.3298611111111111 0.7866512345679012 0.3211805555555556 0.7997685185185185 0.3179253472222222 0.7970679012345679 0.3148871527777778 0.7862654320987654 0.3177083333333333 0.7787422839506173 0.3224826388888889 0.7748842592592593
1 0.3038194444444444 0.7716049382716049 0.30859375 0.7739197530864198 0.3114149305555556 0.7814429012345679 0.3038194444444444 0.8026620370370371 0.2986111111111111 0.8038194444444444 0.2962239583333333 0.7982253086419753 0.2966579861111111 0.7808641975308642 0.3036024305555556 0.7717978395061729
1 0.3498263888888889 0.6952160493827161 0.3526475694444444 0.699266975308642 0.3511284722222222 0.7145061728395061 0.341796875 0.7297453703703703 0.3385416666666667 0.7278163580246914 0.3400607638888889 0.7235725308641975 0.3383246527777778 0.7035108024691358 0.3441840277777778 0.6961805555555556 0.349609375 0.6952160493827161
1 0.2224392361111111 0.7685185185185185 0.24479166666666666 0.7696759259259259 0.2517361111111111 0.7758487654320988 0.2502170138888889 0.7806712962962963 0.2443576388888889 0.7808641975308642 0.2380642361111111 0.7849151234567902 0.2282986111111111 0.785108024691358 0.22330729166666666 0.7746913580246914 0.2165798611111111 0.7692901234567902 0.2222222222222222 0.7685185185185185
1 0.19205729166666666 0.8059413580246914 0.19813368055555555 0.8070987654320988 0.19856770833333334 0.8099922839506173 0.19270833333333334 0.8271604938271605 0.1838107638888889 0.8074845679012346 0.1918402777777778 0.8059413580246914
1 0.2380642361111111 0.6923225308641975 0.24131944444444445 0.6948302469135802 0.244140625 0.703125 0.23697916666666666 0.7091049382716049 0.234375 0.7172067901234568 0.23133680555555555 0.71875 0.2265625 0.716820987654321 0.22721354166666666 0.7065972222222222 0.232421875 0.6959876543209876 0.2378472222222222 0.6923225308641975
1 0.23155381944444445 0.6871141975308642 0.23372395833333334 0.6890432098765432 0.23372395833333334 0.6959876543209876 0.22135416666666666 0.716820987654321 0.2185329861111111 0.7177854938271605 0.21028645833333334 0.7133487654320988 0.2094184027777778 0.7098765432098766 0.2241753472222222 0.6892361111111112 0.23133680555555555 0.6871141975308642
1 0.1134982638888889 0.951195987654321 0.1174045138888889 0.9540895061728395 0.11805555555555555 0.9633487654320988 0.11263020833333333 0.9758873456790124 0.10633680555555555 0.9818672839506173 0.10286458333333333 0.9809027777777778 0.1013454861111111 0.9778163580246914 0.10221354166666667 0.9637345679012346 0.10807291666666667 0.9533179012345679 0.11328125 0.951195987654321
1 0.16341145833333334 0.7665895061728395 0.1703559027777778 0.7692901234567902 0.17317708333333334 0.7760416666666666 0.16145833333333334 0.7926311728395061 0.1579861111111111 0.7918595679012346 0.154296875 0.7862654320987654 0.140625 0.7866512345679012 0.13975694444444445 0.7829861111111112 0.1547309027777778 0.7690972222222222 0.16319444444444445 0.7665895061728395
1 0.6202256944444444 0.39371141975308643 0.6265190972222222 0.3956404320987654 0.6312934027777778 0.40065586419753085 0.6278211805555556 0.4149305555555556 0.6234809027777778 0.41782407407407407 0.6189236111111112 0.41473765432098764 0.6200086805555556 0.39371141975308643
1 0.6334635416666666 0.38136574074074076 0.6408420138888888 0.38522376543209874 0.6438802083333334 0.3931327160493827 0.6421440972222222 0.4045138888888889 0.6404079861111112 0.4060570987654321 0.6351996527777778 0.4050925925925926 0.6297743055555556 0.38483796296296297 0.6334635416666666 0.38155864197530864
1 0.6163194444444444 0.3933256172839506 0.6184895833333334 0.39641203703703703 0.6176215277777778 0.404320987654321 0.6059027777777778 0.41608796296296297 0.6026475694444444 0.41473765432098764 0.60546875 0.40046296296296297 0.611328125 0.3940972222222222 0.6161024305555556 0.3933256172839506
1 0.6338975694444444 0.3800154320987654 0.640625 0.38483796296296297 0.6434461805555556 0.3910108024691358 0.6401909722222222 0.4060570987654321 0.6351996527777778 0.4050925925925926 0.6304253472222222 0.39544753086419754 0.6195746527777778 0.3940972222222222 0.6239149305555556 0.3871527777777778 0.6336805555555556 0.3800154320987654
1 0.4817708333333333 0.47415123456790126 0.4854600694444444 0.48128858024691357 0.4772135416666667 0.49344135802469136 0.4737413194444444 0.49189814814814814 0.4737413194444444 0.48128858024691357 0.4769965277777778 0.4756944444444444 0.4815538194444444 0.47415123456790126
1 0.6419270833333334 0.36072530864197533 0.658203125 0.3605324074074074 0.6610243055555556 0.3626543209876543 0.6579861111111112 0.3722993827160494 0.6508246527777778 0.37114197530864196 0.6475694444444444 0.3734567901234568 0.63671875 0.37210648148148145 0.6360677083333334 0.3628472222222222 0.6417100694444444 0.36072530864197533
1 0.5928819444444444 0.38213734567901236 0.5959201388888888 0.3915895061728395 0.591796875 0.4077932098765432 0.5861545138888888 0.404320987654321 0.5850694444444444 0.4002700617283951 0.5863715277777778 0.38657407407407407 0.5881076388888888 0.38348765432098764 0.5926649305555556 0.38213734567901236
1 0.5822482638888888 0.3809799382716049 0.5861545138888888 0.3836805555555556 0.5868055555555556 0.3883101851851852 0.5852864583333334 0.4025848765432099 0.58203125 0.4047067901234568 0.578125 0.4012345679012346 0.5755208333333334 0.3908179012345679 0.578125 0.38252314814814814 0.58203125 0.3809799382716049
1 0.5583767361111112 0.38078703703703703 0.5640190972222222 0.38522376543209874 0.5655381944444444 0.3904320987654321 0.5653211805555556 0.4045138888888889 0.5609809027777778 0.40760030864197533 0.5581597222222222 0.4045138888888889 0.5546875 0.38773148148148145 0.5544704861111112 0.3836805555555556 0.5581597222222222 0.38078703703703703
1 0.5542534722222222 0.3819444444444444 0.556640625 0.38348765432098764 0.5590277777777778 0.39621913580246915 0.5577256944444444 0.4060570987654321 0.5501302083333334 0.4012345679012346 0.5457899305555556 0.3908179012345679 0.5483940972222222 0.3836805555555556 0.5540364583333334 0.3819444444444444
1 0.6245659722222222 0.33699845679012347 0.6310763888888888 0.341820987654321 0.6382378472222222 0.3578317901234568 0.6302083333333334 0.359375 0.6232638888888888 0.35030864197530864 0.6197916666666666 0.35030864197530864 0.6161024305555556 0.36072530864197533 0.61328125 0.361304012345679 0.6067708333333334 0.3559027777777778 0.6069878472222222 0.3454861111111111 0.6126302083333334 0.3385416666666667 0.6243489583333334 0.33699845679012347
1 0.5850694444444444 0.2964891975308642 0.5844184027777778 0.3072916666666667 0.58203125 0.3088348765432099 0.5746527777777778 0.30690586419753085 0.5740017361111112 0.30343364197530864 0.5807291666666666 0.2966820987654321 0.5848524305555556 0.2964891975308642
1 0.6651475694444444 0.21875 0.6681857638888888 0.2208719135802469 0.6710069444444444 0.2309027777777778 0.6616753472222222 0.2349537037037037 0.65234375 0.23070987654320987 0.650390625 0.22395833333333334 0.6649305555555556 0.21875
1 0.13389756944444445 0.7663966049382716 0.13802083333333334 0.7690972222222222 0.1404079861111111 0.7762345679012346 0.13671875 0.7858796296296297 0.13368055555555555 0.7881944444444444 0.12999131944444445 0.7862654320987654 0.1267361111111111 0.7781635802469136 0.1189236111111111 0.7810570987654321 0.11284722222222222 0.7866512345679012 0.1076388888888889 0.7864583333333334 0.10503472222222222 0.7833719135802469 0.1169704861111111 0.7690972222222222 0.13368055555555555 0.7663966049382716
1 0.4047309027777778 0.41087962962962965 0.4112413194444444 0.41242283950617287 0.4131944444444444 0.42496141975308643 0.4116753472222222 0.4261188271604938 0.4079861111111111 0.4255401234567901 0.4034288194444444 0.4193672839506173 0.4016927083333333 0.4114583333333333 0.4045138888888889 0.41087962962962965
1 0.3949652777777778 0.41010802469135804 0.3982204861111111 0.41165123456790126 0.4010416666666667 0.4222608024691358 0.390625 0.4251543209876543 0.3908420138888889 0.4112654320987654 0.3947482638888889 0.41010802469135804
1 0.4533420138888889 0.3591820987654321 0.4561631944444444 0.3620756172839506 0.4533420138888889 0.38040123456790126 0.4446614583333333 0.3626543209876543 0.4461805555555556 0.3595679012345679 0.453125 0.3591820987654321
1 0.453125 0.2679398148148148 0.4568142361111111 0.27218364197530864 0.4542100694444444 0.28260030864197533 0.4459635416666667 0.2961033950617284 0.4435763888888889 0.2962962962962963 0.4411892361111111 0.2935956790123457 0.4422743055555556 0.2779706790123457 0.4455295138888889 0.2706404320987654 0.4529079861111111 0.2679398148148148
1 0.4424913194444444 0.2663966049382716 0.4457465277777778 0.2690972222222222 0.4457465277777778 0.27276234567901236 0.4411892361111111 0.2934027777777778 0.4279513888888889 0.2964891975308642 0.4320746527777778 0.29012345679012347 0.4340277777777778 0.27237654320987653 0.4377170138888889 0.26774691358024694 0.4422743055555556 0.2665895061728395
1 0.6306423611111112 0.18904320987654322 0.6369357638888888 0.19463734567901234 0.6391059027777778 0.20119598765432098 0.6349826388888888 0.21334876543209877 0.6312934027777778 0.2152777777777778 0.6219618055555556 0.1996527777777778 0.6241319444444444 0.19251543209876543 0.6304253472222222 0.18904320987654322
1 0.6078559027777778 0.18460648148148148 0.6156684027777778 0.1857638888888889 0.62109375 0.18942901234567902 0.6226128472222222 0.1996527777777778 0.6161024305555556 0.203125 0.6091579861111112 0.2023533950617284 0.5993923611111112 0.19521604938271606 0.591796875 0.19270833333333334 0.5915798611111112 0.1857638888888889 0.6076388888888888 0.18460648148148148
1 0.3728298611111111 0.18074845679012347 0.3760850694444444 0.18904320987654322 0.3665364583333333 0.2021604938271605 0.3617621527777778 0.19386574074074073 0.3617621527777778 0.1857638888888889 0.3663194444444444 0.17824074074074073 0.3697916666666667 0.17785493827160495 0.3726128472222222 0.18074845679012347
1 0.3524305555555556 0.17496141975308643 0.3563368055555556 0.17881944444444445 0.357421875 0.1886574074074074 0.3487413194444444 0.20717592592592593 0.3452690972222222 0.20717592592592593 0.3426649305555556 0.2033179012345679 0.341796875 0.18479938271604937 0.3450520833333333 0.17862654320987653 0.3522135416666667 0.17496141975308643
1 0.24110243055555555 0.21489197530864199 0.2439236111111111 0.21682098765432098 0.2439236111111111 0.22029320987654322 0.2380642361111111 0.2357253086419753 0.2282986111111111 0.21643518518518517 0.2309027777777778 0.21469907407407407 0.24088541666666666 0.21489197530864199
1 0.2862413194444444 0.17515432098765432 0.2953559027777778 0.17862654320987653 0.2966579861111111 0.1861496913580247 0.2730034722222222 0.19232253086419754 0.2699652777777778 0.19039351851851852 0.2680121527777778 0.18229166666666666 0.2615017361111111 0.17862654320987653 0.2601996527777778 0.1753472222222222 0.2860243055555556 0.1753472222222222
1 0.20703125 0.17631172839506173 0.21419270833333334 0.17939814814814814 0.2170138888888889 0.1875 0.20638020833333334 0.2021604938271605 0.203125 0.2019675925925926 0.19661458333333334 0.19637345679012347 0.185546875 0.19945987654320987 0.18294270833333334 0.19579475308641975 0.19444444444444445 0.18209876543209877 0.2068142361111111 0.17631172839506173
1 0.07465277777777778 0.8493441358024691 0.08072916666666667 0.8557098765432098 0.080078125 0.8653549382716049 0.06749131944444445 0.8910108024691358 0.06401909722222222 0.890625 0.0642361111111111 0.8767361111111112 0.06987847222222222 0.8522376543209876 0.0744357638888889 0.8493441358024691
1 0.11219618055555555 0.7189429012345679 0.12022569444444445 0.7280092592592593 0.11197916666666667 0.7295524691358025 0.10590277777777778 0.7334104938271605 0.10112847222222222 0.7274305555555556 0.08854166666666667 0.7210648148148148 0.087890625 0.7189429012345679 0.11197916666666667 0.7189429012345679
1 0.17881944444444445 0.17862654320987653 0.18359375 0.18518518518518517 0.1799045138888889 0.19810956790123457 0.17491319444444445 0.19945987654320987 0.1681857638888889 0.19039351851851852 0.15516493055555555 0.1996527777777778 0.14735243055555555 0.19945987654320987 0.1467013888888889 0.19598765432098766 0.1566840277777778 0.1849922839506173 0.16905381944444445 0.17862654320987653 0.17860243055555555 0.17862654320987653
1 0.09613715277777778 0.7567515432098766 0.11588541666666667 0.7658179012345679 0.11675347222222222 0.7690972222222222 0.10590277777777778 0.7797067901234568 0.09852430555555555 0.7766203703703703 0.09895833333333333 0.7725694444444444 0.0959201388888889 0.7708333333333334 0.09071180555555555 0.7714120370370371 0.08832465277777778 0.7758487654320988 0.08311631944444445 0.7652391975308642 0.08246527777777778 0.7621527777777778 0.08832465277777778 0.7571373456790124 0.0959201388888889 0.7567515432098766
1 0.0646701388888889 0.7575231481481481 0.0857204861111111 0.7606095679012346 0.0900607638888889 0.7654320987654321 0.09092881944444445 0.7689043209876543 0.08680555555555555 0.7760416666666666 0.0779079861111111 0.783179012345679 0.07421875 0.7827932098765432 0.07682291666666667 0.7791280864197531 0.07313368055555555 0.7741126543209876 0.06401909722222222 0.7700617283950617 0.0661892361111111 0.7654320987654321 0.06076388888888889 0.7581018518518519 0.064453125 0.7575231481481481
1 0.09613715277777778 0.7569444444444444 0.11414930555555555 0.7654320987654321 0.1154513888888889 0.7690972222222222 0.11284722222222222 0.7727623456790124 0.1056857638888889 0.7777777777777778 0.1015625 0.7758487654320988 0.10091145833333333 0.7717978395061729 0.091796875 0.7712191358024691 0.0859375 0.779320987654321 0.07942708333333333 0.7833719135802469 0.0642361111111111 0.7880015432098766 0.060546875 0.7820216049382716 0.06315104166666667 0.7689043209876543 0.0661892361111111 0.7654320987654321 0.060980902777777776 0.7584876543209876 0.0822482638888889 0.7604166666666666 0.08897569444444445 0.7571373456790124 0.0959201388888889 0.7569444444444444
1 0.0642361111111111 0.7577160493827161 0.08506944444444445 0.7615740740740741 0.0900607638888889 0.7687114197530864 0.0857204861111111 0.7797067901234568 0.0646701388888889 0.7907021604938271 0.059895833333333336 0.7866512345679012 0.06228298611111111 0.7690972222222222 0.0666232638888889 0.765625 0.061197916666666664 0.7586805555555556 0.06401909722222222 0.7577160493827161
1 0.06640625 0.7582947530864198 0.0857204861111111 0.7613811728395061 0.09309895833333333 0.7689043209876543 0.09049479166666667 0.7700617283950617 0.08637152777777778 0.7795138888888888 0.07161458333333333 0.7893518518518519 0.0642361111111111 0.7916666666666666 0.06032986111111111 0.7899305555555556 0.05946180555555555 0.7791280864197531 0.061848958333333336 0.7690972222222222 0.0666232638888889 0.765625 0.06141493055555555 0.7584876543209876 0.0661892361111111 0.7582947530864198
1 0.06987847222222222 0.7671682098765432 0.08138020833333333 0.7717978395061729 0.08506944444444445 0.7714120370370371 0.08702256944444445 0.7764274691358025 0.07118055555555555 0.7907021604938271 0.064453125 0.7926311728395061 0.06076388888888889 0.7926311728395061 0.059244791666666664 0.7897376543209876 0.05967881944444445 0.7764274691358025 0.061848958333333336 0.7689043209876543 0.06966145833333333 0.7671682098765432
1 0.07161458333333333 0.7170138888888888 0.07899305555555555 0.7185570987654321 0.0779079861111111 0.7322530864197531 0.07465277777777778 0.7316743827160493 0.06727430555555555 0.7237654320987654 0.06727430555555555 0.7181712962962963 0.07139756944444445 0.7170138888888888
1 0.7628038194444444 0 0.80078125 0 0.8059895833333334 0.01890432098765432 0.8094618055555556 0.022569444444444444 0.8072916666666666 0.024498456790123458 0.7934027777777778 0.015432098765432098 0.7866753472222222 0.013503086419753086 0.7795138888888888 0.016203703703703703 0.7628038194444444 0.00019290123456790122
1 0.4012586805555556 0.09239969135802469 0.4055989583333333 0.09529320987654322 0.4095052083333333 0.10262345679012345 0.4064670138888889 0.11940586419753087 0.4040798611111111 0.12172067901234568 0.3986545138888889 0.12037037037037036 0.396484375 0.11284722222222222 0.3951822916666667 0.09567901234567901 0.4010416666666667 0.09239969135802469
1 0.3912760416666667 0.09471450617283951 0.3962673611111111 0.09741512345679013 0.3973524305555556 0.1111111111111111 0.3836805555555556 0.13136574074074073 0.3819444444444444 0.10513117283950617 0.3856336805555556 0.09780092592592593 0.3910590277777778 0.09471450617283951
1 0.2808159722222222 0.09625771604938271 0.2849392361111111 0.09895833333333333 0.2875434027777778 0.10609567901234568 0.2810329861111111 0.11149691358024691 0.2762586805555556 0.12114197530864197 0.2727864583333333 0.12249228395061729 0.2693142361111111 0.12017746913580248 0.271484375 0.10262345679012345 0.2771267361111111 0.09683641975308642 0.2805989583333333 0.09625771604938271
1 0.2727864583333333 0.09162808641975309 0.2758246527777778 0.09220679012345678 0.2769097222222222 0.09857253086419752 0.2701822916666667 0.11246141975308642 0.2621527777777778 0.12210648148148148 0.2586805555555556 0.12172067901234568 0.2528211805555556 0.11631944444444445 0.2530381944444444 0.11323302469135803 0.2660590277777778 0.0939429012345679 0.2725694444444444 0.09162808641975309
1 0.050130208333333336 0.7592592592592593 0.06228298611111111 0.7689043209876543 0.06228298611111111 0.7727623456790124 0.05881076388888889 0.7839506172839507 0.046875 0.7951388888888888 0.04318576388888889 0.7943672839506173 0.042534722222222224 0.7864583333333334 0.046223958333333336 0.7698688271604939 0.045572916666666664 0.7615740740740741 0.046875 0.7590663580246914 0.04991319444444445 0.7592592592592593
1 0.0724826388888889 0.42727623456790126 0.0857204861111111 0.43074845679012347 0.0954861111111111 0.4419367283950617 0.09700520833333333 0.4591049382716049 0.09526909722222222 0.4670138888888889 0.09223090277777778 0.46875 0.078125 0.4670138888888889 0.07096354166666667 0.4635416666666667 0.06401909722222222 0.4538966049382716 0.055989583333333336 0.4546682098765432 0.050347222222222224 0.46045524691358025 0.046875 0.4581404320987654 0.047526041666666664 0.44907407407407407 0.058159722222222224 0.4288194444444444 0.072265625 0.42727623456790126
1 0.1388888888888889 0.16956018518518517 0.14735243055555555 0.1716820987654321 0.1586371527777778 0.17843364197530864 0.158203125 0.18287037037037038 0.1508246527777778 0.18942901234567902 0.140625 0.1880787037037037 0.1304253472222222 0.18306327160493827 0.12261284722222222 0.17554012345679013 0.12955729166666666 0.1705246913580247 0.138671875 0.16956018518518517
1 0.10590277777777778 0.17341820987654322 0.11263020833333333 0.17515432098765432 0.1267361111111111 0.17418981481481483 0.1325954861111111 0.18171296296296297 0.126953125 0.19463734567901234 0.10590277777777778 0.20698302469135801 0.1017795138888889 0.20003858024691357 0.1032986111111111 0.18557098765432098 0.10677083333333333 0.18209876543209877 0.10677083333333333 0.17862654320987653 0.10221354166666667 0.17457561728395063 0.1056857638888889 0.17341820987654322
1 0.12999131944444445 0.1722608024691358 0.13346354166666666 0.18209876543209877 0.12825520833333334 0.19386574074074073 0.10590277777777778 0.20794753086419754 0.1017795138888889 0.2033179012345679 0.10199652777777778 0.19290123456790123 0.10677083333333333 0.17920524691358025 0.10243055555555555 0.17418981481481483 0.11805555555555555 0.17515432098765432 0.12999131944444445 0.1724537037037037
1 0.08875868055555555 0.17573302469135801 0.09244791666666667 0.17650462962962962 0.1037326388888889 0.1869212962962963 0.10069444444444445 0.1996527777777778 0.08528645833333333 0.21257716049382716 0.0837673611111111 0.20640432098765432 0.08702256944444445 0.1865354938271605 0.0857204861111111 0.17862654320987653 0.08854166666666667 0.17573302469135801
1 0.1482204861111111 0.12924382716049382 0.1540798611111111 0.13078703703703703 0.1623263888888889 0.140625 0.15364583333333334 0.1415895061728395 0.14756944444444445 0.14525462962962962 0.142578125 0.1396604938271605 0.1284722222222222 0.13387345679012347 0.1265190972222222 0.13020833333333334 0.1480034722222222 0.12924382716049382
1 0.043619791666666664 0.7172067901234568 0.04991319444444445 0.7197145061728395 0.050347222222222224 0.7268518518518519 0.043619791666666664 0.7307098765432098 0.03884548611111111 0.7445987654320988 0.03298611111111111 0.7523148148148148 0.029296875 0.7476851851851852 0.027994791666666668 0.7220293209876543 0.03298611111111111 0.7173996913580247 0.043402777777777776 0.7172067901234568
1 0.701171875 0 0.7107204861111112 0 0.7072482638888888 0.008680555555555556 0.7029079861111112 0.006558641975308642 0.701171875 0.00019290123456790122
1 0.11957465277777778 0.13001543209876543 0.11979166666666667 0.14583333333333334 0.111328125 0.14351851851851852 0.10698784722222222 0.13387345679012347 0.109375 0.13155864197530864 0.1193576388888889 0.13020833333333334
1 0.0861545138888889 0.13252314814814814 0.08984375 0.13406635802469136 0.09092881944444445 0.1440972222222222 0.0842013888888889 0.14621913580246915 0.078125 0.16280864197530864 0.0720486111111111 0.16763117283950618 0.06901041666666667 0.16165123456790123 0.06749131944444445 0.14429012345679013 0.06901041666666667 0.13522376543209877 0.07096354166666667 0.13329475308641975 0.0859375 0.13252314814814814
1 0.4709201388888889 0.47704475308641975 0.4737413194444444 0.4809027777777778 0.4741753472222222 0.4893904320987654 0.4704861111111111 0.4982638888888889 0.4663628472222222 0.498070987654321 0.4641927083333333 0.4837962962962963 0.4670138888888889 0.4774305555555556 0.470703125 0.47704475308641975
1 0.353515625 0.6957947530864198 0.3524305555555556 0.7108410493827161 0.3543836805555556 0.720679012345679 0.3559027777777778 0.7224151234567902 0.359375 0.7237654320987654 0.3626302083333333 0.7204861111111112 0.3634982638888889 0.7135416666666666 0.3656684027777778 0.7067901234567902 0.3654513888888889 0.7029320987654321 0.3637152777777778 0.6983024691358025 0.3595920138888889 0.6936728395061729 0.3556857638888889 0.6925154320987654
1 0.7536892361111112 0.6043595679012346 0.7610677083333334 0.611304012345679 0.7651909722222222 0.6286651234567902 0.7693142361111112 0.6332947530864198 0.767578125 0.6361882716049383 0.7549913194444444 0.6259645061728395 0.7515190972222222 0.6282793209876543 0.7417534722222222 0.6147762345679012 0.7408854166666666 0.6087962962962963 0.7454427083333334 0.6053240740740741 0.7504340277777778 0.6072530864197531 0.7534722222222222 0.6043595679012346
1 0.7200520833333334 0.5989583333333334 0.7194010416666666 0.6016589506172839 0.7198350694444444 0.6057098765432098 0.7222222222222222 0.6105324074074074 0.7330729166666666 0.6186342592592593 0.7369791666666666 0.6244212962962963 0.7378472222222222 0.6248070987654321 0.7417534722222222 0.6234567901234568 0.7437065972222222 0.6195987654320988 0.7430555555555556 0.6118827160493827 0.7445746527777778 0.6062885802469136 0.7419704861111112 0.6024305555555556 0.734375 0.5981867283950617 0.7237413194444444 0.5970293209876543