1 0.6647135416666666 0.9720293209876543 0.6729600694444444 0.9743441358024691 0.6731770833333334 0.9772376543209876 0.6686197916666666 0.9828317901234568 0.6614583333333334 0.9859182098765432 0.6577690972222222 0.9903549382716049 0.654296875 0.9901620370370371 0.6499565972222222 0.9861111111111112 0.6490885416666666 0.9774305555555556 0.6644965277777778 0.9722222222222222
1 0.6662326388888888 0.9577546296296297 0.6690538194444444 0.9598765432098766 0.6684027777777778 0.9641203703703703 0.6629774305555556 0.9704861111111112 0.6473524305555556 0.9633487654320988 0.6438802083333334 0.9594907407407407 0.6469184027777778 0.9577546296296297 0.666015625 0.9577546296296297
1 0.6258680555555556 0.9766589506172839 0.6334635416666666 0.9793595679012346 0.6378038194444444 0.984375 0.6378038194444444 0.9911265432098766 0.6345486111111112 0.9922839506172839 0.626953125 0.9918981481481481 0.6176215277777778 0.9872685185185185 0.6163194444444444 0.984375 0.6197916666666666 0.9780092592592593 0.6256510416666666 0.9766589506172839
1 0.6063368055555556 0.9859182098765432 0.61328125 0.9905478395061729 0.6148003472222222 0.9998070987654321 0.5948350694444444 0.9998070987654321 0.59765625 0.9886188271604939 0.6061197916666666 0.9859182098765432
1 0.5713975694444444 0.9841820987654321 0.5785590277777778 0.9888117283950617 0.58203125 0.9998070987654321 0.5690104166666666 0.9998070987654321 0.5687934027777778 0.9876543209876543 0.5711805555555556 0.9841820987654321
1 0.5939670138888888 0.9577546296296297 0.6063368055555556 0.9579475308641975 0.6091579861111112 0.9596836419753086 0.6063368055555556 0.9710648148148148 0.5948350694444444 0.9702932098765432 0.5883246527777778 0.9600694444444444 0.59375 0.9577546296296297
1 0.5735677083333334 0.9859182098765432 0.5789930555555556 0.9911265432098766 0.5813802083333334 0.9998070987654321 0.5672743055555556 0.9998070987654321 0.5672743055555556 0.9878472222222222 0.5709635416666666 0.9839891975308642 0.5733506944444444 0.9859182098765432
1 0.5850694444444444 0.9753086419753086 0.5911458333333334 0.9841820987654321 0.5902777777777778 0.9998070987654321 0.5828993055555556 0.9998070987654321 0.5789930555555556 0.9915123456790124 0.5713975694444444 0.9870756172839507 0.5711805555555556 0.984375 0.578125 0.9758873456790124 0.5848524305555556 0.9753086419753086
1 0.5405815972222222 0.9785879629629629 0.5457899305555556 0.9841820987654321 0.5421006944444444 0.9998070987654321 0.53125 0.9998070987654321 0.5355902777777778 0.9797453703703703 0.5403645833333334 0.9785879629629629
1 0.5642361111111112 0.9878472222222222 0.5674913194444444 0.9913194444444444 0.5666232638888888 0.9998070987654321 0.5531684027777778 0.9998070987654321 0.5562065972222222 0.9899691358024691 0.5640190972222222 0.9878472222222222
1 0.5297309027777778 0.9749228395061729 0.5390625 0.9809027777777778 0.5360243055555556 0.9839891975308642 0.5329861111111112 0.9998070987654321 0.5282118055555556 0.9998070987654321 0.5245225694444444 0.9876543209876543 0.5247395833333334 0.9803240740740741 0.5295138888888888 0.9749228395061729
1 0.5616319444444444 0.9328703703703703 0.5661892361111112 0.935570987654321 0.5657552083333334 0.9444444444444444 0.5564236111111112 0.953125 0.5503472222222222 0.9558256172839507 0.5386284722222222 0.9457947530864198 0.5434027777777778 0.9405864197530864 0.5614149305555556 0.9328703703703703
1 0.5054253472222222 0.9741512345679012 0.5084635416666666 0.9747299382716049 0.5130208333333334 0.9809027777777778 0.5130208333333334 0.9998070987654321 0.5008680555555556 0.9998070987654321 0.4945746527777778 0.9847608024691358 0.4967447916666667 0.9776234567901234 0.5052083333333334 0.9741512345679012
1 0.5327690972222222 0.8952546296296297 0.5345052083333334 0.8973765432098766 0.5329861111111112 0.9083719135802469 0.5295138888888888 0.9037422839506173 0.5212673611111112 0.904320987654321 0.5286458333333334 0.8966049382716049 0.5325520833333334 0.8954475308641975
1 0.5620659722222222 0.7864583333333334 0.5709635416666666 0.7893518518518519 0.5735677083333334 0.7932098765432098 0.5716145833333334 0.8028549382716049 0.5642361111111112 0.8057484567901234 0.5570746527777778 0.8038194444444444 0.5518663194444444 0.7982253086419753 0.5431857638888888 0.7966820987654321 0.5401475694444444 0.7899305555555556 0.5618489583333334 0.7864583333333334
1 0.4053819444444444 0.9529320987654321 0.4069010416666667 0.9564043209876543 0.4047309027777778 0.9602623456790124 0.4045138888888889 0.9720293209876543 0.4016927083333333 0.9731867283950617 0.3943142361111111 0.9560185185185185 0.3958333333333333 0.9529320987654321 0.4051649305555556 0.9529320987654321
1 0.3917100694444444 0.8640046296296297 0.4045138888888889 0.8647762345679012 0.4073350694444444 0.8697916666666666 0.4058159722222222 0.8786651234567902 0.3973524305555556 0.8966049382716049 0.3910590277777778 0.8913966049382716 0.3834635416666667 0.8929398148148148 0.3823784722222222 0.8910108024691358 0.3849826388888889 0.8854166666666666 0.3838975694444444 0.873070987654321 0.3869357638888889 0.8663194444444444 0.3914930555555556 0.8640046296296297
1 0.7521701388888888 0.6049382716049383 0.7565104166666666 0.6059027777777778 0.7619357638888888 0.6120756172839507 0.7641059027777778 0.6263503086419753 0.7680121527777778 0.6302083333333334 0.7673611111111112 0.6329089506172839 0.7482638888888888 0.6232638888888888 0.7452256944444444 0.6197916666666666 0.7471788194444444 0.6059027777777778 0.751953125 0.6049382716049383
1 0.728515625 0.5981867283950617 0.7584635416666666 0.6078317901234568 0.7619357638888888 0.6124614197530864 0.7641059027777778 0.6267361111111112 0.7688802083333334 0.6336805555555556 0.7447916666666666 0.6215277777777778 0.7378472222222222 0.6259645061728395 0.7326388888888888 0.6178626543209876 0.7209201388888888 0.6091820987654321 0.7228732638888888 0.6022376543209876 0.7282986111111112 0.5981867283950617
1 0.392578125 0.8630401234567902 0.3953993055555556 0.8659336419753086 0.3953993055555556 0.8721064814814815 0.3919270833333333 0.8904320987654321 0.3838975694444444 0.8937114197530864 0.3817274305555556 0.8912037037037037 0.3838975694444444 0.8869598765432098 0.3838975694444444 0.8703703703703703 0.3873697916666667 0.8647762345679012 0.3923611111111111 0.8630401234567902
1 0.3229166666666667 0.7750771604938271 0.3279079861111111 0.7783564814814815 0.3298611111111111 0.7829861111111112 0.3283420138888889 0.7899305555555556 0.3209635416666667 0.7993827160493827 0.3172743055555556 0.7986111111111112 0.314453125 0.7860725308641975 0.3177083333333333 0.7789351851851852 0.3226996527777778 0.7750771604938271
1 0.3563368055555556 0.6925154320987654 0.3608940972222222 0.6950231481481481 0.3656684027777778 0.703125 0.3621961805555556 0.7202932098765432 0.3591579861111111 0.7235725308641975 0.353515625 0.7210648148148148 0.3509114583333333 0.7102623456790124 0.3515625 0.6965663580246914 0.3561197916666667 0.6925154320987654
1 0.3036024305555556 0.7712191358024691 0.3098958333333333 0.7758487654320988 0.3111979166666667 0.7814429012345679 0.3042534722222222 0.8009259259259259 0.3009982638888889 0.8028549382716049 0.2966579861111111 0.8015046296296297 0.2957899305555556 0.7872299382716049 0.2964409722222222 0.7795138888888888 0.3036024305555556 0.7714120370370371
1 0.3506944444444444 0.6957947530864198 0.3522135416666667 0.7035108024691358 0.3504774305555556 0.7172067901234568 0.3420138888888889 0.7295524691358025 0.3385416666666667 0.7309027777777778 0.3383246527777778 0.7033179012345679 0.3448350694444444 0.6957947530864198 0.3504774305555556 0.6957947530864198
1 0.2204861111111111 0.7685185185185185 0.2445746527777778 0.769483024691358 0.2513020833333333 0.7750771604938271 0.2504340277777778 0.7802854938271605 0.2380642361111111 0.7847222222222222 0.2282986111111111 0.7853009259259259 0.2248263888888889 0.7768132716049383 0.216796875 0.7700617283950617 0.2202690972222222 0.7685185185185185
1 0.1916232638888889 0.8057484567901234 0.19835069444444445 0.8070987654320988 0.19249131944444445 0.8265817901234568 0.1892361111111111 0.8254243827160493 0.1833767361111111 0.8074845679012346 0.1857638888888889 0.8055555555555556 0.19140625 0.8057484567901234
1 0.234375 0.6884645061728395 0.2406684027777778 0.6915509259259259 0.24500868055555555 0.7029320987654321 0.23828125 0.7091049382716049 0.234375 0.7179783950617284 0.22938368055555555 0.71875 0.2263454861111111 0.7143132716049383 0.22721354166666666 0.7046682098765432 0.2341579861111111 0.6886574074074074
1 0.22916666666666666 0.6873070987654321 0.23697916666666666 0.6892361111111112 0.24131944444444445 0.6954089506172839 0.24305555555555555 0.703125 0.23567708333333334 0.7091049382716049 0.2341579861111111 0.7170138888888888 0.23046875 0.7175925925925926 0.22916666666666666 0.7135416666666666 0.2269965277777778 0.7131558641975309 0.220703125 0.7179783950617284 0.21614583333333334 0.7170138888888888 0.21223958333333334 0.7065972222222222 0.2289496527777778 0.6873070987654321
1 0.16493055555555555 0.7663966049382716 0.1716579861111111 0.7708333333333334 0.17317708333333334 0.7764274691358025 0.16124131944444445 0.793016975308642 0.15755208333333334 0.7920524691358025 0.1545138888888889 0.7866512345679012 0.14366319444444445 0.7878086419753086 0.13997395833333334 0.7862654320987654 0.15104166666666666 0.7716049382716049 0.1579861111111111 0.7669753086419753 0.16471354166666666 0.7663966049382716
1 0.7291666666666666 0.5981867283950617 0.7432725694444444 0.6022376543209876 0.7476128472222222 0.6057098765432098 0.7458767361111112 0.6197916666666666 0.7380642361111112 0.6261574074074074 0.732421875 0.6180555555555556 0.7209201388888888 0.609375 0.7239583333333334 0.6003086419753086 0.7289496527777778 0.5981867283950617
1 0.6825086805555556 0.5032793209876543 0.6903211805555556 0.5050154320987654 0.6901041666666666 0.5135030864197531 0.6848958333333334 0.5152391975308642 0.6881510416666666 0.5171682098765432 0.6901041666666666 0.5223765432098766 0.6746961805555556 0.5212191358024691 0.6512586805555556 0.5279706790123457 0.6490885416666666 0.5262345679012346 0.650390625 0.5181327160493827 0.6473524305555556 0.5123456790123457 0.6488715277777778 0.5086805555555556 0.6686197916666666 0.5106095679012346 0.6751302083333334 0.5042438271604939 0.6822916666666666 0.5032793209876543
1 0.6929253472222222 0.4712577160493827 0.6968315972222222 0.4737654320987654 0.6970486111111112 0.48919753086419754 0.7039930555555556 0.49421296296296297 0.7029079861111112 0.4998070987654321 0.6920572916666666 0.49459876543209874 0.6877170138888888 0.47627314814814814 0.6885850694444444 0.47337962962962965 0.6927083333333334 0.4712577160493827
1 0.6825086805555556 0.47492283950617287 0.6872829861111112 0.4793595679012346 0.69140625 0.4974922839506173 0.6859809027777778 0.5005787037037037 0.681640625 0.49691358024691357 0.6768663194444444 0.4841820987654321 0.6786024305555556 0.4774305555555556 0.6822916666666666 0.47492283950617287
1 0.611328125 0.5057870370370371 0.6299913194444444 0.5069444444444444 0.6321614583333334 0.5133101851851852 0.6306423611111112 0.5160108024691358 0.6193576388888888 0.5146604938271605 0.6100260416666666 0.5190972222222222 0.6056857638888888 0.5187114197530864 0.607421875 0.5077160493827161 0.6111111111111112 0.5057870370370371
1 0.6382378472222222 0.4670138888888889 0.6432291666666666 0.47337962962962965 0.6414930555555556 0.4870756172839506 0.6338975694444444 0.4886188271604938 0.6265190972222222 0.484375 0.6267361111111112 0.4737654320987654 0.6302083333333334 0.4685570987654321 0.6380208333333334 0.4670138888888889
1 0.5687934027777778 0.5034722222222222 0.5707465277777778 0.5050154320987654 0.5700954861111112 0.5160108024691358 0.5744357638888888 0.5241126543209876 0.5674913194444444 0.5241126543209876 0.564453125 0.5264274691358025 0.5614149305555556 0.5260416666666666 0.5627170138888888 0.5185185185185185 0.5553385416666666 0.5052083333333334 0.5685763888888888 0.5034722222222222
1 0.5926649305555556 0.47627314814814814 0.6028645833333334 0.4818672839506173 0.6043836805555556 0.4876543209876543 0.6022135416666666 0.49016203703703703 0.5933159722222222 0.48919753086419754 0.5885416666666666 0.4947916666666667 0.5850694444444444 0.49247685185185186 0.5835503472222222 0.4841820987654321 0.5872395833333334 0.47800925925925924 0.5924479166666666 0.47627314814814814
1 0.5546875 0.47550154320987653 0.5581597222222222 0.47897376543209874 0.5588107638888888 0.4841820987654321 0.5536024305555556 0.49594907407407407 0.5503472222222222 0.4976851851851852 0.5481770833333334 0.4949845679012346 0.5473090277777778 0.4809027777777778 0.5544704861111112 0.47550154320987653
1 0.615234375 0.43962191358024694 0.6221788194444444 0.4461805555555556 0.6236979166666666 0.455054012345679 0.6278211805555556 0.4565972222222222 0.6202256944444444 0.46064814814814814 0.609375 0.45100308641975306 0.5983072916666666 0.46064814814814814 0.5985243055555556 0.4527391975308642 0.5861545138888888 0.4461805555555556 0.6150173611111112 0.43962191358024694
1 0.7176649305555556 0.3753858024691358 0.7269965277777778 0.3802083333333333 0.7202690972222222 0.38753858024691357 0.7120225694444444 0.38850308641975306 0.7098524305555556 0.3948688271604938 0.7074652777777778 0.3958333333333333 0.7013888888888888 0.3904320987654321 0.7003038194444444 0.38329475308641975 0.703125 0.3800154320987654 0.7174479166666666 0.3753858024691358
1 0.6827256944444444 0.38310185185185186 0.6903211805555556 0.390625 0.6903211805555556 0.3958333333333333 0.6866319444444444 0.39795524691358025 0.6807725694444444 0.39718364197530864 0.6681857638888888 0.3908179012345679 0.6716579861111112 0.38329475308641975 0.6825086805555556 0.38310185185185186
1 0.6586371527777778 0.3913966049382716 0.6657986111111112 0.39602623456790126 0.6684027777777778 0.4010416666666667 0.6684027777777778 0.4085648148148148 0.666015625 0.4095293209876543 0.6467013888888888 0.4045138888888889 0.6467013888888888 0.39776234567901236 0.6490885416666666 0.3940972222222222 0.6584201388888888 0.3913966049382716
1 0.7111545138888888 0.3601466049382716 0.7170138888888888 0.3603395061728395 0.7189670138888888 0.36246141975308643 0.7176649305555556 0.3738425925925926 0.6979166666666666 0.36612654320987653 0.6953125 0.3630401234567901 0.6970486111111112 0.36072530864197533 0.7109375 0.3601466049382716
1 0.6204427083333334 0.39351851851851855 0.6273871527777778 0.39621913580246915 0.6315104166666666 0.40065586419753085 0.6280381944444444 0.41512345679012347 0.6232638888888888 0.4185956790123457 0.6184895833333334 0.41512345679012347 0.6202256944444444 0.39351851851851855
1 0.6334635416666666 0.3809799382716049 0.6410590277777778 0.3854166666666667 0.6443142361111112 0.39351851851851855 0.6421440972222222 0.40489969135802467 0.6371527777777778 0.4068287037037037 0.6332465277777778 0.4050925925925926 0.6284722222222222 0.3871527777777778 0.6295572916666666 0.38348765432098764 0.6334635416666666 0.38117283950617287
1 0.6167534722222222 0.3933256172839506 0.6189236111111112 0.39679783950617287 0.6180555555555556 0.404320987654321 0.6061197916666666 0.41608796296296297 0.6028645833333334 0.41473765432098764 0.6052517361111112 0.40084876543209874 0.611328125 0.3940972222222222 0.6165364583333334 0.3933256172839506
1 0.6360677083333334 0.3802083333333333 0.6421440972222222 0.38657407407407407 0.6440972222222222 0.3933256172839506 0.6421440972222222 0.404320987654321 0.6371527777777778 0.4064429012345679 0.6343315972222222 0.4047067901234568 0.6299913194444444 0.3950617283950617 0.6215277777777778 0.39274691358024694 0.62890625 0.38252314814814814 0.6358506944444444 0.3802083333333333
1 0.4815538194444444 0.4739583333333333 0.4850260416666667 0.47723765432098764 0.4854600694444444 0.4810956790123457 0.4772135416666667 0.49344135802469136 0.4737413194444444 0.49266975308641975 0.4735243055555556 0.4816743827160494 0.4772135416666667 0.47530864197530864 0.4813368055555556 0.4739583333333333
1 0.470703125 0.47685185185185186 0.4737413194444444 0.4807098765432099 0.4741753472222222 0.4903549382716049 0.4713541666666667 0.49787808641975306 0.4672309027777778 0.4990354938271605 0.4639756944444444 0.4841820987654321 0.466796875 0.47762345679012347 0.4704861111111111 0.47685185185185186
1 0.6577690972222222 0.3605324074074074 0.6610243055555556 0.36246141975308643 0.6595052083333334 0.3713348765432099 0.6579861111111112 0.3734567901234568 0.6519097222222222 0.3744212962962963 0.6456163194444444 0.37287808641975306 0.6391059027777778 0.3626543209876543 0.6575520833333334 0.36072530864197533
1 0.5922309027777778 0.38425925925925924 0.5967881944444444 0.3871527777777778 0.5970052083333334 0.3931327160493827 0.5952690972222222 0.4010416666666667 0.5885416666666666 0.4074074074074074 0.5835503472222222 0.404320987654321 0.5837673611111112 0.4012345679012346 0.5861545138888888 0.3975694444444444 0.5870225694444444 0.3869598765432099 0.5920138888888888 0.38425925925925924
1 0.5822482638888888 0.3809799382716049 0.5872395833333334 0.3869598765432099 0.5850694444444444 0.4054783950617284 0.5783420138888888 0.40219907407407407 0.5755208333333334 0.3910108024691358 0.578125 0.38252314814814814 0.58203125 0.3809799382716049
1 0.5572916666666666 0.38059413580246915 0.560546875 0.38117283950617287 0.5651041666666666 0.3869598765432099 0.5642361111111112 0.40625 0.5601128472222222 0.4077932098765432 0.5555555555555556 0.4012345679012346 0.552734375 0.3836805555555556 0.5570746527777778 0.38078703703703703
1 0.5575086805555556 0.38213734567901236 0.5614149305555556 0.3836805555555556 0.560546875 0.3939043209876543 0.5618489583333334 0.3869598765432099 0.564453125 0.3879243827160494 0.5642361111111112 0.4045138888888889 0.5607638888888888 0.4068287037037037 0.5525173611111112 0.40412808641975306 0.5457899305555556 0.3910108024691358 0.548828125 0.38348765432098764 0.5572916666666666 0.38213734567901236
1 0.626953125 0.3393132716049383 0.6328125 0.3452932098765432 0.6302083333333334 0.3618827160493827 0.6247829861111112 0.3603395061728395 0.6195746527777778 0.3460648148148148 0.62109375 0.3404706790123457 0.6267361111111112 0.3393132716049383
1 0.61328125 0.33564814814814814 0.6171875 0.3385416666666667 0.6174045138888888 0.345679012345679 0.6091579861111112 0.3549382716049383 0.6026475694444444 0.3582175925925926 0.5987413194444444 0.3570601851851852 0.5952690972222222 0.35050154320987653 0.5891927083333334 0.3487654320987654 0.5985243055555556 0.34162808641975306 0.6130642361111112 0.33564814814814814
1 0.5855034722222222 0.2962962962962963 0.5837673611111112 0.3072916666666667 0.5815972222222222 0.30844907407407407 0.57421875 0.30709876543209874 0.5737847222222222 0.3038194444444444 0.5802951388888888 0.2966820987654321 0.5852864583333334 0.2962962962962963
1 0.6651475694444444 0.2185570987654321 0.6681857638888888 0.22029320987654322 0.6705729166666666 0.2309027777777778 0.6614583333333334 0.2351466049382716 0.6521267361111112 0.23051697530864199 0.6506076388888888 0.22357253086419754 0.6649305555555556 0.2185570987654321
1 0.6304253472222222 0.1888503086419753 0.6354166666666666 0.19251543209876543 0.6388888888888888 0.19907407407407407 0.6349826388888888 0.21354166666666666 0.6312934027777778 0.2152777777777778 0.6217447916666666 0.19984567901234568 0.6236979166666666 0.19290123456790123 0.6302083333333334 0.1888503086419753
1 0.1271701388888889 0.765625 0.13671875 0.7687114197530864 0.14149305555555555 0.7758487654320988 0.140625 0.7853009259259259 0.13411458333333334 0.7881944444444444 0.1304253472222222 0.7864583333333334 0.1267361111111111 0.7785493827160493 0.119140625 0.7808641975308642 0.11263020833333333 0.7872299382716049 0.10894097222222222 0.7864583333333334 0.11631944444444445 0.7671682098765432 0.126953125 0.765625
1 0.10894097222222222 0.7621527777777778 0.11284722222222222 0.763695987654321 0.11957465277777778 0.7582947530864198 0.12044270833333333 0.7652391975308642 0.12608506944444445 0.7689043209876543 0.1228298611111111 0.7727623456790124 0.1271701388888889 0.7758487654320988 0.11328125 0.7866512345679012 0.109375 0.7870370370370371 0.10894097222222222 0.7623456790123457
1 0.07161458333333333 0.8449074074074074 0.08116319444444445 0.8520447530864198 0.08159722222222222 0.859375 0.07769097222222222 0.8726851851851852 0.06749131944444445 0.890625 0.06488715277777778 0.8910108024691358 0.0642361111111111 0.8734567901234568 0.06922743055555555 0.8559027777777778 0.06705729166666667 0.8470293209876543 0.07139756944444445 0.8449074074074074
1 0.10460069444444445 0.7584876543209876 0.1154513888888889 0.7652391975308642 0.11284722222222222 0.7752700617283951 0.1095920138888889 0.7760416666666666 0.10590277777777778 0.7725694444444444 0.10243055555555555 0.7756558641975309 0.09852430555555555 0.7748842592592593 0.095703125 0.7515432098765432 0.09917534722222222 0.7453703703703703 0.10438368055555555 0.7584876543209876
1 0.10590277777777778 0.7173996913580247 0.11241319444444445 0.7185570987654321 0.11979166666666667 0.7285879629629629 0.109375 0.7299382716049383 0.10416666666666667 0.720679012345679 0.1056857638888889 0.7175925925925926
1 0.09635416666666667 0.7175925925925926 0.11241319444444445 0.71875 0.12022569444444445 0.7274305555555556 0.109375 0.7297453703703703 0.1052517361111111 0.7253086419753086 0.09874131944444445 0.7309027777777778 0.0876736111111111 0.720679012345679 0.08854166666666667 0.7179783950617284 0.09613715277777778 0.7175925925925926
1 0.1013454861111111 0.7173996913580247 0.10481770833333333 0.7201003086419753 0.10481770833333333 0.7237654320987654 0.09895833333333333 0.7312885802469136 0.091796875 0.7266589506172839 0.08723958333333333 0.7202932098765432 0.08832465277777778 0.7175925925925926 0.10112847222222222 0.7173996913580247
1 0.4075520833333333 0.4112654320987654 0.4114583333333333 0.4131944444444444 0.4131944444444444 0.4243827160493827 0.4114583333333333 0.4261188271604938 0.4073350694444444 0.4251543209876543 0.4021267361111111 0.41512345679012347 0.4021267361111111 0.4112654320987654 0.4073350694444444 0.4112654320987654
1 0.4058159722222222 0.41107253086419754 0.4114583333333333 0.4131944444444444 0.4131944444444444 0.423804012345679 0.4114583333333333 0.4261188271604938 0.4075520833333333 0.4253472222222222 0.4032118055555556 0.41878858024691357 0.4016927083333333 0.4114583333333333 0.4055989583333333 0.41107253086419754
1 0.3947482638888889 0.41030092592592593 0.3982204861111111 0.41184413580246915 0.4010416666666667 0.421875 0.390625 0.4253472222222222 0.3888888888888889 0.4228395061728395 0.3917100694444444 0.4182098765432099 0.390625 0.4114583333333333 0.39453125 0.41030092592592593
1 0.4539930555555556 0.3591820987654321 0.4563802083333333 0.3630401234567901 0.453125 0.3802083333333333 0.4450954861111111 0.3620756172839506 0.4461805555555556 0.359375 0.4537760416666667 0.3591820987654321
1 0.4427083333333333 0.2665895061728395 0.4448784722222222 0.2690972222222222 0.4440104166666667 0.29282407407407407 0.4424913194444444 0.2953317901234568 0.4342447916666667 0.2966820987654321 0.431640625 0.2966820987654321 0.43359375 0.27314814814814814 0.4364149305555556 0.2683256172839506 0.4424913194444444 0.2665895061728395
1 0.6104600694444444 0.18460648148148148 0.6195746527777778 0.1876929012345679 0.6223958333333334 0.19309413580246915 0.6226128472222222 0.20003858024691357 0.6163194444444444 0.2029320987654321 0.6095920138888888 0.2021604938271605 0.5913628472222222 0.19251543209876543 0.591796875 0.1867283950617284 0.6102430555555556 0.18460648148148148
1 0.3700086805555556 0.17785493827160495 0.3743489583333333 0.18229166666666666 0.3756510416666667 0.18942901234567902 0.3663194444444444 0.2021604938271605 0.3628472222222222 0.2006172839506173 0.3602430555555556 0.1886574074074074 0.3658854166666667 0.17901234567901234 0.3697916666666667 0.17785493827160495
1 0.3522135416666667 0.17457561728395063 0.3559027777777778 0.17901234567901234 0.357421875 0.1873070987654321 0.3498263888888889 0.2044753086419753 0.3450520833333333 0.2056327160493827 0.3424479166666667 0.203125 0.3411458333333333 0.18557098765432098 0.3454861111111111 0.17785493827160495 0.3519965277777778 0.17476851851851852
1 0.1684027777777778 0.44328703703703703 0.1681857638888889 0.43190586419753085 0.17513020833333334 0.4201388888888889 0.17860243055555555 0.4203317901234568 0.18077256944444445 0.4251543209876543 0.1801215277777778 0.4392361111111111 0.1753472222222222 0.44540895061728397 0.16861979166666666 0.44328703703703703
1 0.24131944444444445 0.21508487654320987 0.24327256944444445 0.22029320987654322 0.2378472222222222 0.2347608024691358 0.2341579861111111 0.2345679012345679 0.22786458333333334 0.21682098765432098 0.2309027777777778 0.21469907407407407 0.24110243055555555 0.21508487654320987
1 0.2595486111111111 0.1753472222222222 0.2931857638888889 0.17669753086419754 0.2966579861111111 0.18152006172839505 0.2966579861111111 0.1863425925925926 0.2721354166666667 0.19174382716049382 0.2697482638888889 0.19020061728395063 0.2682291666666667 0.18267746913580246 0.259765625 0.17554012345679013
1 0.2072482638888889 0.17611882716049382 0.21354166666666666 0.17862654320987653 0.2170138888888889 0.1863425925925926 0.2065972222222222 0.2021604938271605 0.2029079861111111 0.2021604938271605 0.1970486111111111 0.19618055555555555 0.18489583333333334 0.19945987654320987 0.1831597222222222 0.19598765432098766 0.1877170138888889 0.1880787037037037 0.19444444444444445 0.18209876543209877 0.203125 0.17631172839506173 0.20703125 0.17611882716049382
1 0.16124131944444445 0.1711033950617284 0.16276041666666666 0.17804783950617284 0.1759982638888889 0.17881944444444445 0.18272569444444445 0.18209876543209877 0.1870659722222222 0.18904320987654322 0.18467881944444445 0.19695216049382716 0.1753472222222222 0.19984567901234568 0.1701388888888889 0.19174382716049382 0.16666666666666666 0.19058641975308643 0.1558159722222222 0.19945987654320987 0.1525607638888889 0.19926697530864199 0.15234375 0.18209876543209877 0.16102430555555555 0.1712962962962963
1 0.06792534722222222 0.7586805555555556 0.08441840277777778 0.7609953703703703 0.0920138888888889 0.7689043209876543 0.08159722222222222 0.7829861111111112 0.064453125 0.7901234567901234 0.060112847222222224 0.7864583333333334 0.060546875 0.7787422839506173 0.0625 0.7690972222222222 0.0681423611111111 0.7654320987654321 0.060546875 0.7582947530864198 0.06770833333333333 0.7586805555555556
1 0.07573784722222222 0.7170138888888888 0.07899305555555555 0.7185570987654321 0.08051215277777778 0.7237654320987654 0.08051215277777778 0.7293595679012346 0.0783420138888889 0.7310956790123457 0.07118055555555555 0.7278163580246914 0.06640625 0.7204861111111112 0.06792534722222222 0.7175925925925926 0.07552083333333333 0.7170138888888888
1 0.05056423611111111 0.7592592592592593 0.06315104166666667 0.7689043209876543 0.06315104166666667 0.7725694444444444 0.059895833333333336 0.7841435185185185 0.04665798611111111 0.7947530864197531 0.04318576388888889 0.7943672839506173 0.04296875 0.7853009259259259 0.04600694444444445 0.7609953703703703 0.046875 0.7590663580246914 0.050347222222222224 0.7592592592592593
1 0.06684027777777778 0.4268904320987654 0.07921006944444445 0.4288194444444444 0.09375 0.4390432098765432 0.09657118055555555 0.44579475308641975 0.09700520833333333 0.45852623456790126 0.0954861111111111 0.46585648148148145 0.0920138888888889 0.46875 0.0798611111111111 0.4670138888888889 0.07139756944444445 0.46334876543209874 0.06510416666666667 0.45524691358024694 0.060980902777777776 0.4535108024691358 0.05685763888888889 0.455054012345679 0.05360243055555555 0.4600694444444444 0.04665798611111111 0.4600694444444444 0.046875 0.4506172839506173 0.052300347222222224 0.44386574074074076 0.05685763888888889 0.43016975308641975 0.060112847222222224 0.42746913580246915 0.0666232638888889 0.4268904320987654
1 0.1265190972222222 0.2023533950617284 0.1408420138888889 0.2027391975308642 0.14366319444444445 0.2065972222222222 0.1312934027777778 0.22743055555555555 0.12348090277777778 0.22993827160493827 0.1150173611111111 0.2222222222222222 0.10243055555555555 0.2208719135802469 0.09874131944444445 0.21682098765432098 0.10611979166666667 0.2052469135802469 0.11610243055555555 0.2023533950617284 0.12630208333333334 0.2023533950617284
1 0.7632378472222222 0 0.8012152777777778 0 0.8064236111111112 0.01871141975308642 0.810546875 0.022376543209876542 0.8072916666666666 0.024305555555555556 0.7868923611111112 0.013503086419753086 0.7827690972222222 0.01716820987654321 0.7795138888888888 0.016975308641975308 0.7632378472222222 0.00019290123456790122
1 0.140625 0.16010802469135801 0.1443142361111111 0.16994598765432098 0.14930555555555555 0.1736111111111111 0.1547309027777778 0.17631172839506173 0.16124131944444445 0.1697530864197531 0.1642795138888889 0.17862654320987653 0.17903645833333334 0.17978395061728394 0.1859809027777778 0.1884645061728395 0.18294270833333334 0.19637345679012347 0.17860243055555555 0.19926697530864199 0.17513020833333334 0.1996527777777778 0.1681857638888889 0.1900077160493827 0.15625 0.19945987654320987 0.1525607638888889 0.19945987654320987 0.1506076388888889 0.19290123456790123 0.13975694444444445 0.1896219135802469 0.140625 0.18209876543209877 0.13671875 0.16743827160493827 0.13389756944444445 0.16454475308641975 0.140625 0.16030092592592593
1 0.10221354166666667 0.1736111111111111 0.1267361111111111 0.17515432098765432 0.1332465277777778 0.18209876543209877 0.12348090277777778 0.19753086419753085 0.10481770833333333 0.2065972222222222 0.1017795138888889 0.2033179012345679 0.10243055555555555 0.1857638888888889 0.1076388888888889 0.18209876543209877 0.1017795138888889 0.17592592592592593 0.10221354166666667 0.17380401234567902
1 0.037109375 0.7166280864197531 0.04991319444444445 0.7189429012345679 0.051215277777777776 0.7245370370370371 0.04991319444444445 0.7278163580246914 0.043402777777777776 0.7310956790123457 0.0390625 0.7442129629629629 0.032769097222222224 0.7521219135802469 0.029296875 0.748070987654321 0.026258680555555556 0.7266589506172839 0.028862847222222224 0.7189429012345679 0.03689236111111111 0.7166280864197531
1 0.08875868055555555 0.17554012345679013 0.10308159722222222 0.18557098765432098 0.103515625 0.1892361111111111 0.1013454861111111 0.19984567901234568 0.08506944444444445 0.21277006172839505 0.0837673611111111 0.2023533950617284 0.08723958333333333 0.1861496913580247 0.0859375 0.17843364197530864 0.08854166666666667 0.17554012345679013
1 0.140625 0.15914351851851852 0.14344618055555555 0.16087962962962962 0.1449652777777778 0.1705246913580247 0.154296875 0.17669753086419754 0.15755208333333334 0.17554012345679013 0.15885416666666666 0.1716820987654321 0.1618923611111111 0.1712962962962963 0.16145833333333334 0.17997685185185186 0.15321180555555555 0.1857638888888889 0.1525607638888889 0.1888503086419753 0.1508246527777778 0.1896219135802469 0.14756944444444445 0.18595679012345678 0.142578125 0.1873070987654321 0.13780381944444445 0.17824074074074073 0.1365017361111111 0.1684027777777778 0.1332465277777778 0.16493055555555555 0.1332465277777778 0.16145833333333334 0.1371527777777778 0.16280864197530864 0.140625 0.15933641975308643
1 0.4019097222222222 0.09259259259259259 0.4058159722222222 0.09567901234567901 0.4097222222222222 0.10397376543209877 0.4045138888888889 0.12191358024691358 0.3984375 0.12037037037037036 0.3962673611111111 0.11304012345679013 0.3958333333333333 0.09529320987654322 0.4016927083333333 0.09259259259259259
1 0.390625 0.09471450617283951 0.396484375 0.09625771604938271 0.3975694444444444 0.1095679012345679 0.3869357638888889 0.12905092592592593 0.3832465277777778 0.13040123456790123 0.3843315972222222 0.12133487654320987 0.3817274305555556 0.10570987654320987 0.3836805555555556 0.10011574074074074 0.3904079861111111 0.09490740740740741
1 0.2740885416666667 0.0920138888888889 0.2829861111111111 0.0954861111111111 0.2877604166666667 0.10609567901234568 0.2805989583333333 0.11323302469135803 0.2775607638888889 0.12094907407407407 0.2736545138888889 0.12229938271604938 0.2688802083333333 0.11766975308641975 0.2608506944444444 0.12152777777777778 0.2593315972222222 0.11593364197530864 0.2543402777777778 0.11226851851851852 0.2686631944444444 0.09278549382716049 0.2738715277777778 0.0920138888888889
1 0.14756944444444445 0.12885802469135801 0.1538628472222222 0.13020833333333334 0.1623263888888889 0.1404320987654321 0.15169270833333334 0.1413966049382716 0.1467013888888889 0.13753858024691357 0.14322916666666666 0.13869598765432098 0.1404079861111111 0.14351851851851852 0.1371527777777778 0.14351851851851852 0.13606770833333334 0.1400462962962963 0.12999131944444445 0.13638117283950618 0.12825520833333334 0.13001543209876543 0.14735243055555555 0.12885802469135801
1 0.6840277777777778 0 0.6981336805555556 0 0.6959635416666666 0.007137345679012345 0.6822916666666666 0.005208333333333333 0.6840277777777778 0.00019290123456790122
1 0.1408420138888889 0.12866512345679013 0.1460503472222222 0.13117283950617284 0.14518229166666666 0.13695987654320987 0.1404079861111111 0.14351851851851852 0.1371527777777778 0.14332561728395063 0.12999131944444445 0.13676697530864199 0.12760416666666666 0.13020833333333334 0.140625 0.12866512345679013
1 0.11957465277777778 0.13020833333333334 0.12109375 0.14429012345679013 0.11219618055555555 0.1440972222222222 0.10655381944444445 0.13676697530864199 0.1076388888888889 0.13213734567901234 0.1193576388888889 0.13040123456790123
1 0.0896267361111111 0.13271604938271606 0.09244791666666667 0.1371527777777778 0.08854166666666667 0.14660493827160495 0.08355034722222222 0.14390432098765432 0.07899305555555555 0.13368055555555555 0.08940972222222222 0.13271604938271606
1 0.08311631944444445 0.13329475308641975 0.08854166666666667 0.13599537037037038 0.08875868055555555 0.1440972222222222 0.08463541666666667 0.1404320987654321 0.07899305555555555 0.16145833333333334 0.0744357638888889 0.16724537037037038 0.07118055555555555 0.16782407407407407 0.0661892361111111 0.1404320987654321 0.0703125 0.13348765432098766 0.08289930555555555 0.13329475308641975
1 0.10828993055555555 0.29031635802469136 0.10807291666666667 0.30459104938271603 0.109375 0.30787037037037035 0.11284722222222222 0.30536265432098764 0.115234375 0.2966820987654321 0.1208767361111111 0.29012345679012347 0.12565104166666666 0.27314814814814814 0.12456597222222222 0.2689043209876543 0.11610243055555555 0.26350308641975306 0.11284722222222222 0.26427469135802467 0.111328125 0.265625 0.11328125 0.2743055555555556
1 0.4448784722222222 0.2725694444444444 0.4429253472222222 0.2862654320987654 0.4431423611111111 0.2957175925925926 0.4459635416666667 0.30150462962962965 0.4479166666666667 0.2934027777777778 0.4555121527777778 0.2795138888888889 0.4557291666666667 0.2692901234567901 0.4529079861111111 0.2673611111111111 0.4487847222222222 0.2679398148148148 0.4466145833333333 0.2690972222222222
1 0.3563368055555556 0.2934027777777778 0.3530815972222222 0.2934027777777778 0.3563368055555556 0.30246913580246915 0.359375 0.30459104938271603 0.361328125 0.3028549382716049 0.3626302083333333 0.2964891975308642 0.3602430555555556 0.2943672839506173
1 0.6330295138888888 0.4278549382716049 0.6325954861111112 0.42862654320987653 0.6338975694444444 0.42997685185185186 0.6371527777777778 0.43209876543209874 0.6404079861111112 0.43287037037037035 0.6436631944444444 0.43074845679012347 0.6506076388888888 0.42862654320987653 0.6521267361111112 0.42476851851851855 0.6508246527777778 0.4230324074074074 0.6477864583333334 0.4222608024691358 0.6404079861111112 0.4222608024691358 0.6358506944444444 0.42476851851851855
1 0.6286892361111112 0.42650462962962965 0.6243522135416666 0.43086207561728396 0.6299913194444444 0.43171296296296297 0.6310763888888888 0.4315200617283951 0.6325954861111112 0.43036265432098764 0.6332465277777778 0.4278549382716049 0.6347326388888889 0.4217795138888889 0.6304253472222222 0.4211033950617284
1 0.5601128472222222 0.45929783950617287 0.560546875 0.46489197530864196 0.5640190972222222 0.46566358024691357 0.5657552083333334 0.46315586419753085 0.5655381944444444 0.45929783950617287 0.5640190972222222 0.45794753086419754 0.5607638888888888 0.4583333333333333
1 0.5342881944444444 0.5050154320987654 0.5345052083333334 0.5121527777777778 0.5368923611111112 0.5131172839506173 0.5401475694444444 0.5090663580246914 0.5416666666666666 0.5111882716049383 0.5418836805555556 0.5154320987654321 0.5431857638888888 0.5185185185185185 0.5447048611111112 0.5131172839506173 0.5444878472222222 0.5084876543209876 0.546875 0.5050154320987654 0.5397135416666666 0.5027006172839507 0.5362413194444444 0.5027006172839507
1 0.6414930555555556 0.5989583333333334 0.6423611111111112 0.6082175925925926 0.6408420138888888 0.6128472222222222 0.654296875 0.6138117283950617 0.6560329861111112 0.6053240740740741 0.658203125 0.6026234567901234 0.6588541666666666 0.5954861111111112 0.6569010416666666 0.5922067901234568 0.6545138888888888 0.5906635802469136 0.6508246527777778 0.5914351851851852 0.64453125 0.5952932098765432
1 0.6592881944444444 0.5941358024691358 0.658203125 0.6024305555555556 0.6603732638888888 0.6064814814814815 0.6610243055555556 0.6130401234567902 0.6629774305555556 0.6159336419753086 0.6653645833333334 0.6163194444444444 0.6677517361111112 0.6134259259259259 0.6701388888888888 0.6064814814814815 0.6751302083333334 0.6035879629629629 0.6755642361111112 0.6022376543209876 0.6725260416666666 0.6005015432098766 0.6690538194444444 0.5952932098765432 0.6647135416666666 0.5925925925925926 0.6610243055555556 0.5925925925925926
1 0.7076822916666666 0.5271990740740741 0.7083333333333334 0.5354938271604939 0.7098524305555556 0.5397376543209876 0.7170138888888888 0.5405092592592593 0.7204861111111112 0.5347222222222222 0.7217881944444444 0.529320987654321 0.7215711805555556 0.5254629629629629 0.7200520833333334 0.5239197530864198 0.7133246527777778 0.5225694444444444 0.708984375 0.5248842592592593
1 0.6006944444444444 0.8267746913580247 0.6009114583333334 0.8312114197530864 0.6024305555555556 0.8341049382716049 0.6104600694444444 0.8396990740740741 0.6128472222222222 0.8400848765432098 0.6161024305555556 0.8373842592592593 0.6195746527777778 0.8371913580246914 0.6215277777777778 0.8350694444444444 0.6195746527777778 0.8310185185185185 0.619140625 0.8246527777777778 0.6163194444444444 0.8223379629629629 0.609375 0.8225308641975309 0.6048177083333334 0.8234953703703703 0.6024305555555556 0.824266975308642
1 0.5483940972222222 0.8969907407407407 0.5486111111111112 0.8977623456790124 0.5533854166666666 0.9004629629629629 0.5572916666666666 0.9014274691358025 0.556640625 0.8975694444444444 0.5553385416666666 0.8966049382716049 0.5501302083333334 0.8954475308641975
1 0.5733506944444444 0.7995756172839507 0.5735677083333334 0.8036265432098766 0.5796440972222222 0.8142361111111112 0.5805121527777778 0.8180941358024691 0.5813802083333334 0.8188657407407407 0.5850694444444444 0.8186728395061729 0.5904947916666666 0.8072916666666666 0.5904947916666666 0.8040123456790124 0.5885416666666666 0.7980324074074074 0.5848524305555556 0.7934027777777778 0.5811631944444444 0.7922453703703703 0.578125 0.7934027777777778 0.576171875 0.7951388888888888
1 0.5681423611111112 0.9411651234567902 0.5679253472222222 0.9459876543209876 0.5707465277777778 0.9525462962962963 0.5713975694444444 0.9564043209876543 0.57421875 0.9600694444444444 0.578125 0.9600694444444444 0.5802951388888888 0.956983024691358 0.5807291666666666 0.9517746913580247 0.5822482638888888 0.9469521604938271 0.58203125 0.9427083333333334 0.5796440972222222 0.939429012345679 0.5746527777777778 0.935570987654321 0.5709635416666666 0.9357638888888888 0.5685763888888888 0.9390432098765432