1 0.8118489583333334 0.9789737654320988 0.8209635416666666 0.9785879629629629 0.8216145833333334 0.9851466049382716 0.8174913194444444 0.9857253086419753 0.8140190972222222 0.9836033950617284 0.8075086805555556 0.986304012345679 0.8033854166666666 0.9855324074074074 0.8033854166666666 0.9810956790123457 0.8116319444444444 0.9789737654320988
1 0.7775607638888888 0.8655478395061729 0.7847222222222222 0.8732638888888888 0.78125 0.8755787037037037 0.7764756944444444 0.8740354938271605 0.7688802083333334 0.8667052469135802 0.77734375 0.8655478395061729
1 0.8070746527777778 0.7916666666666666 0.8070746527777778 0.8022762345679012 0.8023003472222222 0.7934027777777778 0.8038194444444444 0.7910879629629629 0.8068576388888888 0.7916666666666666
1 0.6358506944444444 0.9052854938271605 0.6475694444444444 0.9120370370370371 0.6534288194444444 0.9216820987654321 0.64453125 0.9255401234567902 0.6404079861111112 0.9230324074074074 0.6295572916666666 0.9241898148148148 0.6204427083333334 0.9234182098765432 0.6182725694444444 0.9214891975308642 0.6174045138888888 0.9157021604938271 0.62109375 0.9087577160493827 0.6356336805555556 0.9052854938271605
1 0.5596788194444444 0.9606481481481481 0.5631510416666666 0.9637345679012346 0.5627170138888888 0.9710648148148148 0.560546875 0.9741512345679012 0.5536024305555556 0.9756944444444444 0.5451388888888888 0.9737654320987654 0.5431857638888888 0.9631558641975309 0.5466579861111112 0.9606481481481481 0.5594618055555556 0.9606481481481481
1 0.62109375 0.7916666666666666 0.6234809027777778 0.793016975308642 0.6232638888888888 0.8038194444444444 0.6176215277777778 0.8036265432098766 0.6158854166666666 0.8016975308641975 0.6145833333333334 0.793016975308642 0.6208767361111112 0.7916666666666666
1 0.4537760416666667 0.9618055555555556 0.4596354166666667 0.9660493827160493 0.4605034722222222 0.9712577160493827 0.4585503472222222 0.9772376543209876 0.4535590277777778 0.9812885802469136 0.4490017361111111 0.9710648148148148 0.451171875 0.9631558641975309 0.4535590277777778 0.9618055555555556
1 0.5609809027777778 0.7908950617283951 0.5677083333333334 0.7926311728395061 0.5718315972222222 0.796875 0.5709635416666666 0.8001543209876543 0.564453125 0.800733024691358 0.5629340277777778 0.7966820987654321 0.5577256944444444 0.7935956790123457 0.5607638888888888 0.7908950617283951
1 0.4437934027777778 0.9585262345679012 0.4516059027777778 0.9600694444444444 0.4598524305555556 0.9666280864197531 0.4598524305555556 0.9739583333333334 0.4563802083333333 0.9797453703703703 0.453125 0.9810956790123457 0.4494357638888889 0.9735725308641975 0.4307725694444444 0.9702932098765432 0.4312065972222222 0.966820987654321 0.4405381944444444 0.966820987654321 0.4396701388888889 0.9600694444444444 0.4435763888888889 0.9585262345679012
1 0.5095486111111112 0.7899305555555556 0.5132378472222222 0.7932098765432098 0.5099826388888888 0.7966820987654321 0.5110677083333334 0.8003472222222222 0.501953125 0.8024691358024691 0.4976128472222222 0.8003472222222222 0.5010850694444444 0.7986111111111112 0.5036892361111112 0.7918595679012346 0.5093315972222222 0.7899305555555556
1 0.9431423611111112 0.597608024691358 0.9522569444444444 0.6018518518518519 0.9626736111111112 0.613233024691358 0.9633246527777778 0.6168981481481481 0.9533420138888888 0.6215277777777778 0.9357638888888888 0.6089891975308642 0.9366319444444444 0.6022376543209876 0.9429253472222222 0.597608024691358
1 0.8198784722222222 0.6128472222222222 0.8294270833333334 0.6149691358024691 0.8342013888888888 0.6267361111111112 0.8305121527777778 0.6302083333333334 0.8270399305555556 0.6300154320987654 0.8211805555555556 0.6232638888888888 0.8114149305555556 0.6253858024691358 0.80859375 0.6242283950617284 0.8072916666666666 0.6130401234567902 0.8196614583333334 0.6128472222222222
1 0.5397135416666666 0.7602237654320988 0.5444878472222222 0.7692901234567902 0.5416666666666666 0.7829861111111112 0.5399305555555556 0.7868441358024691 0.5364583333333334 0.7881944444444444 0.5260416666666666 0.7868441358024691 0.5225694444444444 0.7829861111111112 0.5223524305555556 0.7714120370370371 0.5329861111111112 0.7615740740740741 0.5394965277777778 0.7602237654320988
1 0.3357204861111111 0.9608410493827161 0.3411458333333333 0.966820987654321 0.3409288194444444 0.9702932098765432 0.3383246527777778 0.9724151234567902 0.3294270833333333 0.9729938271604939 0.3218315972222222 0.970679012345679 0.3224826388888889 0.9635416666666666 0.3355034722222222 0.9608410493827161
1 0.2747395833333333 0.9544753086419753 0.2786458333333333 0.9598765432098766 0.279296875 0.9689429012345679 0.2764756944444444 0.9737654320987654 0.2727864583333333 0.9753086419753086 0.2688802083333333 0.9681712962962963 0.2608506944444444 0.9662422839506173 0.2606336805555556 0.9560185185185185 0.2619357638888889 0.953125 0.265625 0.9575617283950617 0.2745225694444444 0.9544753086419753
1 0.322265625 0.8379629629629629 0.3253038194444444 0.8420138888888888 0.3211805555555556 0.8495370370370371 0.3079427083333333 0.8522376543209876 0.3014322916666667 0.8489583333333334 0.3018663194444444 0.845679012345679 0.3159722222222222 0.8279320987654321 0.3177083333333333 0.8267746913580247 0.3192274305555556 0.8348765432098766 0.3220486111111111 0.8379629629629629
1 0.173828125 0.919945987654321 0.17513020833333334 0.9226466049382716 0.1684027777777778 0.9290123456790124 0.1677517361111111 0.9205246913580247 0.1736111111111111 0.919945987654321
1 0.1130642361111111 0.9475308641975309 0.1265190972222222 0.9513888888888888 0.12760416666666666 0.9635416666666666 0.12434895833333333 0.9650848765432098 0.1111111111111111 0.9571759259259259 0.11284722222222222 0.9475308641975309
1 0.10308159722222222 0.9764660493827161 0.10590277777777778 0.9768518518518519 0.1076388888888889 0.980516975308642 0.10611979166666667 0.9953703703703703 0.10243055555555555 0.9938271604938271 0.09852430555555555 0.9872685185185185 0.09874131944444445 0.9787808641975309 0.10286458333333333 0.9764660493827161
1 0.9424913194444444 0.35378086419753085 0.9600694444444444 0.3584104938271605 0.9646267361111112 0.3626543209876543 0.966796875 0.36959876543209874 0.9633246527777778 0.37037037037037035 0.9568142361111112 0.3653549382716049 0.9424913194444444 0.3611111111111111 0.9424913194444444 0.35397376543209874
1 0.9333767361111112 0.35358796296296297 0.9361979166666666 0.35455246913580246 0.9368489583333334 0.359375 0.92578125 0.3726851851851852 0.9214409722222222 0.3707561728395062 0.9207899305555556 0.36496913580246915 0.927734375 0.3559027777777778 0.9331597222222222 0.35358796296296297
1 0.9427083333333334 0.3231095679012346 0.9494357638888888 0.3258101851851852 0.9598524305555556 0.32523148148148145 0.9598524305555556 0.330054012345679 0.9563802083333334 0.33198302469135804 0.9529079861111112 0.3298611111111111 0.9463975694444444 0.3420138888888889 0.9424913194444444 0.3449074074074074 0.9396701388888888 0.34085648148148145 0.9424913194444444 0.32330246913580246
1 0.6931423611111112 0.5810185185185185 0.705078125 0.5881558641975309 0.7005208333333334 0.5920138888888888 0.6994357638888888 0.5991512345679012 0.6861979166666666 0.5978009259259259 0.6779513888888888 0.5910493827160493 0.6788194444444444 0.5831404320987654 0.6929253472222222 0.5810185185185185
1 0.5885416666666666 0.6016589506172839 0.591796875 0.6024305555555556 0.5920138888888888 0.6126543209876543 0.5872395833333334 0.6118827160493827 0.5818142361111112 0.607445987654321 0.5677083333333334 0.6087962962962963 0.5635850694444444 0.6059027777777778 0.5657552083333334 0.6022376543209876 0.5883246527777778 0.6016589506172839
1 0.4216579861111111 0.6751543209876543 0.4286024305555556 0.6788194444444444 0.4299045138888889 0.6822916666666666 0.4279513888888889 0.6857638888888888 0.4225260416666667 0.6878858024691358 0.4105902777777778 0.6859567901234568 0.4010416666666667 0.689429012345679 0.3980034722222222 0.6844135802469136 0.3914930555555556 0.6820987654320988 0.3914930555555556 0.6786265432098766 0.4214409722222222 0.6751543209876543
1 0.3355034722222222 0.7025462962962963 0.3569878472222222 0.703125 0.3604600694444444 0.705054012345679 0.3611111111111111 0.7098765432098766 0.3591579861111111 0.7114197530864198 0.3498263888888889 0.7085262345679012 0.3478732638888889 0.7098765432098766 0.3489583333333333 0.71875 0.3413628472222222 0.7173996913580247 0.3350694444444444 0.7197145061728395 0.33203125 0.7179783950617284 0.3246527777777778 0.7189429012345679 0.3237847222222222 0.716820987654321 0.3292100694444444 0.7102623456790124 0.3309461805555556 0.7040895061728395 0.3352864583333333 0.7025462962962963
1 0.3226996527777778 0.7017746913580247 0.330078125 0.7029320987654321 0.3285590277777778 0.7065972222222222 0.3111979166666667 0.7137345679012346 0.310546875 0.7096836419753086 0.3142361111111111 0.7035108024691358 0.3224826388888889 0.7017746913580247
1 0.3559027777777778 0.6558641975308642 0.3580729166666667 0.6603009259259259 0.3567708333333333 0.6784336419753086 0.3559027777777778 0.6817129629629629 0.3526475694444444 0.6832561728395061 0.328125 0.6815200617283951 0.3190104166666667 0.6716820987654321 0.3207465277777778 0.6689814814814815 0.3248697916666667 0.6701388888888888 0.3407118055555556 0.6678240740740741 0.3556857638888889 0.6558641975308642
1 0.2936197916666667 0.6589506172839507 0.30078125 0.6612654320987654 0.3018663194444444 0.6664737654320988 0.3103298611111111 0.6722608024691358 0.3125 0.6780478395061729 0.3101128472222222 0.6815200617283951 0.2936197916666667 0.6830632716049383 0.2879774305555556 0.6805555555555556 0.2819010416666667 0.671875 0.2827690972222222 0.668016975308642 0.2914496527777778 0.6674382716049383 0.2905815972222222 0.660108024691358 0.2934027777777778 0.6589506172839507
1 0.20703125 0.6778549382716049 0.2109375 0.6813271604938271 0.21006944444444445 0.6873070987654321 0.20008680555555555 0.6965663580246914 0.19639756944444445 0.6957947530864198 0.1950954861111111 0.6851851851851852 0.20052083333333334 0.6788194444444444 0.2068142361111111 0.6778549382716049
1 0.1404079861111111 0.6628086419753086 0.13953993055555555 0.6684027777777778 0.1467013888888889 0.6705246913580247 0.1480034722222222 0.6822916666666666 0.13368055555555555 0.6867283950617284 0.1265190972222222 0.6859567901234568 0.1189236111111111 0.6819058641975309 0.11197916666666667 0.6720679012345679 0.11284722222222222 0.6693672839506173 0.119140625 0.6716820987654321 0.12434895833333333 0.6709104938271605 0.1265190972222222 0.6631944444444444 0.13389756944444445 0.6662808641975309 0.1401909722222222 0.6630015432098766
1 0.5479600694444444 0.35725308641975306 0.5531684027777778 0.3697916666666667 0.5447048611111112 0.3800154320987654 0.5401475694444444 0.38155864197530864 0.5364583333333334 0.376929012345679 0.5362413194444444 0.37210648148148145 0.5440538194444444 0.3587962962962963 0.5477430555555556 0.35725308641975306
1 0.4127604166666667 0.37037037037037035 0.4292534722222222 0.3777006172839506 0.431640625 0.38059413580246915 0.4303385416666667 0.3869598765432099 0.4181857638888889 0.3904320987654321 0.4027777777777778 0.3836805555555556 0.4088541666666667 0.37885802469135804 0.4079861111111111 0.3705632716049383 0.4125434027777778 0.37037037037037035
1 0.2905815972222222 0.45871913580246915 0.2936197916666667 0.4600694444444444 0.2934027777777778 0.4737654320987654 0.2897135416666667 0.47820216049382713 0.2784288194444444 0.4807098765432099 0.2760416666666667 0.48996913580246915 0.2725694444444444 0.4880401234567901 0.26953125 0.4702932098765432 0.2760416666666667 0.46141975308641975 0.2827690972222222 0.46238425925925924 0.2903645833333333 0.45871913580246915
1 0.2309027777777778 0.4278549382716049 0.2341579861111111 0.42959104938271603 0.24153645833333334 0.4425154320987654 0.24110243055555555 0.44579475308641975 0.2302517361111111 0.44502314814814814 0.2309027777777778 0.42804783950617287
1 0.13671875 0.45794753086419754 0.14756944444444445 0.45775462962962965 0.1462673611111111 0.46739969135802467 0.1488715277777778 0.4737654320987654 0.14756944444444445 0.47608024691358025 0.140625 0.4739583333333333 0.1369357638888889 0.47704475308641975 0.13346354166666666 0.47646604938271603 0.1267361111111111 0.46739969135802467 0.11631944444444445 0.4702932098765432 0.11979166666666667 0.46489197530864196 0.1365017361111111 0.45794753086419754
1 0.18619791666666666 0.37210648148148145 0.19249131944444445 0.37635030864197533 0.2087673611111111 0.38040123456790126 0.20963541666666666 0.3836805555555556 0.2072482638888889 0.38657407407407407 0.19639756944444445 0.3939043209876543 0.19075520833333334 0.38599537037037035 0.17578125 0.3802083333333333 0.17513020833333334 0.3765432098765432 0.1820746527777778 0.3759645061728395 0.1859809027777778 0.37210648148148145
1 0.1208767361111111 0.44155092592592593 0.138671875 0.4583333333333333 0.1480034722222222 0.45929783950617287 0.14539930555555555 0.466820987654321 0.1480034722222222 0.47492283950617287 0.1404079861111111 0.47337962962962965 0.1369357638888889 0.47646604938271603 0.13368055555555555 0.47608024691358025 0.126953125 0.4675925925925926 0.11979166666666667 0.4710648148148148 0.11610243055555555 0.4704861111111111 0.11827256944444445 0.45987654320987653 0.11393229166666667 0.44598765432098764 0.12065972222222222 0.44155092592592593
1 0.14778645833333334 0.36612654320987653 0.15494791666666666 0.373070987654321 0.1577690972222222 0.3792438271604938 0.15538194444444445 0.3836805555555556 0.1482204861111111 0.3856095679012346 0.14192708333333334 0.38348765432098764 0.1388888888888889 0.3767361111111111 0.1430121527777778 0.3663194444444444 0.14756944444444445 0.36612654320987653
1 0.08919270833333333 0.36574074074074076 0.10481770833333333 0.3732638888888889 0.10655381944444445 0.38040123456790126 0.10264756944444445 0.3846450617283951 0.09309895833333333 0.38136574074074076 0.08745659722222222 0.37037037037037035 0.08897569444444445 0.36574074074074076
1 0.07465277777777778 0.36593364197530864 0.08528645833333333 0.36747685185185186 0.08919270833333333 0.3802083333333333 0.08506944444444445 0.38329475308641975 0.076171875 0.38078703703703703 0.0744357638888889 0.36612654320987653
1 0.5362413194444444 0.20158179012345678 0.5431857638888888 0.21354166666666666 0.53125 0.21334876543209877 0.5338541666666666 0.203125 0.5360243055555556 0.2017746913580247
1 0.9997829861111112 0.13059413580246915 0.9997829861111112 0.1597222222222222 0.9947916666666666 0.16068672839506173 0.9809027777777778 0.1541280864197531 0.9704861111111112 0.1552854938271605 0.9696180555555556 0.15104166666666666 0.9743923611111112 0.1431327160493827 0.9809027777777778 0.14216820987654322 0.9906684027777778 0.13368055555555555 0.9995659722222222 0.13059413580246915
1 0.4524739583333333 0.22337962962962962 0.4572482638888889 0.22665895061728394 0.458984375 0.2309027777777778 0.4461805555555556 0.24556327160493827 0.4427083333333333 0.24286265432098766 0.4381510416666667 0.24421296296296297 0.4348958333333333 0.22743055555555555 0.4461805555555556 0.22318672839506173 0.4522569444444444 0.22337962962962962
1 0.4911024305555556 0.1996527777777778 0.4934895833333333 0.2027391975308642 0.4937065972222222 0.21334876543209877 0.4832899305555556 0.21334876543209877 0.4911024305555556 0.19984567901234568
1 0.466796875 0.2019675925925926 0.4774305555555556 0.2023533950617284 0.4826388888888889 0.20640432098765432 0.4828559027777778 0.20949074074074073 0.4822048611111111 0.21354166666666666 0.4739583333333333 0.21412037037037038 0.466796875 0.2021604938271605
1 0.4442274305555556 0.2029320987654321 0.4490017361111111 0.20987654320987653 0.4466145833333333 0.21431327160493827 0.435546875 0.21334876543209877 0.4440104166666667 0.2029320987654321
1 0.5579427083333334 0.16473765432098766 0.5596788194444444 0.16801697530864199 0.5583767361111112 0.17824074074074073 0.5536024305555556 0.18460648148148148 0.5505642361111112 0.1853780864197531 0.5431857638888888 0.18306327160493827 0.5401475694444444 0.17978395061728394 0.5390625 0.1684027777777778 0.5434027777777778 0.16763117283950618 0.5470920138888888 0.1712962962962963 0.5536024305555556 0.16473765432098766 0.5577256944444444 0.16473765432098766
1 0.5223524305555556 0.16010802469135801 0.5260416666666666 0.1720679012345679 0.5258246527777778 0.17959104938271606 0.5221354166666666 0.18209876543209877 0.5149739583333334 0.18229166666666666 0.5073784722222222 0.17554012345679013 0.5088975694444444 0.16898148148148148 0.515625 0.16724537037037038 0.5190972222222222 0.16126543209876543 0.5221354166666666 0.16030092592592593
1 0.4780815972222222 0.1720679012345679 0.4854600694444444 0.17418981481481483 0.4878472222222222 0.17804783950617284 0.4850260416666667 0.18595679012345678 0.4809027777777778 0.1882716049382716 0.470703125 0.18595679012345678 0.4674479166666667 0.17920524691358025 0.4704861111111111 0.1726466049382716 0.4778645833333333 0.1720679012345679
1 0.505859375 0.16377314814814814 0.5119357638888888 0.16820987654320987 0.5088975694444444 0.17631172839506173 0.4956597222222222 0.17708333333333334 0.4878472222222222 0.1753472222222222 0.4867621527777778 0.16473765432098766 0.4904513888888889 0.16280864197530864 0.5056423611111112 0.16377314814814814
1 0.4602864583333333 0.16358024691358025 0.4639756944444444 0.16435185185185186 0.4702690972222222 0.171875 0.4600694444444444 0.18248456790123457 0.4518229166666667 0.17901234567901234 0.4496527777777778 0.17554012345679013 0.4520399305555556 0.1684027777777778 0.4600694444444444 0.16358024691358025
1 0.4357638888888889 0.1716820987654321 0.4431423611111111 0.17515432098765432 0.4461805555555556 0.17920524691358025 0.443359375 0.1840277777777778 0.4366319444444444 0.1863425925925926 0.4322916666666667 0.19135802469135801 0.4173177083333333 0.17843364197530864 0.4214409722222222 0.1716820987654321 0.435546875 0.1716820987654321
1 0.474609375 0.1394675925925926 0.4809027777777778 0.1427469135802469 0.4911024305555556 0.14293981481481483 0.4989149305555556 0.14756944444444445 0.4984809027777778 0.15084876543209877 0.4947916666666667 0.15258487654320987 0.4735243055555556 0.15027006172839505 0.4722222222222222 0.1402391975308642 0.4743923611111111 0.1394675925925926
1 0.4086371527777778 0.16358024691358025 0.4181857638888889 0.16608796296296297 0.4205729166666667 0.17341820987654322 0.4147135416666667 0.18267746913580246 0.4045138888888889 0.1861496913580247 0.4006076388888889 0.17496141975308643 0.4084201388888889 0.16358024691358025
1 0.4737413194444444 0.1394675925925926 0.4806857638888889 0.1431327160493827 0.4880642361111111 0.1423611111111111 0.498046875 0.14679783950617284 0.5049913194444444 0.1440972222222222 0.5049913194444444 0.16126543209876543 0.484375 0.16319444444444445 0.470703125 0.16222993827160495 0.4696180555555556 0.15181327160493827 0.4735243055555556 0.1396604938271605
1 0.5588107638888888 0.09895833333333333 0.5648871527777778 0.10243055555555555 0.5633680555555556 0.10590277777777778 0.5536024305555556 0.10570987654320987 0.5492621527777778 0.10243055555555555 0.55859375 0.09895833333333333
1 0.5785590277777778 0.09780092592592593 0.5805121527777778 0.09895833333333333 0.580078125 0.10262345679012345 0.5746527777777778 0.10628858024691358 0.5546875 0.10532407407407407 0.5501302083333334 0.10223765432098765 0.5570746527777778 0.09915123456790123 0.5642361111111112 0.10165895061728394 0.5783420138888888 0.09780092592592593
1 0.6438802083333334 0.05632716049382716 0.6458333333333334 0.0628858024691358 0.6440972222222222 0.06790123456790123 0.6330295138888888 0.06751543209876543 0.6334635416666666 0.05709876543209876 0.6436631944444444 0.05632716049382716
1 0.4552951388888889 0.11207561728395062 0.4644097222222222 0.11631944444444445 0.4659288194444444 0.12364969135802469 0.4639756944444444 0.12982253086419754 0.44921875 0.12827932098765432 0.4427083333333333 0.13078703703703703 0.4398871527777778 0.13001543209876543 0.4437934027777778 0.1257716049382716 0.4461805555555556 0.11554783950617284 0.4496527777777778 0.11246141975308642 0.455078125 0.11207561728395062
1 0.5431857638888888 0.0630787037037037 0.5514322916666666 0.08179012345679013 0.5399305555555556 0.08854166666666667 0.5329861111111112 0.08506944444444445 0.5321180555555556 0.08217592592592593 0.5334201388888888 0.07407407407407407 0.5431857638888888 0.06327160493827161
1 0.4691840277777778 0.07118055555555555 0.4737413194444444 0.07175925925925926 0.4806857638888889 0.08159722222222222 0.4782986111111111 0.08815586419753087 0.4733072916666667 0.08834876543209877 0.4680989583333333 0.0779320987654321 0.4691840277777778 0.07137345679012345
1 0.2886284722222222 0.2787422839506173 0.291015625 0.2824074074074074 0.2905815972222222 0.29378858024691357 0.294921875 0.3003472222222222 0.2795138888888889 0.30536265432098764 0.2712673611111111 0.30362654320987653 0.2688802083333333 0.2974537037037037 0.2701822916666667 0.2899305555555556 0.2760416666666667 0.2808641975308642 0.2884114583333333 0.2787422839506173
1 0.2380642361111111 0.2646604938271605 0.2398003472222222 0.2654320987654321 0.2406684027777778 0.279320987654321 0.23828125 0.2808641975308642 0.22265625 0.279320987654321 0.22743055555555555 0.2663966049382716 0.2378472222222222 0.2646604938271605
1 0.2690972222222222 0.14216820987654322 0.2725694444444444 0.1554783950617284 0.2654079861111111 0.1568287037037037 0.2610677083333333 0.15432098765432098 0.2621527777777778 0.14756944444444445 0.2673611111111111 0.14544753086419754 0.2690972222222222 0.1423611111111111
1 0.026475694444444444 0.7797067901234568 0.0390625 0.7901234567901234 0.012369791666666666 0.794945987654321 0.008680555555555556 0.7945601851851852 0.009548611111111112 0.7899305555555556 0.026258680555555556 0.7797067901234568
1 0 0.511766975308642 0.004991319444444444 0.5152391975308642 0.007378472222222222 0.5237268518518519 0.019097222222222224 0.5243055555555556 0.021050347222222224 0.5260416666666666 0.016927083333333332 0.5424382716049383 0.019097222222222224 0.5501543209876543 0.015625 0.5501543209876543 0.008680555555555556 0.5439814814814815 0 0.546875 0 0.5119598765432098
1 0.03689236111111111 0.41454475308641975 0.03884548611111111 0.41628086419753085 0.039713541666666664 0.42978395061728397 0.036675347222222224 0.4315200617283951 0.024088541666666668 0.42959104938271603 0.018012152777777776 0.4220679012345679 0.018663194444444444 0.4184027777777778 0.022569444444444444 0.41628086419753085 0.029513888888888888 0.4216820987654321 0.036675347222222224 0.41454475308641975
1 0.4431423611111111 0.060378086419753084 0.4505208333333333 0.07465277777777778 0.4487847222222222 0.07889660493827161 0.4429253472222222 0.08082561728395062 0.4366319444444444 0.0783179012345679 0.4348958333333333 0.07214506172839506 0.4357638888888889 0.0628858024691358 0.4429253472222222 0.060378086419753084
1 0.8148871527777778 0.033950617283950615 0.8313802083333334 0.03973765432098766 0.8294270833333334 0.048032407407407406 0.8250868055555556 0.05015432098765432 0.8057725694444444 0.0466820987654321 0.8070746527777778 0.03761574074074074 0.8146701388888888 0.033950617283950615
1 0.390625 0.05864197530864197 0.3960503472222222 0.06076388888888889 0.400390625 0.07310956790123457 0.3988715277777778 0.0785108024691358 0.3934461805555556 0.078125 0.3897569444444444 0.06790123456790123 0.390625 0.058834876543209874
1 0.2424045138888889 0.14255401234567902 0.2552083333333333 0.15104166666666666 0.2575954861111111 0.15470679012345678 0.2549913194444444 0.1570216049382716 0.240234375 0.1545138888888889 0.23958333333333334 0.14814814814814814 0.2421875 0.14255401234567902
1 0.345703125 0.07175925925925926 0.3500434027777778 0.07523148148148148 0.3511284722222222 0.08159722222222222 0.3483072916666667 0.08468364197530864 0.33984375 0.08757716049382716 0.3313802083333333 0.08545524691358025 0.3315972222222222 0.08236882716049383 0.3387586805555556 0.07445987654320987 0.3454861111111111 0.07175925925925926
1 0.546875 0.04359567901234568 0.5562065972222222 0.04996141975308642 0.5579427083333334 0.061342592592592594 0.5555555555555556 0.06462191358024691 0.5436197916666666 0.061921296296296294 0.5434027777777778 0.04861111111111111 0.5466579861111112 0.04359567901234568
1 0.4878472222222222 0.03260030864197531 0.4934895833333333 0.03607253086419753 0.4945746527777778 0.05073302469135803 0.4904513888888889 0.05227623456790124 0.4850260416666667 0.04996141975308642 0.4839409722222222 0.043402777777777776 0.4876302083333333 0.03279320987654321
1 0.4733072916666667 0.032214506172839504 0.4817708333333333 0.03607253086419753 0.4845920138888889 0.03993055555555555 0.4826388888888889 0.04533179012345679 0.4774305555555556 0.04841820987654321 0.4633246527777778 0.043209876543209874 0.45703125 0.036458333333333336 0.4598524305555556 0.03298611111111111 0.4730902777777778 0.032214506172839504
1 0.3993055555555556 0.009066358024691358 0.4127604166666667 0.012152777777777778 0.4112413194444444 0.022569444444444444 0.4014756944444444 0.02546296296296296 0.3940972222222222 0.024112654320987654 0.3891059027777778 0.014660493827160493 0.390625 0.009645061728395061 0.3990885416666667 0.009066358024691358
1 0.050347222222222224 0.3582175925925926 0.062065972222222224 0.36786265432098764 0.06380208333333333 0.3802083333333333 0.043402777777777776 0.3896604938271605 0.03993055555555555 0.388695987654321 0.038411458333333336 0.38348765432098764 0.05078125 0.373070987654321 0.04513888888888889 0.3628472222222222 0.050130208333333336 0.3582175925925926
1 0 0.41647376543209874 0.004991319444444444 0.4191743827160494 0.010633680555555556 0.42746913580246915 0 0.42766203703703703 0 0.4166666666666667
1 0.032769097222222224 0.3609182098765432 0.040581597222222224 0.36786265432098764 0.044921875 0.3765432098765432 0.03993055555555555 0.38599537037037035 0.024739583333333332 0.3767361111111111 0.026475694444444444 0.36940586419753085 0.024522569444444444 0.36612654320987653 0.029296875 0.36593364197530864 0.032769097222222224 0.3611111111111111
1 0.016059027777777776 0.33738425925925924 0.019314236111111112 0.33834876543209874 0.030815972222222224 0.3557098765432099 0.03211805555555555 0.359375 0.029730902777777776 0.3616898148148148 0 0.3584104938271605 0 0.3454861111111111 0.005642361111111111 0.34510030864197533 0.010416666666666666 0.33796296296296297 0.015842013888888888 0.33738425925925924
1 0.1605902777777778 0.029899691358024692 0.16536458333333334 0.031057098765432098 0.1684027777777778 0.03587962962962963 0.166015625 0.047453703703703706 0.1616753472222222 0.05073302469135803 0.1508246527777778 0.04938271604938271 0.13736979166666666 0.036458333333333336 0.13736979166666666 0.03279320987654321 0.13997395833333334 0.031057098765432098 0.1603732638888889 0.029899691358024692
1 0.19032118055555555 0.8931327160493827 0.1898871527777778 0.8939043209876543 0.19444444444444445 0.8960262345679012 0.19618055555555555 0.8983410493827161 0.1970486111111111 0.9050925925925926 0.19921875 0.9076003086419753 0.20203993055555555 0.908179012345679 0.2170138888888889 0.908179012345679 0.2204861111111111 0.9045138888888888 0.2224392361111111 0.8973765432098766 0.2209201388888889 0.8939043209876543 0.216796875 0.8913966049382716 0.21375868055555555 0.890625 0.20225694444444445 0.8908179012345679 0.1974826388888889 0.8917824074074074 0.19249131944444445 0.8915895061728395
1 0.008463541666666666 0.36824845679012347 0.0078125 0.36959876543209874 0.008246527777777778 0.373070987654321 0.010850694444444444 0.3744212962962963 0.018880208333333332 0.38136574074074076 0.022569444444444444 0.38136574074074076 0.026909722222222224 0.3792438271604938 0.032769097222222224 0.3800154320987654 0.033637152777777776 0.3765432098765432 0.032552083333333336 0.37210648148148145 0.03342013888888889 0.3697916666666667 0.029513888888888888 0.36612654320987653 0.018880208333333332 0.36400462962962965 0.015625 0.36477623456790126