1 0.8146701388888888 0.9776234567901234 0.8213975694444444 0.9801311728395061 0.8211805555555556 0.9861111111111112 0.8179253472222222 0.9870756172839507 0.8068576388888888 0.9870756172839507 0.802734375 0.9845679012345679 0.802734375 0.9801311728395061 0.814453125 0.9776234567901234
1 0.7775607638888888 0.8659336419753086 0.7827690972222222 0.8765432098765432 0.7760416666666666 0.8798225308641975 0.7725694444444444 0.8780864197530864 0.7686631944444444 0.8661265432098766 0.77734375 0.8659336419753086
1 0.6384548611111112 0.9058641975308642 0.6475694444444444 0.9120370370370371 0.6536458333333334 0.9216820987654321 0.6451822916666666 0.925733024691358 0.6404079861111112 0.9228395061728395 0.6197916666666666 0.9230324074074074 0.6178385416666666 0.9201388888888888 0.6178385416666666 0.9145447530864198 0.6223958333333334 0.9077932098765432 0.6297743055555556 0.9054783950617284 0.6382378472222222 0.9058641975308642
1 0.5501302083333334 0.9608410493827161 0.560546875 0.9612268518518519 0.5629340277777778 0.9656635802469136 0.5607638888888888 0.9739583333333334 0.5516493055555556 0.9758873456790124 0.5447048611111112 0.9737654320987654 0.5425347222222222 0.9675925925925926 0.5431857638888888 0.9625771604938271 0.5499131944444444 0.9608410493827161
1 0.6282552083333334 0.7928240740740741 0.6343315972222222 0.800733024691358 0.6265190972222222 0.7999614197530864 0.623046875 0.8030478395061729 0.6206597222222222 0.8011188271604939 0.6200086805555556 0.7924382716049383 0.6239149305555556 0.7910879629629629 0.6280381944444444 0.7928240740740741
1 0.453125 0.9627700617283951 0.458984375 0.964891975308642 0.4615885416666667 0.9702932098765432 0.4618055555555556 0.9739583333333334 0.4563802083333333 0.982445987654321 0.453125 0.984375 0.4509548611111111 0.9810956790123457 0.4500868055555556 0.9710648148148148 0.4529079861111111 0.9629629629629629
1 0.4494357638888889 0.9583333333333334 0.4537760416666667 0.9635416666666666 0.4461805555555556 0.9760802469135802 0.4427083333333333 0.9758873456790124 0.4405381944444444 0.9666280864197531 0.4431423611111111 0.9602623456790124 0.44921875 0.9585262345679012
1 0.5627170138888888 0.7905092592592593 0.5709635416666666 0.7953317901234568 0.5711805555555556 0.8005401234567902 0.564453125 0.7997685185185185 0.55859375 0.7937885802469136 0.5603298611111112 0.7903163580246914 0.5625 0.7905092592592593
1 0.5046657986111112 0.7964891975308642 0.014539930555555556 0.013117283950617283
1 0.8109809027777778 0.6126543209876543 0.8302951388888888 0.6134259259259259 0.8307291666666666 0.6213348765432098 0.8355034722222222 0.6267361111111112 0.828125 0.6296296296296297 0.822265625 0.6244212962962963 0.8101128472222222 0.6240354938271605 0.8070746527777778 0.6130401234567902 0.8107638888888888 0.6126543209876543
1 0.5362413194444444 0.7899305555555556 0.5260416666666666 0.7874228395061729 0.5221354166666666 0.7827932098765432 0.5225694444444444 0.7727623456790124 0.5325520833333334 0.7621527777777778 0.5399305555555556 0.7606095679012346 0.5444878472222222 0.7690972222222222 0.5421006944444444 0.7829861111111112 0.5364583333333334 0.7897376543209876
1 0.3357204861111111 0.9608410493827161 0.3396267361111111 0.9641203703703703 0.3411458333333333 0.9704861111111112 0.3324652777777778 0.9741512345679012 0.3231336805555556 0.9728009259259259 0.3205295138888889 0.9702932098765432 0.3233506944444444 0.9623842592592593 0.3355034722222222 0.9608410493827161
1 0.2619357638888889 0.9513888888888888 0.2654079861111111 0.9592978395061729 0.2723524305555556 0.9554398148148148 0.2758246527777778 0.9573688271604939 0.2799479166666667 0.9704861111111112 0.2725694444444444 0.9747299382716049 0.2684461805555556 0.9672067901234568 0.2612847222222222 0.9652777777777778 0.26171875 0.9515817901234568
1 0.2619357638888889 0.9506172839506173 0.2645399305555556 0.9579475308641975 0.2684461805555556 0.9600694444444444 0.2680121527777778 0.9664351851851852 0.26171875 0.9670138888888888 0.2593315972222222 0.9641203703703703 0.26171875 0.9508101851851852
1 0.3142361111111111 0.8292824074074074 0.3174913194444444 0.8267746913580247 0.3185763888888889 0.8341049382716049 0.3244357638888889 0.8402777777777778 0.3220486111111111 0.8487654320987654 0.3174913194444444 0.8518518518518519 0.3070746527777778 0.8522376543209876 0.3020833333333333 0.8470293209876543 0.3036024305555556 0.8414351851851852 0.3142361111111111 0.8294753086419753
1 0.19249131944444445 0.8900462962962963 0.216796875 0.8912037037037037 0.2204861111111111 0.8940972222222222 0.22200520833333334 0.8981481481481481 0.21788194444444445 0.9072145061728395 0.2068142361111111 0.908179012345679 0.19618055555555555 0.9052854938271605 0.1968315972222222 0.8975694444444444 0.1892361111111111 0.8910108024691358 0.19227430555555555 0.8900462962962963
1 0.1733940972222222 0.9197530864197531 0.1753472222222222 0.9220679012345679 0.1684027777777778 0.9286265432098766 0.16710069444444445 0.9214891975308642 0.17317708333333334 0.9197530864197531
1 0.9461805555555556 0.5979938271604939 0.953125 0.6024305555555556 0.9633246527777778 0.6151620370370371 0.9622395833333334 0.6176697530864198 0.9565972222222222 0.6184413580246914 0.953125 0.6224922839506173 0.9357638888888888 0.6089891975308642 0.9353298611111112 0.6049382716049383 0.9390190972222222 0.5995370370370371 0.9459635416666666 0.5979938271604939
1 0.6924913194444444 0.5806327160493827 0.7052951388888888 0.5883487654320988 0.7005208333333334 0.5925925925925926 0.6996527777777778 0.5987654320987654 0.6857638888888888 0.5978009259259259 0.6781684027777778 0.591820987654321 0.6788194444444444 0.5831404320987654 0.6922743055555556 0.5808256172839507
1 0.5826822916666666 0.6020447530864198 0.5891927083333334 0.6024305555555556 0.5915798611111112 0.6130401234567902 0.5850694444444444 0.6143904320987654 0.5828993055555556 0.6089891975308642 0.5779079861111112 0.6076388888888888 0.5757378472222222 0.6091820987654321 0.5746527777777778 0.6167052469135802 0.5711805555555556 0.6151620370370371 0.5666232638888888 0.6032021604938271 0.5824652777777778 0.6020447530864198
1 0.4251302083333333 0.6726466049382716 0.4262152777777778 0.685570987654321 0.4157986111111111 0.6873070987654321 0.4079861111111111 0.6921296296296297 0.4077690972222222 0.685570987654321 0.3980034722222222 0.6820987654320988 0.4064670138888889 0.6765046296296297 0.4249131944444444 0.6726466049382716
1 0.3528645833333333 0.7027391975308642 0.3598090277777778 0.7042824074074074 0.3611111111111111 0.7098765432098766 0.3591579861111111 0.7114197530864198 0.3524305555555556 0.7087191358024691 0.3472222222222222 0.7091049382716049 0.3483072916666667 0.7175925925925926 0.3435329861111111 0.716820987654321 0.3415798611111111 0.7064043209876543 0.3467881944444444 0.703125 0.3526475694444444 0.7027391975308642
1 0.3559027777777778 0.7029320987654321 0.3604600694444444 0.7052469135802469 0.3606770833333333 0.7100694444444444 0.3480902777777778 0.7092978395061729 0.3487413194444444 0.7177854938271605 0.3426649305555556 0.716820987654321 0.3400607638888889 0.7062114197530864 0.3470052083333333 0.7029320987654321 0.3556857638888889 0.7029320987654321
1 0.3433159722222222 0.7029320987654321 0.3582899305555556 0.7040895061728395 0.3602430555555556 0.7098765432098766 0.3491753472222222 0.7089120370370371 0.3487413194444444 0.7185570987654321 0.3409288194444444 0.7173996913580247 0.328125 0.7191358024691358 0.32421875 0.716820987654321 0.3298611111111111 0.7100694444444444 0.3305121527777778 0.7040895061728395 0.3430989583333333 0.7029320987654321
1 0.3274739583333333 0.7021604938271605 0.3546006944444444 0.703125 0.3604600694444444 0.7062114197530864 0.359375 0.7104552469135802 0.3528645833333333 0.7079475308641975 0.3483072916666667 0.7096836419753086 0.3489583333333333 0.7183641975308642 0.341796875 0.7172067901234568 0.328125 0.7193287037037037 0.3240017361111111 0.7172067901234568 0.3294270833333333 0.7100694444444444 0.328125 0.7077546296296297 0.3140190972222222 0.7121913580246914 0.3116319444444444 0.7112268518518519 0.3168402777777778 0.7029320987654321 0.3272569444444444 0.7021604938271605
1 0.3292100694444444 0.7023533950617284 0.3279079861111111 0.7071759259259259 0.3107638888888889 0.7139274691358025 0.3153211805555556 0.7027391975308642 0.3289930555555556 0.7023533950617284
1 0.3522135416666667 0.6570216049382716 0.3506944444444444 0.6649305555555556 0.3539496527777778 0.6722608024691358 0.3530815972222222 0.6803626543209876 0.3322482638888889 0.6817129629629629 0.32421875 0.6792052469135802 0.318359375 0.671875 0.3187934027777778 0.6684027777777778 0.3276909722222222 0.6701388888888888 0.3404947916666667 0.668016975308642 0.3483072916666667 0.658179012345679 0.3519965277777778 0.6570216049382716
1 0.2899305555555556 0.6577932098765432 0.3001302083333333 0.6612654320987654 0.3025173611111111 0.6674382716049383 0.3098958333333333 0.6716820987654321 0.3125 0.6780478395061729 0.3114149305555556 0.6813271604938271 0.3009982638888889 0.6807484567901234 0.2890625 0.6851851851851852 0.2819010416666667 0.6703317901234568 0.2827690972222222 0.6676311728395061 0.2894965277777778 0.6695601851851852 0.2918836805555556 0.668016975308642 0.2897135416666667 0.6579861111111112
1 0.2065972222222222 0.6778549382716049 0.21006944444444445 0.6801697530864198 0.2109375 0.6859567901234568 0.1994357638888889 0.6969521604938271 0.1957465277777778 0.6959876543209876 0.19444444444444445 0.6853780864197531 0.1996527777777778 0.6795910493827161 0.20638020833333334 0.6778549382716049
1 0.1154513888888889 0.9486882716049383 0.126953125 0.9521604938271605 0.126953125 0.9612268518518519 0.12348090277777778 0.9645061728395061 0.111328125 0.9564043209876543 0.111328125 0.9496527777777778 0.115234375 0.9486882716049383
1 0.1404079861111111 0.6630015432098766 0.14171006944444445 0.6682098765432098 0.14735243055555555 0.6716820987654321 0.14778645833333334 0.6828703703703703 0.1265190972222222 0.685570987654321 0.1189236111111111 0.6813271604938271 0.11197916666666667 0.671875 0.11284722222222222 0.6695601851851852 0.12434895833333333 0.6712962962962963 0.1265190972222222 0.6637731481481481 0.13389756944444445 0.6662808641975309 0.1401909722222222 0.6631944444444444
1 0.9424913194444444 0.3541666666666667 0.9611545138888888 0.3589891975308642 0.9670138888888888 0.36766975308641975 0.966796875 0.3699845679012346 0.9633246527777778 0.3707561728395062 0.95703125 0.3653549382716049 0.9427083333333334 0.3609182098765432 0.9424913194444444 0.3543595679012346
1 0.935546875 0.35358796296296297 0.9357638888888888 0.3611111111111111 0.9255642361111112 0.3722993827160494 0.9210069444444444 0.3697916666666667 0.9214409722222222 0.36323302469135804 0.9286024305555556 0.35551697530864196 0.9353298611111112 0.35358796296296297
1 0.5479600694444444 0.357445987654321 0.5531684027777778 0.3697916666666667 0.5466579861111112 0.37808641975308643 0.5405815972222222 0.38136574074074076 0.5379774305555556 0.3800154320987654 0.5358072916666666 0.373070987654321 0.5438368055555556 0.3591820987654321 0.5477430555555556 0.357445987654321
1 0.4129774305555556 0.3705632716049383 0.4288194444444444 0.3775077160493827 0.4322916666666667 0.3819444444444444 0.4305555555555556 0.3869598765432099 0.4184027777777778 0.3900462962962963 0.4025607638888889 0.3836805555555556 0.4090711805555556 0.37808641975308643 0.408203125 0.37114197530864196 0.4127604166666667 0.3705632716049383
1 0.5364583333333334 0.2021604938271605 0.5431857638888888 0.21354166666666666 0.5342881944444444 0.21431327160493827 0.5314670138888888 0.21315586419753085 0.5340711805555556 0.2033179012345679 0.5362413194444444 0.2021604938271605
1 0.4496527777777778 0.22260802469135801 0.4574652777777778 0.22743055555555555 0.458984375 0.23109567901234568 0.4463975694444444 0.24594907407407407 0.4437934027777778 0.24479166666666666 0.4427083333333333 0.24074074074074073 0.4392361111111111 0.24402006172839505 0.4372829861111111 0.24131944444444445 0.4353298611111111 0.22723765432098766 0.4494357638888889 0.22260802469135801
1 0.4915364583333333 0.19984567901234568 0.4934895833333333 0.21334876543209877 0.4887152777777778 0.21431327160493827 0.4830729166666667 0.21334876543209877 0.4913194444444444 0.19984567901234568
1 0.4713541666666667 0.2019675925925926 0.4774305555555556 0.2023533950617284 0.4817708333333333 0.20640432098765432 0.4819878472222222 0.21334876543209877 0.4772135416666667 0.21431327160493827 0.4735243055555556 0.21373456790123457 0.4720052083333333 0.20891203703703703 0.4663628472222222 0.2033179012345679 0.4711371527777778 0.2019675925925926
1 0.4448784722222222 0.2027391975308642 0.4490017361111111 0.20987654320987653 0.4463975694444444 0.21431327160493827 0.4361979166666667 0.21334876543209877 0.4418402777777778 0.203125 0.4446614583333333 0.2027391975308642
1 0.984375 0.14544753086419754 0.03125 0.02970679012345679
1 0.5570746527777778 0.16454475308641975 0.5598958333333334 0.16743827160493827 0.5592447916666666 0.17496141975308643 0.5538194444444444 0.18364197530864199 0.5499131944444444 0.18479938271604937 0.5418836805555556 0.18190586419753085 0.5394965277777778 0.17804783950617284 0.5390625 0.16898148148148148 0.5399305555555556 0.16724537037037038 0.5431857638888888 0.16782407407407407 0.5470920138888888 0.1714891975308642 0.5538194444444444 0.16493055555555555 0.5568576388888888 0.16473765432098766
1 0.5086805555555556 0.16801697530864199 0.515625 0.16705246913580246 0.5223524305555556 0.16010802469135801 0.5260416666666666 0.1730324074074074 0.5240885416666666 0.18132716049382716 0.5147569444444444 0.18229166666666666 0.5067274305555556 0.17515432098765432 0.5086805555555556 0.16820987654320987
1 0.4778645833333333 0.171875 0.4858940972222222 0.17515432098765432 0.4876302083333333 0.17804783950617284 0.4856770833333333 0.18557098765432098 0.4806857638888889 0.1884645061728395 0.4704861111111111 0.1857638888888889 0.4670138888888889 0.17862654320987653 0.4698350694444444 0.1728395061728395 0.4776475694444444 0.171875
1 0.4943576388888889 0.16319444444444445 0.5049913194444444 0.16338734567901234 0.5115017361111112 0.1684027777777778 0.5084635416666666 0.17592592592592593 0.4956597222222222 0.17708333333333334 0.4884982638888889 0.17611882716049382 0.4861111111111111 0.171875 0.4865451388888889 0.16493055555555555 0.494140625 0.16319444444444445
1 0.4665798611111111 0.16724537037037038 0.4700520833333333 0.1720679012345679 0.4600694444444444 0.18267746913580246 0.4513888888888889 0.17862654320987653 0.4500868055555556 0.1716820987654321 0.4598524305555556 0.16415895061728394 0.4663628472222222 0.16724537037037038
1 0.4340277777777778 0.1711033950617284 0.4422743055555556 0.17457561728395063 0.4459635416666667 0.17901234567901234 0.4448784722222222 0.18267746913580246 0.4366319444444444 0.1861496913580247 0.4320746527777778 0.19155092592592593 0.4264322916666667 0.18460648148148148 0.4168836805555556 0.17862654320987653 0.4197048611111111 0.171875 0.4338107638888889 0.1711033950617284
1 0.4155815972222222 0.16493055555555555 0.4192708333333333 0.16820987654320987 0.4192708333333333 0.17669753086419754 0.4149305555555556 0.18267746913580246 0.4047309027777778 0.18595679012345678 0.40234375 0.18422067901234568 0.4006076388888889 0.1753472222222222 0.4086371527777778 0.16473765432098766 0.4153645833333333 0.16493055555555555
1 0.4743923611111111 0.1392746913580247 0.4806857638888889 0.14255401234567902 0.4921875 0.14390432098765432 0.4976128472222222 0.14756944444444445 0.4973958333333333 0.15104166666666666 0.4950086805555556 0.15219907407407407 0.4728732638888889 0.15084876543209877 0.4722222222222222 0.140625 0.4741753472222222 0.1392746913580247
1 0.5575086805555556 0.09857253086419752 0.5648871527777778 0.10243055555555555 0.5642361111111112 0.10609567901234568 0.5501302083333334 0.10416666666666667 0.5505642361111112 0.09992283950617284 0.5572916666666666 0.09857253086419752
1 0.5798611111111112 0.09799382716049383 0.5802951388888888 0.10358796296296297 0.5748697916666666 0.10667438271604938 0.5592447916666666 0.10570987654320987 0.5499131944444444 0.10223765432098765 0.5568576388888888 0.09895833333333333 0.5677083333333334 0.10146604938271606 0.5796440972222222 0.09799382716049383
1 0.6438802083333334 0.05652006172839506 0.6456163194444444 0.06751543209876543 0.6328125 0.06751543209876543 0.6336805555555556 0.056712962962962965 0.6404079861111112 0.059799382716049385 0.6436631944444444 0.056712962962962965
1 0.4585503472222222 0.11207561728395062 0.4633246527777778 0.11477623456790123 0.4659288194444444 0.11959876543209877 0.4641927083333333 0.12943672839506173 0.4490017361111111 0.12827932098765432 0.4429253472222222 0.13040123456790123 0.4398871527777778 0.13001543209876543 0.4440104166666667 0.1248070987654321 0.4463975694444444 0.11535493827160494 0.4583333333333333 0.11207561728395062
1 0.5438368055555556 0.0642361111111111 0.55078125 0.07908950617283951 0.5470920138888888 0.08545524691358025 0.5436197916666666 0.08699845679012345 0.5368923611111112 0.08526234567901235 0.5329861111111112 0.0785108024691358 0.5349392361111112 0.07118055555555555 0.5436197916666666 0.0642361111111111
1 0.2901475694444444 0.4583333333333333 0.2936197916666667 0.45987654320987653 0.2934027777777778 0.4739583333333333 0.2897135416666667 0.47858796296296297 0.2779947916666667 0.4818672839506173 0.2758246527777778 0.49016203703703703 0.2723524305555556 0.4876543209876543 0.26953125 0.4704861111111111 0.2758246527777778 0.4618055555555556 0.2829861111111111 0.46219135802469136 0.2899305555555556 0.4583333333333333
1 0.2309027777777778 0.42824074074074076 0.2341579861111111 0.42997685185185186 0.24153645833333334 0.4425154320987654 0.24131944444444445 0.44598765432098764 0.22960069444444445 0.44463734567901236 0.2309027777777778 0.42843364197530864
1 0.18641493055555555 0.37210648148148145 0.19249131944444445 0.3765432098765432 0.2087673611111111 0.38059413580246915 0.20963541666666666 0.3836805555555556 0.2072482638888889 0.38657407407407407 0.19639756944444445 0.3939043209876543 0.19053819444444445 0.38580246913580246 0.17578125 0.3800154320987654 0.17513020833333334 0.3765432098765432 0.1820746527777778 0.3757716049382716 0.18619791666666666 0.37210648148148145
1 0.12196180555555555 0.4419367283950617 0.1254340277777778 0.44733796296296297 0.1388888888888889 0.4583333333333333 0.1480034722222222 0.45929783950617287 0.14561631944444445 0.466820987654321 0.1480034722222222 0.47530864197530864 0.1404079861111111 0.4739583333333333 0.1371527777777778 0.47608024691358025 0.13346354166666666 0.47588734567901236 0.1267361111111111 0.4672067901234568 0.11979166666666667 0.47087191358024694 0.11610243055555555 0.4704861111111111 0.11848958333333333 0.4600694444444444 0.11393229166666667 0.4461805555555556 0.11675347222222222 0.4427083333333333 0.12174479166666667 0.4419367283950617
1 0.14756944444444445 0.36593364197530864 0.15755208333333334 0.37712191358024694 0.1560329861111111 0.38329475308641975 0.1508246527777778 0.38599537037037035 0.1440972222222222 0.38483796296296297 0.13997395833333334 0.37982253086419754 0.14171006944444445 0.36766975308641975 0.14735243055555555 0.36593364197530864
1 0.091796875 0.36593364197530864 0.1056857638888889 0.3746141975308642 0.10633680555555555 0.38233024691358025 0.10264756944444445 0.3846450617283951 0.09266493055555555 0.38329475308641975 0.08723958333333333 0.3699845679012346 0.0876736111111111 0.36651234567901236 0.0915798611111111 0.36593364197530864
1 0.4704861111111111 0.07098765432098765 0.4739583333333333 0.07214506172839506 0.48046875 0.08140432098765432 0.4782986111111111 0.08815586419753087 0.4733072916666667 0.08834876543209877 0.4694010416666667 0.08256172839506173 0.4678819444444444 0.07465277777777778 0.4702690972222222 0.07118055555555555
1 0.2875434027777778 0.2775848765432099 0.2897135416666667 0.2787422839506173 0.2888454861111111 0.29108796296296297 0.2955729166666667 0.3001543209876543 0.2892795138888889 0.30150462962962965 0.2827690972222222 0.3072916666666667 0.2699652777777778 0.3013117283950617 0.2686631944444444 0.29398148148148145 0.2764756944444444 0.2795138888888889 0.2873263888888889 0.2775848765432099
1 0.2319878472222222 0.26697530864197533 0.23828125 0.2692901234567901 0.240234375 0.2797067901234568 0.2380642361111111 0.2810570987654321 0.2228732638888889 0.279320987654321 0.22721354166666666 0.2665895061728395 0.23177083333333334 0.26697530864197533
1 0.2690972222222222 0.14293981481481483 0.2725694444444444 0.1550925925925926 0.2651909722222222 0.1566358024691358 0.2608506944444444 0.1545138888888889 0.2621527777777778 0.14795524691358025 0.2688802083333333 0.1431327160493827
1 0.026475694444444444 0.7797067901234568 0.038411458333333336 0.7901234567901234 0.013237847222222222 0.7945601851851852 0.008463541666666666 0.7943672839506173 0.009548611111111112 0.7901234567901234 0.026258680555555556 0.7797067901234568
1 0 0.5113811728395061 0.0028211805555555555 0.5121527777777778 0.008029513888888888 0.5243055555555556 0.019097222222222224 0.5243055555555556 0.020833333333333332 0.5271990740740741 0.016927083333333332 0.543016975308642 0.018880208333333332 0.5501543209876543 0.015190972222222222 0.5501543209876543 0.008680555555555556 0.5439814814814815 0 0.5478395061728395 0 0.5115740740740741
1 0.07465277777777778 0.36574074074074076 0.0859375 0.36824845679012347 0.08875868055555555 0.3792438271604938 0.08702256944444445 0.38290895061728397 0.08094618055555555 0.3836805555555556 0.07573784722222222 0.3802083333333333 0.0744357638888889 0.36593364197530864
1 0.037109375 0.41512345679012347 0.038411458333333336 0.4315200617283951 0.022569444444444444 0.42901234567901236 0.019097222222222224 0.4220679012345679 0.022135416666666668 0.41782407407407407 0.029513888888888888 0.4214891975308642 0.03689236111111111 0.41512345679012347
1 0.5544704861111112 0.048996913580246916 0.5577256944444444 0.06076388888888889 0.5577256944444444 0.0642361111111111 0.5546875 0.06500771604938271 0.5436197916666666 0.0642361111111111 0.5427517361111112 0.056712962962962965 0.5431857638888888 0.05015432098765432 0.5542534722222222 0.048996913580246916
1 0.443359375 0.060570987654320986 0.4505208333333333 0.07484567901234568 0.44921875 0.0787037037037037 0.4431423611111111 0.08063271604938271 0.4366319444444444 0.0783179012345679 0.4344618055555556 0.06925154320987655 0.4353298611111111 0.06365740740740741 0.4431423611111111 0.060570987654320986
1 0.390625 0.05844907407407408 0.3960503472222222 0.06076388888888889 0.400390625 0.07368827160493827 0.3982204861111111 0.07889660493827161 0.3927951388888889 0.07735339506172839 0.3901909722222222 0.07060185185185185 0.390625 0.05864197530864197
1 0.24131944444444445 0.1419753086419753 0.2510850694444444 0.14756944444444445 0.2578125 0.1545138888888889 0.251953125 0.15625 0.24153645833333334 0.15432098765432098 0.24110243055555555 0.14216820987654322
1 0.3459201388888889 0.07195216049382716 0.3517795138888889 0.0779320987654321 0.3515625 0.08140432098765432 0.3485243055555556 0.08487654320987655 0.3420138888888889 0.08680555555555555 0.3307291666666667 0.08487654320987655 0.3387586805555556 0.07445987654320987 0.345703125 0.07195216049382716
1 0.05078125 0.3584104938271605 0.06076388888888889 0.3663194444444444 0.06380208333333333 0.37364969135802467 0.060546875 0.38213734567901236 0.050347222222222224 0.3854166666666667 0.044921875 0.3836805555555556 0.044921875 0.3802083333333333 0.04991319444444445 0.37037037037037035 0.045572916666666664 0.36246141975308643 0.05056423611111111 0.3584104938271605
1 0 0.41512345679012347 0.005208333333333333 0.4182098765432099 0.009765625 0.4251543209876543 0.008680555555555556 0.42843364197530864 0 0.42727623456790126 0 0.41531635802469136
1 0.8142361111111112 0.033179012345679014 0.8313802083333334 0.03973765432098766 0.8289930555555556 0.04841820987654321 0.8237847222222222 0.04996141975308642 0.8057725694444444 0.046875 0.806640625 0.03896604938271605 0.8140190972222222 0.033371913580246916
1 0.48828125 0.03260030864197531 0.4930555555555556 0.03510802469135803 0.4986979166666667 0.0466820987654321 0.4982638888888889 0.050347222222222224 0.4924045138888889 0.052662037037037035 0.4865451388888889 0.05131172839506173 0.4845920138888889 0.0470679012345679 0.4880642361111111 0.03260030864197531
1 0.4720052083333333 0.03279320987654321 0.4809027777777778 0.035493827160493825 0.4837239583333333 0.039544753086419755 0.4776475694444444 0.04841820987654321 0.4635416666666667 0.043402777777777776 0.4542100694444444 0.036458333333333336 0.4561631944444444 0.03298611111111111 0.4717881944444444 0.03279320987654321
1 0.031032986111111112 0.3584104938271605 0.03624131944444445 0.3626543209876543 0.04318576388888889 0.37635030864197533 0.03993055555555555 0.38503086419753085 0.029730902777777776 0.37962962962962965 0.018229166666666668 0.3800154320987654 0.006076388888888889 0.3732638888888889 0.007161458333333333 0.36959876543209874 0.015842013888888888 0.36689814814814814 0.022569444444444444 0.3589891975308642 0.029079861111111112 0.3566743827160494 0.030815972222222224 0.3584104938271605
1 0.015842013888888888 0.33815586419753085 0.040581597222222224 0.36921296296296297 0.04296875 0.3775077160493827 0.039713541666666664 0.38503086419753085 0.029296875 0.37905092592592593 0.019097222222222224 0.3794367283950617 0.008463541666666666 0.3732638888888889 0.021050347222222224 0.3630401234567901 0.018663194444444444 0.3597608024691358 0.011935763888888888 0.3582175925925926 0.004774305555555556 0.35281635802469136 0.01171875 0.3385416666666667 0.015625 0.33815586419753085
1 0.016710069444444444 0.3377700617283951 0.024088541666666668 0.3487654320987654 0.023003472222222224 0.3559027777777778 0.012586805555555556 0.3591820987654321 0 0.3584104938271605 0 0.3445216049382716 0.005425347222222222 0.3447145061728395 0.01171875 0.33719135802469136 0.016493055555555556 0.3377700617283951
1 0.1636284722222222 0.03125 0.16710069444444445 0.03298611111111111 0.16796875 0.040123456790123455 0.1655815972222222 0.046875 0.16145833333333334 0.050540123456790126 0.1501736111111111 0.04841820987654321 0.1384548611111111 0.036265432098765434 0.1410590277777778 0.031635802469135804 0.16341145833333334 0.03125
1 0.9405381944444444 0.328125 0.9401041666666666 0.341820987654321 0.9418402777777778 0.34375 0.9461805555555556 0.3431712962962963 0.9526909722222222 0.3395061728395062 0.9565972222222222 0.33989197530864196 0.9607204861111112 0.33834876543209874 0.9600694444444444 0.3368055555555556 0.9602864583333334 0.3279320987654321 0.9596354166666666 0.3273533950617284 0.953125 0.32503858024691357 0.94921875 0.32677469135802467 0.9457465277777778 0.3248456790123457 0.9424913194444444 0.3244598765432099