1 0.8187934027777778 0.9782021604938271 0.8213975694444444 0.9845679012345679 0.8179253472222222 0.9876543209876543 0.806640625 0.9866898148148148 0.8042534722222222 0.9820601851851852 0.8075086805555556 0.9787808641975309 0.8185763888888888 0.9782021604938271
1 0.7740885416666666 0.8655478395061729 0.7795138888888888 0.8672839506172839 0.7834201388888888 0.8761574074074074 0.7779947916666666 0.8771219135802469 0.7758246527777778 0.8796296296296297 0.7730034722222222 0.8786651234567902 0.7723524305555556 0.8721064814814815 0.767578125 0.8665123456790124 0.7738715277777778 0.8655478395061729
1 0.8038194444444444 0.7908950617283951 0.8083767361111112 0.7934027777777778 0.8072916666666666 0.8018904320987654 0.8038194444444444 0.8001543209876543 0.8020833333333334 0.7934027777777778 0.8036024305555556 0.7910879629629629
1 0.6358506944444444 0.9054783950617284 0.6475694444444444 0.9122299382716049 0.6534288194444444 0.9216820987654321 0.6451822916666666 0.925733024691358 0.640625 0.9234182098765432 0.6295572916666666 0.9247685185185185 0.6180555555555556 0.9212962962962963 0.6174045138888888 0.9153163580246914 0.6215277777777778 0.9089506172839507 0.6356336805555556 0.9054783950617284
1 0.55859375 0.9606481481481481 0.5622829861111112 0.9633487654320988 0.5607638888888888 0.9733796296296297 0.5514322916666666 0.9758873456790124 0.544921875 0.9737654320987654 0.54296875 0.9629629629629629 0.5583767361111112 0.9606481481481481
1 0.6130642361111112 0.7918595679012346 0.6245659722222222 0.7910879629629629 0.6282552083333334 0.7932098765432098 0.6280381944444444 0.8018904320987654 0.6163194444444444 0.8043981481481481 0.6126302083333334 0.8038194444444444 0.609375 0.8001543209876543 0.6069878472222222 0.7934027777777778 0.6128472222222222 0.7918595679012346
1 0.4529079861111111 0.9623842592592593 0.4598524305555556 0.9656635802469136 0.4609375 0.9699074074074074 0.4602864583333333 0.9772376543209876 0.4557291666666667 0.9832175925925926 0.4522569444444444 0.9839891975308642 0.4494357638888889 0.9702932098765432 0.4529079861111111 0.9625771604938271
1 0.564453125 0.7895447530864198 0.5740017361111112 0.7966820987654321 0.5679253472222222 0.8001543209876543 0.5607638888888888 0.7899305555555556 0.5642361111111112 0.7895447530864198
1 0.4481336805555556 0.9589120370370371 0.4524739583333333 0.9600694444444444 0.4544270833333333 0.9637345679012346 0.4496527777777778 0.9708719135802469 0.4463975694444444 0.9722222222222222 0.431640625 0.9702932098765432 0.4398871527777778 0.9666280864197531 0.4392361111111111 0.9592978395061729 0.4479166666666667 0.9589120370370371
1 0.8198784722222222 0.6128472222222222 0.8302951388888888 0.6138117283950617 0.8309461805555556 0.6224922839506173 0.8348524305555556 0.6278935185185185 0.8337673611111112 0.6300154320987654 0.828125 0.6304012345679012 0.82421875 0.6253858024691358 0.8107638888888888 0.6251929012345679 0.8081597222222222 0.6228780864197531 0.8075086805555556 0.6128472222222222 0.8196614583333334 0.6128472222222222
1 0.5397135416666666 0.7608024691358025 0.5442708333333334 0.7723765432098766 0.5418836805555556 0.7835648148148148 0.5366753472222222 0.7899305555555556 0.5260416666666666 0.7876157407407407 0.5225694444444444 0.7845293209876543 0.5223524305555556 0.7748842592592593 0.5327690972222222 0.761766975308642 0.5394965277777778 0.7608024691358025
1 0.3352864583333333 0.9604552469135802 0.3394097222222222 0.9635416666666666 0.3411458333333333 0.970679012345679 0.3322482638888889 0.9737654320987654 0.3209635416666667 0.9704861111111112 0.3220486111111111 0.9635416666666666 0.3350694444444444 0.9604552469135802
1 0.2619357638888889 0.9515817901234568 0.2654079861111111 0.9592978395061729 0.2723524305555556 0.9554398148148148 0.2745225694444444 0.9565972222222222 0.2803819444444444 0.9704861111111112 0.2725694444444444 0.9755015432098766 0.2682291666666667 0.9675925925925926 0.2601996527777778 0.9646990740740741 0.26171875 0.9517746913580247
1 0.3142361111111111 0.8288966049382716 0.3248697916666667 0.8400848765432098 0.32421875 0.8454861111111112 0.3209635416666667 0.8495370370370371 0.314453125 0.8518518518518519 0.3070746527777778 0.8520447530864198 0.3023003472222222 0.8487654320987654 0.3036024305555556 0.8416280864197531 0.3142361111111111 0.8290895061728395
1 0.5828993055555556 0.6016589506172839 0.5902777777777778 0.6024305555555556 0.5933159722222222 0.6101466049382716 0.5915798611111112 0.611304012345679 0.5813802083333334 0.6087962962962963 0.5746527777777778 0.6141975308641975 0.5677083333333334 0.6103395061728395 0.5651041666666666 0.6024305555555556 0.5826822916666666 0.6016589506172839
1 0.4246961805555556 0.6745756172839507 0.4301215277777778 0.6784336419753086 0.4290364583333333 0.6847993827160493 0.4147135416666667 0.6869212962962963 0.4051649305555556 0.6917438271604939 0.4034288194444444 0.6857638888888888 0.3940972222222222 0.6834490740740741 0.3936631944444444 0.6807484567901234 0.4129774305555556 0.6753472222222222 0.4244791666666667 0.6745756172839507
1 0.353515625 0.7027391975308642 0.3608940972222222 0.705054012345679 0.361328125 0.7100694444444444 0.3591579861111111 0.7116126543209876 0.3452690972222222 0.7094907407407407 0.33984375 0.7064043209876543 0.3463541666666667 0.703125 0.3532986111111111 0.7027391975308642
1 0.3352864583333333 0.7027391975308642 0.3463541666666667 0.7054398148148148 0.349609375 0.7170138888888888 0.3350694444444444 0.7197145061728395 0.3257378472222222 0.7179783950617284 0.3287760416666667 0.7096836419753086 0.3224826388888889 0.7065972222222222 0.3270399305555556 0.703125 0.3350694444444444 0.7027391975308642
1 0.1892361111111111 0.886766975308642 0.19618055555555555 0.8913966049382716 0.2107204861111111 0.8910108024691358 0.2202690972222222 0.8939043209876543 0.22200520833333334 0.8983410493827161 0.21940104166666666 0.9054783950617284 0.2085503472222222 0.908179012345679 0.19661458333333334 0.9060570987654321 0.1957465277777778 0.8971836419753086 0.1892361111111111 0.890625 0.1890190972222222 0.8869598765432098
1 0.1508246527777778 0.9940200617283951 0.15147569444444445 0.9998070987654321 0.1440972222222222 0.9998070987654321 0.14713541666666666 0.9942129629629629 0.1506076388888889 0.9940200617283951
1 0.17274305555555555 0.9195601851851852 0.1753472222222222 0.9220679012345679 0.1684027777777778 0.9293981481481481 0.16688368055555555 0.9216820987654321 0.17252604166666666 0.9195601851851852
1 0.11284722222222222 0.9481095679012346 0.1267361111111111 0.9515817901234568 0.1265190972222222 0.9619984567901234 0.1232638888888889 0.964891975308642 0.11957465277777778 0.964891975308642 0.1111111111111111 0.9596836419753086 0.11263020833333333 0.9483024691358025
1 0.10264756944444445 0.9768518518518519 0.1076388888888889 0.980516975308642 0.1056857638888889 0.9942129629629629 0.10243055555555555 0.9936342592592593 0.09830729166666667 0.9845679012345679 0.09895833333333333 0.9785879629629629 0.10243055555555555 0.9768518518518519
1 0.9440104166666666 0.5978009259259259 0.9518229166666666 0.6014660493827161 0.9622395833333334 0.6128472222222222 0.9626736111111112 0.6172839506172839 0.9563802083333334 0.6188271604938271 0.9533420138888888 0.6221064814814815 0.9359809027777778 0.609375 0.9364149305555556 0.6024305555555556 0.9437934027777778 0.5978009259259259
1 0.9424913194444444 0.3551311728395062 0.9598524305555556 0.3584104938271605 0.966796875 0.36593364197530864 0.9633246527777778 0.36959876543209874 0.9561631944444444 0.36516203703703703 0.9431423611111112 0.36149691358024694 0.9424913194444444 0.35532407407407407
1 0.6929253472222222 0.5808256172839507 0.7052951388888888 0.5883487654320988 0.7007378472222222 0.5931712962962963 0.6996527777777778 0.5989583333333334 0.6857638888888888 0.5985725308641975 0.6775173611111112 0.591820987654321 0.6788194444444444 0.5827546296296297 0.6927083333333334 0.5808256172839507
1 0.9342447916666666 0.35358796296296297 0.9370659722222222 0.3557098765432099 0.9368489583333334 0.3595679012345679 0.9288194444444444 0.3707561728395062 0.9253472222222222 0.3724922839506173 0.9210069444444444 0.3697916666666667 0.9205729166666666 0.36516203703703703 0.9290364583333334 0.3549382716049383 0.9340277777777778 0.35358796296296297
1 0.943359375 0.32330246913580246 0.9494357638888888 0.3279320987654321 0.9574652777777778 0.3254243827160494 0.9609375 0.328125 0.9576822916666666 0.3323688271604938 0.9509548611111112 0.3333333333333333 0.9427083333333334 0.34510030864197533 0.9398871527777778 0.34162808641975306 0.9398871527777778 0.3368055555555556 0.9409722222222222 0.32503858024691357 0.9431423611111112 0.32330246913580246
1 0.5483940972222222 0.357445987654321 0.5533854166666666 0.36959876543209874 0.544921875 0.37982253086419754 0.5403645833333334 0.38155864197530864 0.5355902777777778 0.373070987654321 0.5438368055555556 0.3589891975308642 0.5481770833333334 0.357445987654321
1 0.4114583333333333 0.3699845679012346 0.4290364583333333 0.3777006172839506 0.4320746527777778 0.38117283950617287 0.4307725694444444 0.3869598765432099 0.4186197916666667 0.3898533950617284 0.40234375 0.3836805555555556 0.4077690972222222 0.3792438271604938 0.408203125 0.3713348765432099 0.4112413194444444 0.3699845679012346
1 0.5364583333333334 0.2021604938271605 0.5431857638888888 0.21354166666666666 0.533203125 0.21412037037037038 0.5310329861111112 0.21334876543209877 0.5362413194444444 0.2021604938271605
1 0.9997829861111112 0.13059413580246915 0.9997829861111112 0.1597222222222222 0.9963107638888888 0.16010802469135801 0.9809027777777778 0.15432098765432098 0.970703125 0.1552854938271605 0.9696180555555556 0.15142746913580246 0.9743923611111112 0.14351851851851852 0.9811197916666666 0.1417824074074074 0.9913194444444444 0.13329475308641975 0.9995659722222222 0.13059413580246915
1 0.4507378472222222 0.22318672839506173 0.45703125 0.22723765432098766 0.4587673611111111 0.2309027777777778 0.4461805555555556 0.24614197530864199 0.4427083333333333 0.24093364197530864 0.439453125 0.24324845679012347 0.4370659722222222 0.24131944444444445 0.4353298611111111 0.22723765432098766 0.4505208333333333 0.22318672839506173
1 0.4895833333333333 0.20669367283950618 0.01171875 0.015625
1 0.4670138888888889 0.20081018518518517 0.4806857638888889 0.2042824074074074 0.4826388888888889 0.20640432098765432 0.4822048611111111 0.21334876543209877 0.4739583333333333 0.21412037037037038 0.4728732638888889 0.20891203703703703 0.466796875 0.2038966049382716 0.466796875 0.2010030864197531
1 0.443359375 0.2027391975308642 0.4483506944444444 0.20987654320987653 0.4485677083333333 0.21334876543209877 0.4461805555555556 0.21431327160493827 0.4359809027777778 0.21334876543209877 0.4431423611111111 0.2027391975308642
1 0.5538194444444444 0.16493055555555555 0.5590277777777778 0.16512345679012347 0.5598958333333334 0.16994598765432098 0.5581597222222222 0.17881944444444445 0.5536024305555556 0.18422067901234568 0.5436197916666666 0.18325617283950618 0.5390625 0.17554012345679013 0.5397135416666666 0.16743827160493827 0.5470920138888888 0.1714891975308642 0.5538194444444444 0.16512345679012347
1 0.5223524305555556 0.15991512345679013 0.5260416666666666 0.171875 0.5251736111111112 0.18016975308641975 0.5149739583333334 0.18229166666666666 0.5067274305555556 0.1753472222222222 0.5084635416666666 0.16994598765432098 0.5160590277777778 0.16743827160493827 0.5221354166666666 0.16010802469135801
1 0.48046875 0.1730324074074074 0.4867621527777778 0.17515432098765432 0.48828125 0.17862654320987653 0.4856770833333333 0.1857638888888889 0.4811197916666667 0.1882716049382716 0.4704861111111111 0.18595679012345678 0.4676649305555556 0.17939814814814814 0.4702690972222222 0.1730324074074074 0.4802517361111111 0.1730324074074074
1 0.5045572916666666 0.16377314814814814 0.5112847222222222 0.16820987654320987 0.5084635416666666 0.17573302469135801 0.4952256944444444 0.17727623456790123 0.4876302083333333 0.17573302469135801 0.4871961805555556 0.16473765432098766 0.5043402777777778 0.16377314814814814
1 0.466796875 0.16743827160493827 0.4700520833333333 0.1716820987654321 0.46875 0.17515432098765432 0.4600694444444444 0.18267746913580246 0.451171875 0.17843364197530864 0.4500868055555556 0.1714891975308642 0.4596354166666667 0.16415895061728394 0.4633246527777778 0.16415895061728394 0.4665798611111111 0.16743827160493827
1 0.4366319444444444 0.1716820987654321 0.4424913194444444 0.1743827160493827 0.4461805555555556 0.17939814814814814 0.443359375 0.18422067901234568 0.4357638888888889 0.1867283950617284 0.4322916666666667 0.19116512345679013 0.4171006944444444 0.17862654320987653 0.4216579861111111 0.171875 0.4253472222222222 0.17341820987654322 0.4364149305555556 0.1716820987654321
1 0.474609375 0.1398533950617284 0.4800347222222222 0.14293981481481483 0.4880642361111111 0.1419753086419753 0.498046875 0.14621913580246915 0.5049913194444444 0.14429012345679013 0.5049913194444444 0.1587577160493827 0.5023871527777778 0.1579861111111111 0.5017361111111112 0.15297067901234568 0.4874131944444444 0.15239197530864199 0.4774305555555556 0.14679783950617284 0.4739583333333333 0.14718364197530864 0.4743923611111111 0.1398533950617284
1 0.5792100694444444 0.09818672839506173 0.580078125 0.10339506172839506 0.5748697916666666 0.10628858024691358 0.5668402777777778 0.10590277777777778 0.5666232638888888 0.10281635802469136 0.5789930555555556 0.09818672839506173
1 0.4112413194444444 0.16377314814814814 0.4181857638888889 0.16666666666666666 0.4205729166666667 0.1716820987654321 0.4157986111111111 0.18171296296296297 0.4040798611111111 0.18595679012345678 0.4008246527777778 0.17939814814814814 0.4008246527777778 0.17496141975308643 0.4110243055555556 0.16396604938271606
1 0.5579427083333334 0.09895833333333333 0.564453125 0.10223765432098765 0.5640190972222222 0.10590277777777778 0.5536024305555556 0.10570987654320987 0.5494791666666666 0.10339506172839506 0.5503472222222222 0.10088734567901235 0.5577256944444444 0.09895833333333333
1 0.6341145833333334 0.05613425925925926 0.6440972222222222 0.056712962962962965 0.6460503472222222 0.06365740740740741 0.64453125 0.06790123456790123 0.6334635416666666 0.06751543209876543 0.6338975694444444 0.05613425925925926
1 0.4572482638888889 0.11226851851851852 0.4633246527777778 0.11496913580246913 0.4661458333333333 0.11959876543209877 0.4639756944444444 0.12982253086419754 0.44921875 0.12808641975308643 0.4431423611111111 0.13040123456790123 0.4396701388888889 0.13001543209876543 0.4440104166666667 0.1251929012345679 0.447265625 0.11458333333333333 0.45703125 0.11226851851851852
1 0.6336805555555556 0.05497685185185185 0.6378038194444444 0.05787037037037037 0.6382378472222222 0.06732253086419752 0.6330295138888888 0.06751543209876543 0.6334635416666666 0.055169753086419755
1 0.5434027777777778 0.06346450617283951 0.55078125 0.078125 0.5503472222222222 0.08545524691358025 0.5399305555555556 0.08680555555555555 0.5329861111111112 0.0785108024691358 0.53515625 0.07118055555555555 0.5431857638888888 0.06365740740740741
1 0.3361545138888889 0.7027391975308642 0.3591579861111111 0.7038966049382716 0.3608940972222222 0.7100694444444444 0.3559027777777778 0.7108410493827161 0.3513454861111111 0.7087191358024691 0.3493923611111111 0.7098765432098766 0.3487413194444444 0.7183641975308642 0.3357204861111111 0.7191358024691358 0.3279079861111111 0.7189429012345679 0.3253038194444444 0.716820987654321 0.3296440972222222 0.7100694444444444 0.3305121527777778 0.7035108024691358 0.3359375 0.7027391975308642
1 0.3213975694444444 0.7021604938271605 0.3305121527777778 0.7029320987654321 0.3292100694444444 0.7067901234567902 0.3109809027777778 0.7137345679012346 0.310546875 0.7098765432098766 0.3142361111111111 0.7038966049382716 0.3211805555555556 0.7021604938271605
1 0.3487413194444444 0.6597222222222222 0.3511284722222222 0.6612654320987654 0.3546006944444444 0.671875 0.3522135416666667 0.6805555555555556 0.3279079861111111 0.6815200617283951 0.3216145833333333 0.6684027777777778 0.32421875 0.6647376543209876 0.3296440972222222 0.6676311728395061 0.3409288194444444 0.6676311728395061 0.3487413194444444 0.6599151234567902
1 0.2934027777777778 0.6587577160493827 0.3005642361111111 0.6612654320987654 0.3018663194444444 0.6662808641975309 0.3109809027777778 0.6726466049382716 0.3129340277777778 0.6784336419753086 0.310546875 0.6819058641975309 0.2999131944444444 0.6815200617283951 0.2934027777777778 0.6840277777777778 0.2894965277777778 0.6824845679012346 0.2814670138888889 0.6716820987654321 0.2827690972222222 0.668016975308642 0.2914496527777778 0.6684027777777778 0.2927517361111111 0.6647376543209876 0.2905815972222222 0.6610725308641975 0.2931857638888889 0.6587577160493827
1 0.2065972222222222 0.6780478395061729 0.2105034722222222 0.6822916666666666 0.2092013888888889 0.6892361111111112 0.19270833333333334 0.6965663580246914 0.19032118055555555 0.6959876543209876 0.1918402777777778 0.6842206790123457 0.20638020833333334 0.6780478395061729
1 0.2931857638888889 0.4583333333333333 0.2934027777777778 0.4739583333333333 0.2897135416666667 0.47858796296296297 0.2782118055555556 0.4820601851851852 0.2760416666666667 0.49016203703703703 0.2725694444444444 0.48823302469135804 0.26953125 0.47280092592592593 0.2725694444444444 0.46392746913580246 0.2760416666666667 0.4600694444444444 0.2829861111111111 0.4618055555555556 0.2899305555555556 0.45775462962962965 0.29296875 0.4583333333333333
1 0.2309027777777778 0.42824074074074076 0.2341579861111111 0.42978395061728397 0.24153645833333334 0.4425154320987654 0.24131944444444445 0.44598765432098764 0.22960069444444445 0.44463734567901236 0.2309027777777778 0.42843364197530864
1 0.140625 0.6630015432098766 0.13953993055555555 0.6684027777777778 0.146484375 0.6707175925925926 0.14778645833333334 0.6820987654320988 0.1369357638888889 0.6861496913580247 0.12152777777777778 0.6824845679012346 0.11176215277777778 0.6714891975308642 0.11263020833333333 0.6695601851851852 0.12369791666666667 0.6714891975308642 0.1265190972222222 0.6633873456790124 0.13389756944444445 0.6664737654320988 0.1404079861111111 0.6630015432098766
1 0.14735243055555555 0.45794753086419754 0.14583333333333334 0.4672067901234568 0.1488715277777778 0.4747299382716049 0.14735243055555555 0.47627314814814814 0.140625 0.4739583333333333 0.1371527777777778 0.47665895061728397 0.1310763888888889 0.4739583333333333 0.1273871527777778 0.466820987654321 0.12803819444444445 0.4635416666666667 0.1371527777777778 0.45871913580246915 0.14713541666666666 0.45794753086419754
1 0.18619791666666666 0.37191358024691357 0.19249131944444445 0.37635030864197533 0.203125 0.3773148148148148 0.2085503472222222 0.3802083333333333 0.2094184027777778 0.38348765432098764 0.20703125 0.38657407407407407 0.19618055555555555 0.3940972222222222 0.19444444444444445 0.3888888888888889 0.19032118055555555 0.3856095679012346 0.1753472222222222 0.37962962962962965 0.17513020833333334 0.37635030864197533 0.1818576388888889 0.3755787037037037 0.1859809027777778 0.37191358024691357
1 0.12239583333333333 0.4417438271604938 0.134765625 0.4567901234567901 0.1286892361111111 0.46392746913580246 0.11957465277777778 0.4699074074074074 0.11762152777777778 0.4675925925925926 0.11870659722222222 0.4600694444444444 0.11328125 0.44598765432098764 0.11979166666666667 0.4409722222222222 0.12217881944444445 0.4417438271604938
1 0.12196180555555555 0.4417438271604938 0.13932291666666666 0.45794753086419754 0.1467013888888889 0.45794753086419754 0.1484375 0.45968364197530864 0.14561631944444445 0.4664351851851852 0.1484375 0.47492283950617287 0.1404079861111111 0.47357253086419754 0.1369357638888889 0.47627314814814814 0.1325954861111111 0.47511574074074076 0.126953125 0.4670138888888889 0.11610243055555555 0.470679012345679 0.11827256944444445 0.45968364197530864 0.1130642361111111 0.44598765432098764 0.11957465277777778 0.4411651234567901 0.12174479166666667 0.4417438271604938
1 0.1462673611111111 0.36554783950617287 0.158203125 0.3767361111111111 0.1566840277777778 0.38329475308641975 0.14930555555555555 0.38599537037037035 0.140625 0.38522376543209874 0.138671875 0.3809799382716049 0.140625 0.36863425925925924 0.1460503472222222 0.36554783950617287
1 0.09244791666666667 0.3663194444444444 0.10590277777777778 0.3746141975308642 0.10611979166666667 0.38290895061728397 0.10243055555555555 0.38483796296296297 0.09288194444444445 0.38348765432098764 0.091796875 0.3800154320987654 0.08832465277777778 0.3800154320987654 0.08723958333333333 0.3680555555555556 0.08832465277777778 0.36612654320987653 0.09223090277777778 0.3663194444444444
1 0.07486979166666667 0.36593364197530864 0.08094618055555555 0.36766975308641975 0.091796875 0.3663194444444444 0.0993923611111111 0.3697916666666667 0.10633680555555555 0.3767361111111111 0.10590277777777778 0.38329475308641975 0.10308159722222222 0.38445216049382713 0.0779079861111111 0.38233024691358025 0.0744357638888889 0.3773148148148148 0.07465277777777778 0.36593364197530864
1 0.4713541666666667 0.07098765432098765 0.48046875 0.08140432098765432 0.4776475694444444 0.08854166666666667 0.4735243055555556 0.08834876543209877 0.4691840277777778 0.08179012345679013 0.4680989583333333 0.07445987654320987 0.4711371527777778 0.07098765432098765
1 0.2886284722222222 0.27739197530864196 0.2888454861111111 0.28954475308641975 0.2940538194444444 0.3001543209876543 0.2829861111111111 0.3055555555555556 0.2710503472222222 0.30227623456790126 0.2686631944444444 0.2934027777777778 0.2762586805555556 0.2797067901234568 0.2884114583333333 0.27739197530864196
1 0.2326388888888889 0.27208719135802467 0.018663194444444444 0.017554012345679014
1 0.2688802083333333 0.14544753086419754 0.2723524305555556 0.15354938271604937 0.2693142361111111 0.1570216049382716 0.2608506944444444 0.15432098765432098 0.2621527777777778 0.14737654320987653 0.2686631944444444 0.14544753086419754
1 0.026692708333333332 0.7798996913580247 0.03884548611111111 0.7899305555555556 0.012803819444444444 0.7947530864197531 0.008463541666666666 0.7935956790123457 0.010416666666666666 0.7891589506172839 0.026475694444444444 0.7798996913580247
1 0 0.5115740740740741 0.004774305555555556 0.5150462962962963 0.007595486111111111 0.5237268518518519 0.019097222222222224 0.5241126543209876 0.021267361111111112 0.5258487654320988 0.017144097222222224 0.5428240740740741 0.019097222222222224 0.550733024691358 0.015407986111111112 0.5503472222222222 0.008680555555555556 0.5443672839506173 0 0.5474537037037037 0 0.511766975308642
1 0.018880208333333332 0.4184027777777778 0.029513888888888888 0.4222608024691358 0.036458333333333336 0.41512345679012347 0.039713541666666664 0.41473765432098764 0.039713541666666664 0.43132716049382713 0.022786458333333332 0.4288194444444444 0.018446180555555556 0.421875 0.018880208333333332 0.4185956790123457
1 0.546875 0.046489197530864196 0.5559895833333334 0.04938271604938271 0.5575086805555556 0.0642361111111111 0.5436197916666666 0.0625 0.5427517361111112 0.05343364197530864 0.5466579861111112 0.0466820987654321
1 0.4437934027777778 0.06076388888888889 0.4503038194444444 0.07542438271604938 0.44921875 0.0787037037037037 0.4429253472222222 0.08063271604938271 0.4364149305555556 0.078125 0.4346788194444444 0.06616512345679013 0.4357638888888889 0.06327160493827161 0.4435763888888889 0.06076388888888889
1 0.24131944444444445 0.1417824074074074 0.2521701388888889 0.14853395061728394 0.2575954861111111 0.1552854938271605 0.2543402777777778 0.1564429012345679 0.24110243055555555 0.15432098765432098 0.24110243055555555 0.1419753086419753
1 0.390625 0.05864197530864197 0.3960503472222222 0.060570987654320986 0.400390625 0.07445987654320987 0.3975694444444444 0.07908950617283951 0.392578125 0.07696759259259259 0.3897569444444444 0.06770833333333333 0.390625 0.058834876543209874
1 0.3459201388888889 0.07156635802469136 0.3519965277777778 0.0779320987654321 0.3515625 0.08159722222222222 0.3420138888888889 0.08719135802469136 0.3307291666666667 0.08468364197530864 0.3389756944444444 0.07407407407407407 0.345703125 0.07156635802469136
1 0 0.41531635802469136 0.010850694444444444 0.4251543209876543 0.010850694444444444 0.42862654320987653 0 0.42746913580246915 0 0.41550925925925924
1 0.818359375 0.034915123456790126 0.8311631944444444 0.03973765432098766 0.8292100694444444 0.04822530864197531 0.8246527777777778 0.050347222222222224 0.8055555555555556 0.046875 0.8083767361111112 0.03684413580246913 0.8181423611111112 0.034915123456790126
1 0.7749565972222222 0.020061728395061727 0.7805989583333334 0.021219135802469136 0.7834201388888888 0.025848765432098766 0.7814670138888888 0.036265432098765434 0.7764756944444444 0.03993055555555555 0.7571614583333334 0.03742283950617284 0.7510850694444444 0.02970679012345679 0.7521701388888888 0.025848765432098766 0.7586805555555556 0.022762345679012346 0.7747395833333334 0.020061728395061727
1 0.7176649305555556 0.027584876543209878 0.018229166666666668 0.017361111111111112
1 0.4917534722222222 0.03298611111111111 0.4943576388888889 0.04841820987654321 0.4915364583333333 0.05246913580246913 0.4867621527777778 0.05150462962962963 0.4848090277777778 0.0470679012345679 0.4876302083333333 0.03356481481481482 0.4915364583333333 0.03298611111111111
1 0.4685329861111111 0.03125 0.4832899305555556 0.03684413580246913 0.4826388888888889 0.04378858024691358 0.4776475694444444 0.04861111111111111 0.4622395833333333 0.04128086419753087 0.4611545138888889 0.03260030864197531 0.4635416666666667 0.030671296296296297 0.4683159722222222 0.03125
1 0.05056423611111111 0.3582175925925926 0.06141493055555555 0.36593364197530864 0.06358506944444445 0.3734567901234568 0.05881076388888889 0.3836805555555556 0.047526041666666664 0.38503086419753085 0.03993055555555555 0.3846450617283951 0.03342013888888889 0.3800154320987654 0.03146701388888889 0.3765432098765432 0.032552083333333336 0.36612654320987653 0.03993055555555555 0.36554783950617287 0.050347222222222224 0.3582175925925926
1 0.07465277777777778 0.36554783950617287 0.08550347222222222 0.36747685185185186 0.0881076388888889 0.3761574074074074 0.08723958333333333 0.38252314814814814 0.08116319444444445 0.3836805555555556 0.07573784722222222 0.38078703703703703 0.0744357638888889 0.36574074074074076
1 0.016276041666666668 0.3584104938271605 0.031684027777777776 0.359375 0.03624131944444445 0.36940586419753085 0.03407118055555555 0.37982253086419754 0.027994791666666668 0.3786651234567901 0.019314236111111112 0.38175154320987653 0.012369791666666666 0.3753858024691358 0 0.37287808641975306 0 0.361304012345679 0.004774305555555556 0.3584104938271605 0.016059027777777776 0.3584104938271605
1 0.16145833333333334 0.02970679012345679 0.1675347222222222 0.03260030864197531 0.1684027777777778 0.04031635802469136 0.16514756944444445 0.047839506172839504 0.1586371527777778 0.05073302469135803 0.15234375 0.05015432098765432 0.1443142361111111 0.044174382716049385 0.13997395833333334 0.039544753086419755 0.1382378472222222 0.03279320987654321 0.1404079861111111 0.030864197530864196 0.16124131944444445 0.02970679012345679