1 0.6579861111111112 0.9822530864197531 0.6657986111111112 0.9878472222222222 0.6720920138888888 0.9998070987654321 0.6506076388888888 0.9998070987654321 0.6473524305555556 0.9895833333333334 0.6519097222222222 0.984375 0.6577690972222222 0.982445987654321
1 0.6579861111111112 0.9778163580246914 0.6527777777777778 0.9598765432098766 0.6612413194444444 0.9579475308641975 0.6664496527777778 0.9596836419753086 0.6623263888888888 0.9747299382716049 0.658203125 0.9776234567901234
1 0.6302083333333334 0.9764660493827161 0.6493055555555556 0.9841820987654321 0.6469184027777778 0.9870756172839507 0.640625 0.9922839506172839 0.6338975694444444 0.9899691358024691 0.6271701388888888 0.9917052469135802 0.6184895833333334 0.9878472222222222 0.6165364583333334 0.9849537037037037 0.6180555555555556 0.9814814814814815 0.6299913194444444 0.9766589506172839
1 0.609375 0.9909336419753086 0.6202256944444444 0.9945987654320988 0.6217447916666666 0.9998070987654321 0.5939670138888888 0.9998070987654321 0.5952690972222222 0.9934413580246914 0.6091579861111112 0.9909336419753086
1 0.7454427083333334 0.8057484567901234 0.7532552083333334 0.8138503086419753 0.7517361111111112 0.8350694444444444 0.7426215277777778 0.8337191358024691 0.7374131944444444 0.8177083333333334 0.7387152777777778 0.8107638888888888 0.7452256944444444 0.8057484567901234
1 0.5883246527777778 0.9766589506172839 0.5939670138888888 0.9907407407407407 0.5920138888888888 0.9967206790123457 0.5885416666666666 0.9949845679012346 0.5848524305555556 0.996141975308642 0.5813802083333334 0.9930555555555556 0.5779079861111112 0.9930555555555556 0.5746527777777778 0.9963348765432098 0.5716145833333334 0.9949845679012346 0.57421875 0.9807098765432098 0.5881076388888888 0.9766589506172839
1 0.5609809027777778 0.9832175925925926 0.5718315972222222 0.9911265432098766 0.5705295138888888 0.9998070987654321 0.5559895833333334 0.9998070987654321 0.5538194444444444 0.9884259259259259 0.5572916666666666 0.9830246913580247 0.5607638888888888 0.9832175925925926
1 0.5753038194444444 0.9351851851851852 0.5811631944444444 0.9427083333333334 0.5789930555555556 0.9542824074074074 0.5815972222222222 0.9637345679012346 0.578125 0.9675925925925926 0.5753038194444444 0.9616126543209876 0.5668402777777778 0.9600694444444444 0.5598958333333334 0.9465663580246914 0.5603298611111112 0.9411651234567902 0.5635850694444444 0.9367283950617284 0.5750868055555556 0.9351851851851852
1 0.5264756944444444 0.9758873456790124 0.5362413194444444 0.9760802469135802 0.5399305555555556 0.9807098765432098 0.5381944444444444 0.9969135802469136 0.5327690972222222 0.998070987654321 0.5325520833333334 0.9998070987654321 0.5264756944444444 0.9998070987654321 0.5249565972222222 0.9909336419753086 0.5210503472222222 0.984375 0.5225694444444444 0.9789737654320988 0.5262586805555556 0.9758873456790124
1 0.4947916666666667 0.9766589506172839 0.5049913194444444 0.9768518518518519 0.5078125 0.9809027777777778 0.5067274305555556 0.9876543209876543 0.4984809027777778 0.9998070987654321 0.4900173611111111 0.9998070987654321 0.4865451388888889 0.9880401234567902 0.4871961805555556 0.9807098765432098 0.4945746527777778 0.9766589506172839
1 0.5392795138888888 0.7829861111111112 0.5648871527777778 0.7872299382716049 0.5744357638888888 0.78125 0.5768229166666666 0.7822145061728395 0.5726996527777778 0.7860725308641975 0.5757378472222222 0.7982253086419753 0.560546875 0.7961033950617284 0.5572916666666666 0.8043981481481481 0.552734375 0.8036265432098766 0.5457899305555556 0.7895447530864198 0.5394965277777778 0.7862654320987654 0.5392795138888888 0.783179012345679
1 0.4014756944444444 0.8651620370370371 0.4090711805555556 0.8667052469135802 0.4103732638888889 0.8697916666666666 0.404296875 0.8767361111111112 0.3943142361111111 0.8800154320987654 0.3856336805555556 0.8755787037037037 0.3843315972222222 0.8667052469135802 0.3891059027777778 0.8647762345679012 0.4012586805555556 0.8651620370370371
1 0.3732638888888889 0.8586033950617284 0.3806423611111111 0.8653549382716049 0.3821614583333333 0.8734567901234568 0.373046875 0.8892746913580247 0.3671875 0.8885030864197531 0.3663194444444444 0.8832947530864198 0.3628472222222222 0.8809799382716049 0.3634982638888889 0.8659336419753086 0.3608940972222222 0.8626543209876543 0.373046875 0.8586033950617284
1 0.7356770833333334 0.6001157407407407 0.7515190972222222 0.6033950617283951 0.7562934027777778 0.6057098765432098 0.7595486111111112 0.6105324074074074 0.7625868055555556 0.6265432098765432 0.7517361111111112 0.6221064814814815 0.7484809027777778 0.6302083333333334 0.7447916666666666 0.6248070987654321 0.7309027777777778 0.6265432098765432 0.7269965277777778 0.6195987654320988 0.7252604166666666 0.6059027777777778 0.73046875 0.6010802469135802 0.7354600694444444 0.6001157407407407
1 0.6820746527777778 0.5920138888888888 0.68359375 0.5952932098765432 0.6799045138888888 0.5993441358024691 0.6822916666666666 0.6047453703703703 0.6883680555555556 0.6091820987654321 0.6753472222222222 0.6180555555555556 0.6716579861111112 0.6176697530864198 0.6692708333333334 0.6111111111111112 0.6647135416666666 0.6082175925925926 0.6538628472222222 0.6111111111111112 0.6438802083333334 0.6032021604938271 0.642578125 0.5991512345679012 0.6440972222222222 0.5966435185185185 0.6512586805555556 0.5943287037037037 0.6727430555555556 0.5952932098765432 0.6820746527777778 0.5922067901234568
1 0.72265625 0.5152391975308642 0.7300347222222222 0.5165895061728395 0.7319878472222222 0.5189043209876543 0.7306857638888888 0.5364583333333334 0.7274305555555556 0.5407021604938271 0.7172309027777778 0.5192901234567902 0.7170138888888888 0.5154320987654321 0.7224392361111112 0.5152391975308642
1 0.6931423611111112 0.47646604938271603 0.6981336805555556 0.4807098765432099 0.7003038194444444 0.4967206790123457 0.6968315972222222 0.5013503086419753 0.6896701388888888 0.5034722222222222 0.6786024305555556 0.5007716049382716 0.6781684027777778 0.48746141975308643 0.6820746527777778 0.47878086419753085 0.6929253472222222 0.47646604938271603
1 0.6234809027777778 0.47183641975308643 0.6338975694444444 0.47415123456790126 0.6358506944444444 0.4851466049382716 0.6336805555555556 0.49189814814814814 0.6302083333333334 0.49189814814814814 0.6265190972222222 0.4888117283950617 0.623046875 0.49537037037037035 0.6206597222222222 0.4947916666666667 0.6208767361111112 0.4878472222222222 0.6176215277777778 0.4839891975308642 0.6167534722222222 0.47685185185185186 0.6195746527777778 0.4722222222222222 0.6232638888888888 0.47183641975308643
1 0.5920138888888888 0.4774305555555556 0.599609375 0.4807098765432099 0.6006944444444444 0.4878472222222222 0.5987413194444444 0.49151234567901236 0.59375 0.49228395061728397 0.5885416666666666 0.4965277777777778 0.5831163194444444 0.4841820987654321 0.5865885416666666 0.4791666666666667 0.591796875 0.4774305555555556
1 0.7102864583333334 0.3879243827160494 0.716796875 0.3910108024691358 0.7213541666666666 0.39988425925925924 0.7291666666666666 0.4077932098765432 0.7189670138888888 0.4085648148148148 0.716796875 0.41435185185185186 0.7135416666666666 0.41396604938271603 0.7020399305555556 0.4045138888888889 0.6990017361111112 0.39776234567901236 0.7000868055555556 0.390625 0.7100694444444444 0.3879243827160494
1 0.24609375 0.9178240740740741 0.2510850694444444 0.9216820987654321 0.2521701388888889 0.9278549382716049 0.248046875 0.9419367283950617 0.24544270833333334 0.9430941358024691 0.24131944444444445 0.935570987654321 0.2398003472222222 0.9251543209876543 0.24131944444444445 0.919945987654321 0.2458767361111111 0.9178240740740741
1 0.3572048611111111 0.6948302469135802 0.3628472222222222 0.6996527777777778 0.3656684027777778 0.7064043209876543 0.3589409722222222 0.7233796296296297 0.3541666666666667 0.7218364197530864 0.3498263888888889 0.7100694444444444 0.3513454861111111 0.6981095679012346 0.3569878472222222 0.6948302469135802
1 0.3083767361111111 0.765625 0.3122829861111111 0.7721836419753086 0.3209635416666667 0.7729552469135802 0.3279079861111111 0.7827932098765432 0.3315972222222222 0.7916666666666666 0.330078125 0.8030478395061729 0.3279079861111111 0.8028549382716049 0.3172743055555556 0.7876157407407407 0.3127170138888889 0.7881944444444444 0.3098958333333333 0.7964891975308642 0.3070746527777778 0.7986111111111112 0.2966579861111111 0.7934027777777778 0.2977430555555556 0.7725694444444444 0.3040364583333333 0.765625 0.3081597222222222 0.765625
1 0.3442925347222222 0.7077546296296297 0.014973958333333334 0.029320987654320986
1 0.5381944444444444 0.4807098765432099 0.5397135416666666 0.4851466049382716 0.5375434027777778 0.4982638888888889 0.5345052083333334 0.4996141975308642 0.5303819444444444 0.4982638888888889 0.5286458333333334 0.4841820987654321 0.5327690972222222 0.47878086419753085 0.5379774305555556 0.4807098765432099
1 0.658203125 0.39641203703703703 0.6644965277777778 0.39737654320987653 0.6720920138888888 0.40219907407407407 0.6749131944444444 0.4112654320987654 0.6720920138888888 0.41415895061728397 0.6644965277777778 0.41010802469135804 0.646484375 0.40625 0.6467013888888888 0.3975694444444444 0.6579861111111112 0.39641203703703703
1 0.7100694444444444 0.3836805555555556 0.703125 0.3626543209876543 0.7133246527777778 0.3609182098765432 0.7183159722222222 0.3626543209876543 0.7133246527777778 0.38136574074074076 0.7102864583333334 0.38348765432098764
1 0.6286892361111112 0.3400848765432099 0.6321614583333334 0.3452932098765432 0.630859375 0.3560956790123457 0.6336805555555556 0.36593364197530864 0.6302083333333334 0.37191358024691357 0.6280381944444444 0.3636188271604938 0.6232638888888888 0.36612654320987653 0.6195746527777778 0.3645833333333333 0.611328125 0.3470293209876543 0.6128472222222222 0.3410493827160494 0.6161024305555556 0.3387345679012346 0.6267361111111112 0.33834876543209874 0.6284722222222222 0.3400848765432099
1 0.4461805555555556 0.267554012345679 0.458984375 0.27237654320987653 0.4526909722222222 0.2795138888888889 0.4461805555555556 0.28260030864197533 0.4357638888888889 0.2797067901234568 0.4322916666666667 0.27314814814814814 0.4340277777777778 0.2689043209876543 0.4459635416666667 0.267554012345679
1 0.421875 0.2619598765432099 0.4290364583333333 0.2690972222222222 0.4309895833333333 0.2760416666666667 0.4216579861111111 0.2924382716049383 0.4164496527777778 0.29205246913580246 0.4155815972222222 0.2862654320987654 0.4112413194444444 0.2847222222222222 0.4134114583333333 0.27237654320987653 0.4077690972222222 0.265625 0.4216579861111111 0.2619598765432099
1 0.2378472222222222 0.7791280864197531 0.2443576388888889 0.7862654320987654 0.24110243055555555 0.8045910493827161 0.228515625 0.8016975308641975 0.23177083333333334 0.7966820987654321 0.23133680555555555 0.7827932098765432 0.234375 0.7791280864197531 0.23763020833333334 0.7791280864197531
1 0.22374131944444445 0.7613811728395061 0.22916666666666666 0.7685185185185185 0.248046875 0.7725694444444444 0.2497829861111111 0.7754629629629629 0.2482638888888889 0.7795138888888888 0.2269965277777778 0.7798996913580247 0.22547743055555555 0.7737268518518519 0.2152777777777778 0.7690972222222222 0.22135416666666666 0.7669753086419753 0.22352430555555555 0.7615740740740741
1 0.1898871527777778 0.8061342592592593 0.1990017361111111 0.8088348765432098 0.1957465277777778 0.8225308641975309 0.19270833333333334 0.8256172839506173 0.1857638888888889 0.8107638888888888 0.185546875 0.8070987654320988 0.1896701388888889 0.8061342592592593
1 0.22786458333333334 0.6923225308641975 0.2380642361111111 0.6927083333333334 0.24348958333333334 0.7025462962962963 0.2309027777777778 0.7199074074074074 0.2228732638888889 0.7191358024691358 0.21744791666666666 0.714891975308642 0.2072482638888889 0.716820987654321 0.2202690972222222 0.6973379629629629 0.22764756944444445 0.6923225308641975
1 0.1694878472222222 0.7665895061728395 0.17860243055555555 0.7685185185185185 0.1814236111111111 0.7723765432098766 0.18077256944444445 0.779320987654321 0.17491319444444445 0.7868441358024691 0.17513020833333334 0.7934027777777778 0.16145833333333334 0.7899305555555556 0.16145833333333334 0.7733410493827161 0.16514756944444445 0.7673611111111112 0.16927083333333334 0.7665895061728395
1 0.2931857638888889 0.3275462962962963 0.3009982638888889 0.3350694444444444 0.2966579861111111 0.35378086419753085 0.2925347222222222 0.3533950617283951 0.2877604166666667 0.3387345679012346 0.2897135416666667 0.330054012345679 0.29296875 0.3277391975308642
1 0.6247829861111112 0.17708333333333334 0.6208767361111112 0.1853780864197531 0.6241319444444444 0.19425154320987653 0.6119791666666666 0.19232253086419754 0.6032986111111112 0.2013888888888889 0.5965711805555556 0.19290123456790123 0.5946180555555556 0.18595679012345678 0.5874565972222222 0.18229166666666666 0.5881076388888888 0.18016975308641975 0.6134982638888888 0.18441358024691357 0.6245659722222222 0.17708333333333334
1 0.3524305555555556 0.16820987654320987 0.3587239583333333 0.17554012345679013 0.3661024305555556 0.17573302469135801 0.3736979166666667 0.1853780864197531 0.3773871527777778 0.19579475308641975 0.3765190972222222 0.20466820987654322 0.373046875 0.2037037037037037 0.3680555555555556 0.19425154320987653 0.3630642361111111 0.1900077160493827 0.3587239583333333 0.1909722222222222 0.3559027777777778 0.1996527777777778 0.3528645833333333 0.20158179012345678 0.3413628472222222 0.19598765432098766 0.3420138888888889 0.17804783950617284 0.3483072916666667 0.1693672839506173 0.3522135416666667 0.16820987654320987
1 0.2361111111111111 0.21450617283950618 0.244140625 0.2170138888888889 0.23936631944444445 0.2341820987654321 0.23763020833333334 0.2341820987654321 0.2300347222222222 0.2170138888888889 0.2358940972222222 0.21450617283950618
1 0.1273871527777778 0.7669753086419753 0.1388888888888889 0.7762345679012346 0.13975694444444445 0.783179012345679 0.13346354166666666 0.7908950617283951 0.11979166666666667 0.798804012345679 0.11783854166666667 0.7966820987654321 0.12065972222222222 0.7899305555555556 0.11458333333333333 0.7866512345679012 0.1150173611111111 0.7827932098765432 0.11957465277777778 0.7716049382716049 0.1271701388888889 0.7669753086419753
1 0.10243055555555555 0.7652391975308642 0.10828993055555555 0.7689043209876543 0.10980902777777778 0.7762345679012346 0.09874131944444445 0.794945987654321 0.0954861111111111 0.794945987654321 0.09071180555555555 0.7901234567901234 0.09049479166666667 0.7754629629629629 0.0954861111111111 0.765625 0.10221354166666667 0.7652391975308642
1 0.08875868055555555 0.7179783950617284 0.1056857638888889 0.71875 0.109375 0.7341820987654321 0.10243055555555555 0.7314814814814815 0.09895833333333333 0.7336033950617284 0.0959201388888889 0.7328317901234568 0.0857204861111111 0.720679012345679 0.08854166666666667 0.7179783950617284
1 0.11284722222222222 0.26350308641975306 0.11957465277777778 0.2690972222222222 0.11979166666666667 0.279320987654321 0.11002604166666667 0.2689043209876543 0.109375 0.2640817901234568 0.11263020833333333 0.26350308641975306
1 0.050130208333333336 0.7619598765432098 0.0740017361111111 0.7646604938271605 0.076171875 0.7743055555555556 0.07378472222222222 0.779320987654321 0.06770833333333333 0.7810570987654321 0.060980902777777776 0.7762345679012346 0.051215277777777776 0.7798996913580247 0.041449652777777776 0.7785493827160493 0.0390625 0.7690972222222222 0.042317708333333336 0.7646604938271605 0.04991319444444445 0.7621527777777778
1 0.037760416666666664 0.7170138888888888 0.04774305555555555 0.7183641975308642 0.04904513888888889 0.7312885802469136 0.043619791666666664 0.7337962962962963 0.036458333333333336 0.7563657407407407 0.03298611111111111 0.7546296296296297 0.029513888888888888 0.7476851851851852 0.026909722222222224 0.7249228395061729 0.029296875 0.7183641975308642 0.037543402777777776 0.7170138888888888
1 0.7667100694444444 0 0.7996961805555556 0 0.8044704861111112 0.015625 0.8033854166666666 0.01832561728395062 0.7931857638888888 0.01253858024691358 0.7899305555555556 0.02044753086419753 0.783203125 0.015239197530864198 0.7730034722222222 0.017554012345679014 0.7677951388888888 0.008487654320987654 0.7667100694444444 0.00019290123456790122
1 0.2834201388888889 0.18518518518518517 0.2884114583333333 0.18942901234567902 0.2862413194444444 0.21084104938271606 0.2795138888888889 0.20717592592592593 0.2758246527777778 0.20910493827160495 0.2738715277777778 0.20717592592592593 0.2762586805555556 0.20042438271604937 0.2756076388888889 0.1900077160493827 0.2788628472222222 0.18557098765432098 0.283203125 0.18518518518518517
1 0.2743055555555556 0.17515432098765432 0.2782118055555556 0.17727623456790123 0.2931857638888889 0.17862654320987653 0.2944878472222222 0.18248456790123457 0.2897135416666667 0.1865354938271605 0.2810329861111111 0.1849922839506173 0.2734375 0.1873070987654321 0.2703993055555556 0.1861496913580247 0.267578125 0.17959104938271606 0.26171875 0.17862654320987653 0.2586805555555556 0.1753472222222222 0.2647569444444444 0.17476851851851852 0.2673611111111111 0.16859567901234568 0.2740885416666667 0.17515432098765432
1 0.21940104166666666 0.17650462962962962 0.22395833333333334 0.17959104938271606 0.22591145833333334 0.1857638888888889 0.21809895833333334 0.19540895061728394 0.2172309027777778 0.2013888888888889 0.2052951388888889 0.19945987654320987 0.20399305555555555 0.18518518518518517 0.2085503472222222 0.17746913580246915 0.2191840277777778 0.17650462962962962
1 0.4016927083333333 0.0941358024691358 0.4092881944444444 0.10513117283950617 0.4045138888888889 0.12075617283950617 0.4016927083333333 0.12210648148148148 0.3973524305555556 0.11902006172839506 0.3934461805555556 0.10628858024691358 0.3956163194444444 0.09529320987654322 0.4014756944444444 0.0941358024691358
1 0.3921440972222222 0.0941358024691358 0.39453125 0.09818672839506173 0.3940972222222222 0.10802469135802469 0.3912760416666667 0.11979166666666667 0.3878038194444444 0.12133487654320987 0.3841145833333333 0.11959876543209877 0.3810763888888889 0.10281635802469136 0.3871527777777778 0.0931712962962963 0.3919270833333333 0.0941358024691358
1 0.2795138888888889 0.09664351851851852 0.2845052083333333 0.10108024691358025 0.2862413194444444 0.10783179012345678 0.2797309027777778 0.11381172839506173 0.2760416666666667 0.12229938271604938 0.2730034722222222 0.1232638888888889 0.265625 0.1232638888888889 0.2619357638888889 0.11902006172839506 0.2517361111111111 0.12152777777777778 0.2502170138888889 0.11959876543209877 0.2658420138888889 0.09818672839506173 0.279296875 0.09664351851851852
1 0.16861979166666666 0.17824074074074073 0.1820746527777778 0.1875 0.18294270833333334 0.19347993827160495 0.17860243055555555 0.2006172839506173 0.1616753472222222 0.21084104938271606 0.16015625 0.20987654320987653 0.16276041666666666 0.2029320987654321 0.15755208333333334 0.19945987654320987 0.15711805555555555 0.19579475308641975 0.16145833333333334 0.18422067901234568 0.1684027777777778 0.17824074074074073
1 0.1115451388888889 0.17881944444444445 0.1171875 0.1888503086419753 0.11328125 0.19618055555555555 0.1091579861111111 0.19675925925925927 0.10221354166666667 0.19270833333333334 0.0896267361111111 0.19695216049382716 0.0837673611111111 0.19656635802469136 0.08094618055555555 0.19328703703703703 0.080078125 0.18557098765432098 0.0837673611111111 0.18113425925925927 0.08832465277777778 0.17939814814814814 0.0993923611111111 0.18055555555555555 0.111328125 0.17881944444444445
1 0.1508246527777778 0.14583333333333334 0.14388020833333334 0.14448302469135801 0.140625 0.14699074074074073 0.1371527777777778 0.14660493827160495 0.13541666666666666 0.14255401234567902 0.1252170138888889 0.13406635802469136 0.1267361111111111 0.13040123456790123 0.14735243055555555 0.13020833333333334 0.1508246527777778 0.14564043209876543
1 0.7120225694444444 0 0.7289496527777778 0 0.7211371527777778 0.004629629629629629 0.7172309027777778 0.010030864197530864 0.712890625 0.008294753086419753 0.7120225694444444 0.00019290123456790122
1 0.12000868055555555 0.13059413580246915 0.12434895833333333 0.13676697530864199 0.12434895833333333 0.140625 0.12196180555555555 0.14216820987654322 0.11458333333333333 0.1413966049382716 0.10785590277777778 0.13387345679012347 0.11979166666666667 0.13059413580246915
1 0.08854166666666667 0.13348765432098766 0.08984375 0.14756944444444445 0.08832465277777778 0.14911265432098766 0.08528645833333333 0.14486882716049382 0.08355034722222222 0.14641203703703703 0.0779079861111111 0.1730324074074074 0.07421875 0.1728395061728395 0.06944444444444445 0.16435185185185186 0.06727430555555555 0.1398533950617284 0.07074652777777778 0.13368055555555555 0.08832465277777778 0.13348765432098766
1 0.07378472222222222 0.9228395061728395 0.07335069444444445 0.9255401234567902 0.07486979166666667 0.9320987654320988 0.08441840277777778 0.9353780864197531 0.08745659722222222 0.9344135802469136 0.09874131944444445 0.9347993827160493 0.1013454861111111 0.9338348765432098 0.109375 0.9338348765432098 0.11089409722222222 0.9326774691358025 0.11176215277777778 0.9305555555555556 0.11197916666666667 0.9284336419753086 0.1091579861111111 0.9247685185185185 0.09440104166666667 0.9172453703703703 0.0920138888888889 0.9139660493827161 0.08897569444444445 0.9131944444444444 0.08854166666666667 0.9112654320987654 0.08441840277777778 0.9126157407407407 0.08138020833333333 0.9118441358024691
1 0.5479600694444444 0.5050154320987654 0.5494791666666666 0.5082947530864198 0.5494791666666666 0.5121527777777778 0.55078125 0.5150462962962963 0.5453559027777778 0.5221836419753086 0.5440538194444444 0.5260416666666666 0.5460069444444444 0.5268132716049383 0.546875 0.5268132716049383 0.5479600694444444 0.5250771604938271 0.5533854166666666 0.5208333333333334 0.5570746527777778 0.5225694444444444 0.560546875 0.5227623456790124 0.5590277777777778 0.5202546296296297 0.5583767361111112 0.5133101851851852 0.5592447916666666 0.5106095679012346 0.560546875 0.5096450617283951 0.5629340277777778 0.5052083333333334 0.5609809027777778 0.503858024691358 0.5575086805555556 0.5046296296296297 0.5536024305555556 0.5044367283950617 0.55078125 0.5032793209876543 0.5490451388888888 0.5036651234567902
1 0.4798177083333333 0.4774305555555556 0.4793836805555556 0.49247685185185186 0.4798177083333333 0.49440586419753085 0.4809027777777778 0.49517746913580246 0.4861111111111111 0.4845679012345679 0.4867621527777778 0.47723765432098764 0.484375 0.47434413580246915 0.4832899305555556 0.47434413580246915 0.4809027777777778 0.47492283950617287
1 0.4704861111111111 0.47800925925925924 0.4702690972222222 0.4837962962962963 0.4720052083333333 0.49363425925925924 0.4724392361111111 0.4947916666666667 0.474609375 0.4955632716049383 0.4774305555555556 0.4947916666666667 0.4776475694444444 0.49344135802469136 0.4782986111111111 0.4839891975308642 0.4774305555555556 0.4747299382716049 0.4739583333333333 0.47453703703703703
1 0.4377170138888889 0.4564043209876543 0.4377170138888889 0.45987654320987653 0.4390190972222222 0.46199845679012347 0.4427083333333333 0.46392746913580246 0.4440104166666667 0.4635416666666667 0.4442274305555556 0.45968364197530864 0.4427083333333333 0.4567901234567901 0.439453125 0.45601851851851855
1 0.6052517361111112 0.4425154320987654 0.6063368055555556 0.44637345679012347 0.6050347222222222 0.4498456790123457 0.6069878472222222 0.45621141975308643 0.6056857638888888 0.46045524691358025 0.609375 0.46103395061728397 0.6106770833333334 0.45968364197530864 0.6137152777777778 0.45929783950617287 0.6163194444444444 0.46103395061728397 0.6195746527777778 0.46084104938271603 0.6197916666666666 0.45968364197530864 0.6180555555555556 0.4581404320987654 0.6145833333333334 0.45177469135802467 0.6139322916666666 0.4461805555555556 0.6128472222222222 0.44425154320987653 0.6095920138888888 0.4425154320987654
1 0.5944010416666666 0.44598765432098764 0.5930989583333334 0.4498456790123457 0.5946180555555556 0.45987654320987653 0.59375 0.4670138888888889 0.5952690972222222 0.4691358024691358 0.59765625 0.4650848765432099 0.6009114583333334 0.46315586419753085 0.6026475694444444 0.46026234567901236 0.6026475694444444 0.4425154320987654 0.5987413194444444 0.44058641975308643
1 0.5475260416666666 0.38657407407407407 0.5464409722222222 0.3940972222222222 0.546875 0.4045138888888889 0.55078125 0.4058641975308642 0.5540364583333334 0.4047067901234568 0.5594618055555556 0.3940972222222222 0.560546875 0.3900462962962963 0.5598958333333334 0.3869598765432099 0.5564236111111112 0.38406635802469136 0.5533854166666666 0.38348765432098764 0.5494791666666666 0.38445216049382713
1 0.5379774305555556 0.3871527777777778 0.5377604166666666 0.3933256172839506 0.5397135416666666 0.40065586419753085 0.5434027777777778 0.4089506172839506 0.5466579861111112 0.4050925925925926 0.5477430555555556 0.40162037037037035 0.5470920138888888 0.39621913580246915 0.5481770833333334 0.3869598765432099 0.5475260416666666 0.3836805555555556 0.5431857638888888 0.38233024691358025
1 0.5737847222222222 0.38657407407407407 0.5740017361111112 0.39274691358024694 0.5776909722222222 0.39814814814814814 0.578125 0.4074074074074074 0.5833333333333334 0.404320987654321 0.5842013888888888 0.40084876543209874 0.5826822916666666 0.39814814814814814 0.5831163194444444 0.3939043209876543 0.5824652777777778 0.3904320987654321 0.5855034722222222 0.3863811728395062 0.5842013888888888 0.38348765432098764 0.5779079861111112 0.38213734567901236 0.5746527777777778 0.38445216049382713
1 0.5815972222222222 0.3836805555555556 0.5802951388888888 0.39718364197530864 0.5809461805555556 0.4045138888888889 0.5885416666666666 0.4045138888888889 0.5907118055555556 0.4010416666666667 0.5922309027777778 0.3869598765432099 0.5902777777777778 0.38329475308641975 0.5883246527777778 0.38175154320987653
1 0.60546875 0.39544753086419754 0.6056857638888888 0.39891975308641975 0.6085069444444444 0.4037422839506173 0.6080729166666666 0.41165123456790126 0.6087239583333334 0.4131944444444444 0.609375 0.41358024691358025 0.6137152777777778 0.4104938271604938 0.6184895833333334 0.41184413580246915 0.6208767361111112 0.4114583333333333 0.6208767361111112 0.40335648148148145 0.6226128472222222 0.39795524691358025 0.6197916666666666 0.3940972222222222 0.6178385416666666 0.3931327160493827 0.6156684027777778 0.3904320987654321 0.6126302083333334 0.3888888888888889 0.609375 0.38927469135802467 0.6085069444444444 0.3900462962962963 0.6056857638888888 0.3939043209876543
1 0.6163194444444444 0.39699074074074076 0.6161024305555556 0.40142746913580246 0.6150173611111112 0.40412808641975306 0.6158854166666666 0.4106867283950617 0.6163194444444444 0.4114583333333333 0.6195746527777778 0.41184413580246915 0.6208767361111112 0.40933641975308643 0.6221788194444444 0.39795524691358025 0.6195746527777778 0.392554012345679 0.6171875 0.3933256172839506
1 0.6243489583333334 0.39371141975308643 0.6243489583333334 0.4025848765432099 0.625 0.40412808641975306 0.6267361111111112 0.4047067901234568 0.6302083333333334 0.39988425925925924 0.6334635416666666 0.390625 0.6341145833333334 0.3869598765432099 0.6334635416666666 0.38329475308641975 0.6295572916666666 0.3836805555555556 0.6254340277777778 0.3871527777777778
1 0.6365017361111112 0.3836805555555556 0.6360677083333334 0.39907407407407414 0.634765625 0.404320987654321 0.6369357638888888 0.4060570987654321 0.6412760416666666 0.4058641975308642 0.6436631944444444 0.4052854938271605 0.64453125 0.404320987654321 0.6453993055555556 0.39641203703703703 0.6443142361111112 0.3902391975308642 0.640625 0.38290895061728397
1 0.623046875 0.4230324074074074 0.6226128472222222 0.42901234567901236 0.6232638888888888 0.43036265432098764 0.6265190972222222 0.42901234567901236 0.6295572916666666 0.4251543209876543 0.6304806857638889 0.42321855709876544 0.6299913194444444 0.419945987654321 0.6265190972222222 0.4182098765432099
1 0.6325954861111112 0.4270833333333333 0.6323784722222222 0.4322916666666667 0.6334635416666666 0.43287037037037035 0.6371527777777778 0.4324845679012346 0.6430121527777778 0.42862654320987653 0.6410590277777778 0.4253472222222222 0.6378038194444444 0.4243827160493827 0.6343315972222222 0.42496141975308643
1 0.6438802083333334 0.4270833333333333 0.6436631944444444 0.4288194444444444 0.6449652777777778 0.42997685185185186 0.6469184027777778 0.43074845679012347 0.6508246527777778 0.4305555555555556 0.6521267361111112 0.42862654320987653 0.6527777777777778 0.42496141975308643 0.6510416666666666 0.42322530864197533 0.6473524305555556 0.4230324074074074 0.6443142361111112 0.4251543209876543
1 0.6697048611111112 0.3871527777777778 0.6694878472222222 0.390625 0.6716579861111112 0.392554012345679 0.6901041666666666 0.39641203703703703 0.6924913194444444 0.39949845679012347 0.6946614583333334 0.39737654320987653 0.6968315972222222 0.3908179012345679 0.6961805555555556 0.3871527777777778 0.6922743055555556 0.3861882716049383 0.6877170138888888 0.38271604938271603 0.6818576388888888 0.38117283950617287 0.6751302083333334 0.3836805555555556
1 0.6401909722222222 0.36246141975308643 0.640625 0.36342592592592593 0.64453125 0.36554783950617287 0.6473524305555556 0.3717206790123457 0.6508246527777778 0.37210648148148145 0.6521267361111112 0.36747685185185186 0.6514756944444444 0.3630401234567901 0.6477864583333334 0.36149691358024694 0.6434461805555556 0.36149691358024694
1 0.6284722222222222 0.36400462962962965 0.6284722222222222 0.3732638888888889 0.6302083333333334 0.3753858024691358 0.6321614583333334 0.37364969135802467 0.6380208333333334 0.3628472222222222 0.6299913194444444 0.3601466049382716
1 0.6019965277777778 0.3628472222222222 0.6013454861111112 0.36651234567901236 0.6024305555555556 0.36824845679012347 0.6085069444444444 0.36747685185185186 0.6104600694444444 0.36323302469135804 0.6095920138888888 0.3620756172839506 0.6065538194444444 0.3616898148148148
1 0.5896267361111112 0.36226851851851855 0.5889756944444444 0.3630401234567901 0.58984375 0.36612654320987653 0.5920138888888888 0.36766975308641975 0.5941840277777778 0.36709104938271603 0.5959201388888888 0.3628472222222222 0.5924479166666666 0.36149691358024694
1 0.5915798611111112 0.2970679012345679 0.591796875 0.3028549382716049 0.5935329861111112 0.3072916666666667 0.5952690972222222 0.3101851851851852 0.5987413194444444 0.3107638888888889 0.5991753472222222 0.3065200617283951 0.5980902777777778 0.2978395061728395 0.5959201388888888 0.2964891975308642
1 0.580078125 0.3001543209876543 0.5785590277777778 0.30767746913580246 0.5796440972222222 0.3090277777777778 0.5818142361111112 0.3097993827160494 0.5857204861111112 0.30709876543209874 0.5883246527777778 0.29996141975308643 0.5868055555555556 0.296875 0.583984375 0.2964891975308642 0.5811631944444444 0.2978395061728395
1 0.7855902777777778 0.20910493827160495 0.7858072916666666 0.21334876543209877 0.7879774305555556 0.21604938271604937 0.7907986111111112 0.22202932098765432 0.7918836805555556 0.23128858024691357 0.7931857638888888 0.2330246913580247 0.7960069444444444 0.23206018518518517 0.8001302083333334 0.2332175925925926 0.8014322916666666 0.23283179012345678 0.8036024305555556 0.23070987654320987 0.80078125 0.22415123456790123 0.80078125 0.2193287037037037 0.8025173611111112 0.21006944444444445 0.8012152777777778 0.2065972222222222 0.796875 0.203125 0.79296875 0.20119598765432098 0.7890625 0.2037037037037037 0.7864583333333334 0.2065972222222222
1 0.13411458333333334 0.19251543209876543 0.1332465277777778 0.2065972222222222 0.13758680555555555 0.20833333333333334 0.1404079861111111 0.21064814814814814 0.1462673611111111 0.19830246913580246 0.15104166666666666 0.19232253086419754 0.15169270833333334 0.1853780864197531 0.150390625 0.18171296296296297 0.14713541666666666 0.17920524691358025 0.14453125 0.17862654320987653 0.1391059027777778 0.17920524691358025 0.1369357638888889 0.18094135802469136
1 0.12630208333333334 0.17708333333333334 0.12565104166666666 0.17824074074074073 0.12630208333333334 0.1880787037037037 0.12999131944444445 0.19309413580246915 0.13346354166666666 0.19521604938271606 0.13758680555555555 0.1896219135802469 0.1388888888888889 0.18171296296296297 0.140625 0.17881944444444445 0.130859375 0.17650462962962962
1 0.11197916666666667 0.17862654320987653 0.1150173611111111 0.18287037037037038 0.11631944444444445 0.19290123456790123 0.11957465277777778 0.19270833333333334 0.12203407118055555 0.1907150848765432 0.1273871527777778 0.18904320987654322 0.1273871527777778 0.18171296296296297 0.1286892361111111 0.17862654320987653 0.1265190972222222 0.17573302469135801 0.1228298611111111 0.17573302469135801
1 0.3522135416666667 0.4847608024691358 0.3498263888888889 0.49594907407407407 0.3522135416666667 0.49710648148148145 0.3556857638888889 0.49594907407407407 0.359375 0.4957561728395062 0.3617621527777778 0.49209104938271603 0.3634982638888889 0.4847608024691358 0.3637152777777778 0.4799382716049383 0.3628472222222222 0.47627314814814814 0.359375 0.47530864197530864 0.3565538194444444 0.47685185185185186 0.353515625 0.4807098765432099
1 0.3940972222222222 0.41396604938271603 0.3934461805555556 0.4184027777777778 0.3923611111111111 0.4209104938271605 0.3908420138888889 0.421875 0.3936631944444444 0.4236111111111111 0.3973524305555556 0.423804012345679 0.4016927083333333 0.4114583333333333 0.3967013888888889 0.4112654320987654
1 0.4075520833333333 0.4112654320987654 0.4071180555555556 0.41531635802469136 0.4079861111111111 0.4182098765432099 0.4088541666666667 0.4176311728395062 0.4123263888888889 0.4184027777777778 0.4129774305555556 0.42052469135802467 0.4149305555555556 0.4222608024691358 0.4201388888888889 0.4214891975308642 0.4210069444444444 0.4182098765432099 0.41796875 0.41454475308641975 0.4147135416666667 0.41261574074074076
1 0.4498697916666667 0.3611111111111111 0.4513888888888889 0.3738425925925926 0.453125 0.37712191358024694 0.455078125 0.3753858024691358 0.4600694444444444 0.36728395061728397 0.4611545138888889 0.36246141975308643 0.4598524305555556 0.3603395061728395 0.4529079861111111 0.3591820987654321 0.4509548611111111 0.3597608024691358
1 0.3704427083333333 0.2964891975308642 0.3704427083333333 0.3038194444444444 0.376953125 0.3065200617283951 0.3784722222222222 0.3038194444444444 0.3780381944444444 0.2991898148148148 0.3786892361111111 0.296875 0.3736979166666667 0.2951388888888889
1 0.3589409722222222 0.294945987654321 0.3580729166666667 0.2964891975308642 0.3580729166666667 0.3005401234567901 0.3591579861111111 0.3020833333333333 0.3624131944444444 0.3018904320987654 0.3641493055555556 0.2962962962962963 0.3626302083333333 0.2943672839506173
1 0.07508680555555555 0.7627314814814815 0.07465277777777778 0.7665895061728395 0.07660590277777778 0.7760416666666666 0.0779079861111111 0.7771990740740741 0.08138020833333333 0.7766203703703703 0.08506944444444445 0.7727623456790124 0.08506944444444445 0.7638888888888888 0.0857204861111111 0.7621527777777778 0.07942708333333333 0.7609953703703703 0.07552083333333333 0.7619598765432098
1 0.08463541666666667 0.7613811728395061 0.08355034722222222 0.7619598765432098 0.08485243055555555 0.7652391975308642 0.08355034722222222 0.7687114197530864 0.08441840277777778 0.7719907407407407 0.0881076388888889 0.7787422839506173 0.091796875 0.7795138888888888 0.0935329861111111 0.7756558641975309 0.09505208333333333 0.7654320987654321 0.0915798611111111 0.7621527777777778
1 0.0759548611111111 0.7193287037037037 0.07725694444444445 0.7283950617283951 0.0783420138888889 0.7301311728395061 0.08138020833333333 0.7314814814814815 0.08441840277777778 0.7272376543209876 0.0837673611111111 0.7202932098765432 0.08138020833333333 0.7175925925925926 0.0779079861111111 0.7175925925925926
1 0.08658854166666667 0.7197145061728395 0.087890625 0.7243441358024691 0.0915798611111111 0.7299382716049383 0.0954861111111111 0.7314814814814815 0.09613715277777778 0.7309027777777778 0.095703125 0.7235725308641975 0.09635416666666667 0.7202932098765432 0.09375 0.7185570987654321 0.09092881944444445 0.7179783950617284 0.0881076388888889 0.7179783950617284
1 0.3220486111111111 0.8913966049382716 0.3216145833333333 0.8940972222222222 0.3248697916666667 0.8971836419753086 0.3279079861111111 0.8952546296296297 0.3296440972222222 0.8904320987654321 0.328125 0.8883101851851852 0.3244357638888889 0.8881172839506173
1 0.3103298611111111 0.8898533950617284 0.3101128472222222 0.894483024691358 0.3107638888888889 0.8958333333333334 0.3142361111111111 0.8948688271604939 0.3157552083333333 0.8927469135802469 0.3190104166666667 0.8904320987654321 0.3174913194444444 0.8883101851851852 0.314453125 0.886766975308642 0.3116319444444444 0.8879243827160493
1 0.4010416666666667 0.9544753086419753 0.4006076388888889 0.956983024691358 0.4045138888888889 0.972608024691358 0.4077690972222222 0.966820987654321 0.4110243055555556 0.9564043209876543 0.4103732638888889 0.9548611111111112 0.4084201388888889 0.9535108024691358 0.4038628472222222 0.9533179012345679
1 0.5421006944444444 0.8967978395061729 0.5412326388888888 0.8985339506172839 0.5427517361111112 0.908179012345679 0.5466579861111112 0.9108796296296297 0.5475260416666666 0.9085648148148148 0.5483940972222222 0.8973765432098766 0.5466579861111112 0.8960262345679012
1 0.5295138888888888 0.9000771604938271 0.52734375 0.904320987654321 0.5275607638888888 0.9064429012345679 0.5282118055555556 0.9079861111111112 0.53125 0.9083719135802469 0.533203125 0.9070216049382716 0.5360243055555556 0.8973765432098766 0.5323350694444444 0.8967978395061729 0.5308159722222222 0.8975694444444444
1 0.5358072916666666 0.9594907407407407 0.5364583333333334 0.9610339506172839 0.5434027777777778 0.9639274691358025 0.546875 0.9646990740740741 0.55078125 0.9633487654320988 0.5505642361111112 0.9602623456790124 0.5466579861111112 0.9587191358024691 0.5390625 0.9579475308641975
1 0.5514322916666666 0.9604552469135802 0.5512152777777778 0.9635416666666666 0.5538194444444444 0.9672067901234568 0.5572916666666666 0.9641203703703703 0.5579427083333334 0.9598765432098766 0.5570746527777778 0.9587191358024691 0.5536024305555556 0.9579475308641975
1 0.5774739583333334 0.9606481481481481 0.5772569444444444 0.966820987654321 0.5783420138888888 0.9685570987654321 0.5815972222222222 0.9664351851851852 0.5852864583333334 0.9598765432098766 0.5824652777777778 0.9567901234567902 0.5809461805555556 0.9564043209876543 0.578125 0.9583333333333334
1 0.5870225694444444 0.9596836419753086 0.5909288194444444 0.9618055555555556 0.5915798611111112 0.9635416666666666 0.5939670138888888 0.9643132716049383 0.5965711805555556 0.966820987654321 0.5987413194444444 0.9677854938271605 0.5998263888888888 0.9670138888888888 0.6004774305555556 0.9616126543209876 0.5991753472222222 0.9594907407407407 0.5885416666666666 0.9589120370370371
1 0.4984809027777778 0.980516975308642 0.498046875 0.9953703703703703 0.4986979166666667 0.9963348765432098 0.5015190972222222 0.9967206790123457 0.5075954861111112 0.9870756172839507 0.5086805555555556 0.9834104938271605 0.5080295138888888 0.9803240740740741 0.5052083333333334 0.9768518518518519 0.5013020833333334 0.9774305555555556
1 0.521484375 0.9826388888888888 0.5217013888888888 0.9859182098765432 0.525390625 0.9913194444444444 0.5260416666666666 0.9955632716049383 0.5282118055555556 0.9998070987654321 0.5303819444444444 0.9998070987654321 0.5303819444444444 0.998070987654321 0.5338541666666666 0.9949845679012346 0.5310329861111112 0.9913194444444444 0.5310329861111112 0.9876543209876543 0.533203125 0.9810956790123457 0.5323350694444444 0.9774305555555556 0.5297309027777778 0.9766589506172839 0.525390625 0.9768518518518519 0.5223524305555556 0.9797453703703703
1 0.5718315972222222 0.9855324074074074 0.5716145833333334 0.9947916666666666 0.5746527777777778 0.996141975308642 0.5768229166666666 0.9934413580246914 0.5844184027777778 0.9886188271604939 0.5848524305555556 0.9841820987654321 0.5833333333333334 0.9783950617283951 0.578125 0.9780092592592593 0.5746527777777778 0.9799382716049383 0.5726996527777778 0.982445987654321
1 0.560546875 0.939429012345679 0.5598958333333334 0.9417438271604939 0.5603298611111112 0.9481095679012346 0.5668402777777778 0.9596836419753086 0.5674913194444444 0.9602623456790124 0.5705295138888888 0.9598765432098766 0.5713975694444444 0.9564043209876543 0.5694444444444444 0.9533179012345679 0.5694444444444444 0.9519675925925926 0.5724826388888888 0.9388503086419753 0.5709635416666666 0.9363425925925926 0.5642361111111112 0.9359567901234568
1 0.611328125 0.5077160493827161 0.6104600694444444 0.5086805555555556 0.6126302083333334 0.5121527777777778 0.6208767361111112 0.5140817901234568 0.6221788194444444 0.5150462962962963 0.623046875 0.5229552469135802 0.6236979166666666 0.5225694444444444 0.6232638888888888 0.5183256172839507 0.6245659722222222 0.5154320987654321 0.6332465277777778 0.5104166666666666 0.63671875 0.5098379629629629 0.6375868055555556 0.5086805555555556 0.6271701388888888 0.5069444444444444 0.6234809027777778 0.5075231481481481 0.6128472222222222 0.5069444444444444
1 0.5763888888888888 0.5048225308641975 0.5757378472222222 0.5052083333333334 0.578125 0.5071373456790124 0.5815972222222222 0.5119598765432098 0.5848524305555556 0.5208333333333334 0.5859375 0.5187114197530864 0.5868055555555556 0.5106095679012346 0.5885416666666666 0.5082947530864198 0.5824652777777778 0.5046296296296297
1 0.6746961805555556 0.5248842592592593 0.6736111111111112 0.5258487654320988 0.6788194444444444 0.5316358024691358 0.6809895833333334 0.5304783950617284 0.681640625 0.5289351851851852 0.6829427083333334 0.5289351851851852 0.6859809027777778 0.5362654320987654 0.6885850694444444 0.5372299382716049 0.6901041666666666 0.5368441358024691 0.6924913194444444 0.5339506172839507 0.6961805555555556 0.5339506172839507 0.6990017361111112 0.5324074074074074 0.7022569444444444 0.5260416666666666 0.6994357638888888 0.5241126543209876 0.6944444444444444 0.5248842592592593 0.6859809027777778 0.5241126543209876 0.6783854166666666 0.5252700617283951
1 0.7684461805555556 0.4940200617283951 0.7682291666666666 0.4982638888888889 0.7688802083333334 0.4988425925925926 0.7730034722222222 0.4984567901234568 0.7766927083333334 0.49112654320987653 0.7760416666666666 0.4878472222222222 0.7723524305555556 0.48823302469135804
1 0.7042100694444444 0.4627700617283951 0.7044270833333334 0.46469907407407407 0.7061631944444444 0.4672067901234568 0.7133246527777778 0.46662808641975306 0.7141927083333334 0.46412037037037035 0.7137586805555556 0.45949074074074076 0.7111545138888888 0.4583333333333333 0.7068142361111112 0.45891203703703703 0.7055121527777778 0.45987654320987653