1 0.6586371527777778 0.9822530864197531 0.6655815972222222 0.9878472222222222 0.6714409722222222 0.9998070987654321 0.6493055555555556 0.9998070987654321 0.6473524305555556 0.9899691358024691 0.6514756944444444 0.9841820987654321 0.6584201388888888 0.9822530864197531
1 0.6653645833333334 0.9577546296296297 0.6671006944444444 0.9600694444444444 0.6647135416666666 0.9695216049382716 0.6612413194444444 0.9778163580246914 0.658203125 0.9785879629629629 0.6529947916666666 0.9598765432098766 0.6651475694444444 0.9577546296296297
1 0.6334635416666666 0.9764660493827161 0.6495225694444444 0.984375 0.6473524305555556 0.9886188271604939 0.6404079861111112 0.9924768518518519 0.6334635416666666 0.9893904320987654 0.6302083333333334 0.9926697530864198 0.6232638888888888 0.9884259259259259 0.6163194444444444 0.9872685185185185 0.6195746527777778 0.9812885802469136 0.6265190972222222 0.9772376543209876 0.6332465277777778 0.9764660493827161
1 0.6104600694444444 0.9913194444444444 0.6200086805555556 0.9945987654320988 0.6208767361111112 0.9998070987654321 0.5965711805555556 0.9998070987654321 0.5978732638888888 0.9920910493827161 0.6102430555555556 0.9913194444444444
1 0.5883246527777778 0.9791666666666666 0.5939670138888888 0.9876543209876543 0.5939670138888888 0.996141975308642 0.5881076388888888 0.9972993827160493 0.5868055555555556 0.9998070987654321 0.58203125 0.9998070987654321 0.5844184027777778 0.9812885802469136 0.5881076388888888 0.9793595679012346
1 0.7454427083333334 0.8057484567901234 0.7532552083333334 0.8140432098765432 0.7517361111111112 0.8350694444444444 0.7424045138888888 0.8333333333333334 0.7374131944444444 0.8175154320987654 0.7389322916666666 0.810570987654321 0.7452256944444444 0.8057484567901234
1 0.5815972222222222 0.9776234567901234 0.5846354166666666 0.9809027777777778 0.5837673611111112 0.9868827160493827 0.5744357638888888 0.9967206790123457 0.5707465277777778 0.9951774691358025 0.5716145833333334 0.9847608024691358 0.5746527777777778 0.9801311728395061 0.5813802083333334 0.9776234567901234
1 0.5616319444444444 0.9826388888888888 0.5709635416666666 0.9899691358024691 0.5720486111111112 0.9998070987654321 0.5562065972222222 0.9998070987654321 0.5536024305555556 0.9880401234567902 0.5572916666666666 0.982445987654321 0.5614149305555556 0.9826388888888888
1 0.5755208333333334 0.9353780864197531 0.5809461805555556 0.9425154320987654 0.5792100694444444 0.955054012345679 0.5822482638888888 0.9614197530864198 0.5813802083333334 0.9675925925925926 0.578125 0.966820987654321 0.576171875 0.9614197530864198 0.5666232638888888 0.9598765432098766 0.5598958333333334 0.9463734567901234 0.5607638888888888 0.9398148148148148 0.5635850694444444 0.9367283950617284 0.5753038194444444 0.9353780864197531
1 0.5368923611111112 0.9764660493827161 0.5403645833333334 0.9828317901234568 0.537109375 0.9998070987654321 0.5271267361111112 0.9998070987654321 0.5212673611111112 0.984375 0.5260416666666666 0.9760802469135802 0.5366753472222222 0.9764660493827161
1 0.4982638888888889 0.9971064814814815 0.4984809027777778 0.9774305555555556 0.5052083333333334 0.972608024691358 0.5086805555555556 0.9809027777777778 0.5060763888888888 0.9918981481481481 0.4984809027777778 0.9969135802469136
1 0.4917534722222222 0.9766589506172839 0.4958767361111111 0.9772376543209876 0.498046875 0.980516975308642 0.4952256944444444 0.9998070987654321 0.4887152777777778 0.9998070987654321 0.4858940972222222 0.9853395061728395 0.4867621527777778 0.980516975308642 0.4915364583333333 0.9766589506172839
1 0.498046875 0.9998070987654321 0.4963107638888889 0.9978780864197531 0.490234375 0.9998070987654321 0.4869791666666667 0.9855324074074074 0.4874131944444444 0.9809027777777778 0.4911024305555556 0.9772376543209876 0.5 0.9770447530864198 0.5054253472222222 0.9733796296296297 0.5084635416666666 0.980516975308642 0.5075954861111112 0.9880401234567902 0.498046875 0.9996141975308642
1 0.5744357638888888 0.7810570987654321 0.5768229166666666 0.7827932098765432 0.5729166666666666 0.7854938271604939 0.5726996527777778 0.7899305555555556 0.5759548611111112 0.7972608024691358 0.572265625 0.7984182098765432 0.5607638888888888 0.7955246913580247 0.5572916666666666 0.8042052469135802 0.5529513888888888 0.8036265432098766 0.5462239583333334 0.7899305555555556 0.5397135416666666 0.7862654320987654 0.5390625 0.783179012345679 0.5648871527777778 0.7872299382716049 0.5744357638888888 0.78125
1 0.4055989583333333 0.9533179012345679 0.4090711805555556 0.9540895061728395 0.41015625 0.956983024691358 0.4045138888888889 0.9695216049382716 0.4008246527777778 0.955054012345679 0.4053819444444444 0.9533179012345679
1 0.3977864583333333 0.8647762345679012 0.4079861111111111 0.8665123456790124 0.4103732638888889 0.8695987654320988 0.4040798611111111 0.8765432098765432 0.3947482638888889 0.8794367283950617 0.3858506944444444 0.8757716049382716 0.3836805555555556 0.8694058641975309 0.3869357638888889 0.8655478395061729 0.3975694444444444 0.8647762345679012
1 0.3732638888888889 0.8584104938271605 0.380859375 0.8657407407407407 0.3821614583333333 0.873070987654321 0.373046875 0.8890817901234568 0.3678385416666667 0.8885030864197531 0.3671875 0.8831018518518519 0.3624131944444444 0.8804012345679012 0.3634982638888889 0.8695987654320988 0.3608940972222222 0.8628472222222222 0.373046875 0.8584104938271605
1 0.7350260416666666 0.5999228395061729 0.7484809027777778 0.6022376543209876 0.7588975694444444 0.6089891975308642 0.7632378472222222 0.623070987654321 0.7623697916666666 0.6265432098765432 0.7515190972222222 0.6221064814814815 0.7482638888888888 0.6304012345679012 0.7445746527777778 0.6248070987654321 0.7309027777777778 0.6265432098765432 0.7256944444444444 0.6165123456790124 0.7252604166666666 0.6057098765432098 0.7348090277777778 0.5999228395061729
1 0.6820746527777778 0.5925925925925926 0.6838107638888888 0.5952932098765432 0.6801215277777778 0.5991512345679012 0.6822916666666666 0.6049382716049383 0.6890190972222222 0.609375 0.6753472222222222 0.6182484567901234 0.6716579861111112 0.6176697530864198 0.6694878472222222 0.6109182098765432 0.6649305555555556 0.6072530864197531 0.6614583333333334 0.6068672839506173 0.6577690972222222 0.6111111111111112 0.6545138888888888 0.611304012345679 0.6440972222222222 0.6039737654320988 0.6427951388888888 0.5993441358024691 0.6501736111111112 0.5945216049382716 0.6707899305555556 0.5954861111111112 0.6820746527777778 0.5927854938271605
1 0.7864583333333334 0.4876543209876543 0.7881944444444444 0.49112654320987653 0.7864583333333334 0.4982638888888889 0.7823350694444444 0.498070987654321 0.78125 0.4947916666666667 0.7814670138888888 0.49016203703703703 0.7862413194444444 0.4876543209876543
1 0.7211371527777778 0.5150462962962963 0.7302517361111112 0.5165895061728395 0.7319878472222222 0.5192901234567902 0.7306857638888888 0.5354938271604939 0.7276475694444444 0.5407021604938271 0.7178819444444444 0.5223765432098766 0.716796875 0.515625 0.7209201388888888 0.5150462962962963
1 0.6892361111111112 0.47511574074074076 0.6957465277777778 0.47704475308641975 0.6979166666666666 0.4807098765432099 0.6983506944444444 0.5003858024691358 0.6890190972222222 0.5023148148148148 0.6786024305555556 0.5 0.6801215277777778 0.4809027777777778 0.6827256944444444 0.47723765432098764 0.6890190972222222 0.47530864197530864
1 0.6232638888888888 0.47183641975308643 0.6319444444444444 0.47337962962962965 0.634765625 0.47608024691358025 0.6334635416666666 0.49266975308641975 0.6302083333333334 0.49286265432098764 0.6267361111111112 0.4888117283950617 0.623046875 0.4895833333333333 0.6197916666666666 0.48572530864197533 0.6161024305555556 0.48572530864197533 0.6161024305555556 0.47723765432098764 0.6182725694444444 0.4737654320987654 0.623046875 0.4720293209876543
1 0.5941840277777778 0.47800925925925924 0.5998263888888888 0.4810956790123457 0.6009114583333334 0.4886188271604938 0.599609375 0.4913194444444444 0.59375 0.49209104938271603 0.5887586805555556 0.4967206790123457 0.5831163194444444 0.4839891975308642 0.5883246527777778 0.47800925925925924 0.5939670138888888 0.47800925925925924
1 0.55078125 0.5028935185185185 0.5622829861111112 0.5050154320987654 0.5583767361111112 0.5144675925925926 0.560546875 0.5227623456790124 0.5536024305555556 0.5217978395061729 0.5466579861111112 0.5254629629629629 0.5451388888888888 0.5221836419753086 0.5496961805555556 0.515625 0.5483940972222222 0.5050154320987654 0.5505642361111112 0.5028935185185185
1 0.7113715277777778 0.3879243827160494 0.716796875 0.3910108024691358 0.7215711805555556 0.40007716049382713 0.7298177083333334 0.4077932098765432 0.7189670138888888 0.4085648148148148 0.716796875 0.41396604938271603 0.7133246527777778 0.41377314814814814 0.7018229166666666 0.404320987654321 0.6990017361111112 0.39795524691358025 0.7013888888888888 0.3900462962962963 0.7111545138888888 0.3879243827160494
1 0.6100260416666666 0.44155092592592593 0.6141493055555556 0.44579475308641975 0.6178385416666666 0.45987654320987653 0.6126302083333334 0.45987654320987653 0.6091579861111112 0.4627700617283951 0.6037326388888888 0.46103395061728397 0.6028645833333334 0.4494598765432099 0.6043836805555556 0.4427083333333333 0.6098090277777778 0.44155092592592593
1 0.5986328125 0.45437885802469136 0.012369791666666666 0.028742283950617283
1 0.5336371527777778 0.4783950617283951 0.5364583333333334 0.47897376543209874 0.5397135416666666 0.4839891975308642 0.5362413194444444 0.4996141975308642 0.5310329861111112 0.498070987654321 0.529296875 0.48842592592592593 0.5295138888888888 0.48225308641975306 0.5334201388888888 0.4783950617283951
1 0.6831597222222222 0.38136574074074076 0.701171875 0.390625 0.6927083333333334 0.3993055555555556 0.6857638888888888 0.3950617283950617 0.6788194444444444 0.3975694444444444 0.6697048611111112 0.390625 0.6755642361111112 0.3836805555555556 0.6829427083333334 0.38136574074074076
1 0.7161458333333334 0.361304012345679 0.7180989583333334 0.3626543209876543 0.716796875 0.37114197530864196 0.7133246527777778 0.38175154320987653 0.7102864583333334 0.38387345679012347 0.7029079861111112 0.3626543209876543 0.7159288194444444 0.361304012345679
1 0.66015625 0.3966049382716049 0.6720920138888888 0.4018132716049383 0.6751302083333334 0.41473765432098764 0.6482204861111112 0.40625 0.6451822916666666 0.4010416666666667 0.646484375 0.39949845679012347 0.6501736111111112 0.39718364197530864 0.6599392361111112 0.3966049382716049
1 0.640625 0.38445216049382713 0.6438802083333334 0.38753858024691357 0.646484375 0.39718364197530864 0.6456163194444444 0.40142746913580246 0.6417100694444444 0.4027777777777778 0.6369357638888888 0.40162037037037035 0.634765625 0.3942901234567901 0.6360677083333334 0.3861882716049383 0.6404079861111112 0.38445216049382713
1 0.6343315972222222 0.38348765432098764 0.6365017361111112 0.38676697530864196 0.6354166666666666 0.392554012345679 0.6267361111111112 0.4018132716049383 0.6226128472222222 0.3902391975308642 0.62890625 0.3836805555555556 0.6341145833333334 0.38348765432098764
1 0.4822048611111111 0.4845679012345679 0.009982638888888888 0.021604938271604937
1 0.6126302083333334 0.3879243827160494 0.6241319444444444 0.39776234567901236 0.6221788194444444 0.4070216049382716 0.6236979166666666 0.4149305555555556 0.6163194444444444 0.4114583333333333 0.6095920138888888 0.41300154320987653 0.6067708333333334 0.4114583333333333 0.6080729166666666 0.40412808641975306 0.6050347222222222 0.39814814814814814 0.6056857638888888 0.3942901234567901 0.6091579861111112 0.3890817901234568 0.6124131944444444 0.3881172839506173
1 0.24500868055555555 0.9172453703703703 0.2497829861111111 0.9201388888888888 0.2521701388888889 0.9247685185185185 0.248046875 0.9419367283950617 0.24522569444444445 0.9430941358024691 0.2398003472222222 0.9278549382716049 0.24110243055555555 0.9203317901234568 0.24479166666666666 0.9172453703703703
1 0.3459201388888889 0.6934799382716049 0.3509114583333333 0.6959876543209876 0.3511284722222222 0.7006172839506173 0.3474392361111111 0.7204861111111112 0.3428819444444444 0.7222222222222222 0.33984375 0.7202932098765432 0.3368055555555556 0.7038966049382716 0.3420138888888889 0.6948302469135802 0.345703125 0.6934799382716049
1 0.4817708333333333 0.47415123456790126 0.4861111111111111 0.4774305555555556 0.4858940972222222 0.4837962962962963 0.4809027777777778 0.4940200617283951 0.4752604166666667 0.49517746913580246 0.4713541666666667 0.4913194444444444 0.4704861111111111 0.4774305555555556 0.4739583333333333 0.47492283950617287 0.4815538194444444 0.47415123456790126
1 0.4704861111111111 0.47685185185185186 0.4772135416666667 0.47415123456790126 0.478515625 0.47723765432098764 0.4774305555555556 0.49209104938271603 0.4735243055555556 0.4955632716049383 0.4702690972222222 0.48996913580246915 0.4704861111111111 0.47704475308641975
1 0.5883246527777778 0.38155864197530864 0.5920138888888888 0.3871527777777778 0.5894097222222222 0.4029706790123457 0.578125 0.4064429012345679 0.5787760416666666 0.40084876543209874 0.5740017361111112 0.39274691358024694 0.5737847222222222 0.38676697530864196 0.5779079861111112 0.38175154320987653 0.5881076388888888 0.38155864197530864
1 0.5570746527777778 0.3802083333333333 0.5601128472222222 0.3908179012345679 0.5538194444444444 0.40335648148148145 0.5503472222222222 0.4050925925925926 0.5475260416666666 0.4039351851851852 0.5481770833333334 0.3869598765432099 0.5568576388888888 0.38040123456790126
1 0.5570746527777778 0.38078703703703703 0.5598958333333334 0.3910108024691358 0.5536024305555556 0.40335648148148145 0.5423177083333334 0.4074074074074074 0.5375434027777778 0.3898533950617284 0.5434027777777778 0.38290895061728397 0.5505642361111112 0.38445216049382713 0.5568576388888888 0.3809799382716049
1 0.6265190972222222 0.33815586419753085 0.6321614583333334 0.3454861111111111 0.6304253472222222 0.3653549382716049 0.6267361111111112 0.36226851851851855 0.623046875 0.3653549382716049 0.6197916666666666 0.36496913580246915 0.611328125 0.34953703703703703 0.6130642361111112 0.34085648148148145 0.6165364583333334 0.3387345679012346 0.6263020833333334 0.33815586419753085
1 0.5954861111111112 0.2966820987654321 0.5974392361111112 0.30690586419753085 0.5954861111111112 0.3109567901234568 0.591796875 0.30459104938271603 0.5883246527777778 0.30420524691358025 0.578125 0.31037808641975306 0.5763888888888888 0.3072916666666667 0.5815972222222222 0.2976466049382716 0.5952690972222222 0.2966820987654321
1 0.7940538194444444 0.2021604938271605 0.8016493055555556 0.21006944444444445 0.8001302083333334 0.2199074074074074 0.8016493055555556 0.23070987654320987 0.7934027777777778 0.2322530864197531 0.7862413194444444 0.20910493827160495 0.7897135416666666 0.2035108024691358 0.7938368055555556 0.2021604938271605
1 0.4429253472222222 0.2673611111111111 0.4594184027777778 0.27218364197530864 0.4529079861111111 0.279320987654321 0.4461805555555556 0.2820216049382716 0.4353298611111111 0.279320987654321 0.4327256944444444 0.27584876543209874 0.4342447916666667 0.2690972222222222 0.4427083333333333 0.2673611111111111
1 0.3209635416666667 0.7737268518518519 0.3240017361111111 0.7785493827160493 0.3209635416666667 0.7889660493827161 0.3075086805555556 0.8040123456790124 0.2981770833333333 0.7932098765432098 0.3049045138888889 0.7878086419753086 0.3138020833333333 0.7752700617283951 0.3207465277777778 0.7737268518518519
1 0.2934027777777778 0.7579089506172839 0.30078125 0.7598379629629629 0.3116319444444444 0.7719907407407407 0.3103298611111111 0.7771990740740741 0.2983940972222222 0.7770061728395061 0.2975260416666667 0.7640817901234568 0.2934027777777778 0.7581018518518519
1 0.3732638888888889 0.2943672839506173 0.3760850694444444 0.2964891975308642 0.3734809027777778 0.30401234567901236 0.3695746527777778 0.30362654320987653 0.3671875 0.296875 0.373046875 0.2943672839506173
1 0.234375 0.7785493827160493 0.2417534722222222 0.7816358024691358 0.2443576388888889 0.7864583333333334 0.24131944444444445 0.8047839506172839 0.23046875 0.8038194444444444 0.23307291666666666 0.7964891975308642 0.2302517361111111 0.7835648148148148 0.2341579861111111 0.7787422839506173
1 0.22374131944444445 0.7615740740740741 0.2289496527777778 0.7685185185185185 0.248046875 0.7733410493827161 0.2484809027777778 0.779320987654321 0.22743055555555555 0.779320987654321 0.22374131944444445 0.7721836419753086 0.21549479166666666 0.7690972222222222 0.22135416666666666 0.7667824074074074 0.22352430555555555 0.761766975308642
1 0.4079861111111111 0.265625 0.4220920138888889 0.2621527777777778 0.4299045138888889 0.27102623456790126 0.4299045138888889 0.27912808641975306 0.4205729166666667 0.2924382716049383 0.4157986111111111 0.29128086419753085 0.4164496527777778 0.28607253086419754 0.41015625 0.2829861111111111 0.4127604166666667 0.27218364197530864 0.408203125 0.265625
1 0.19227430555555555 0.8065200617283951 0.19835069444444445 0.8072916666666666 0.19921875 0.8096064814814815 0.19270833333333334 0.8260030864197531 0.1853298611111111 0.8084490740740741 0.18663194444444445 0.8065200617283951 0.19205729166666666 0.8065200617283951
1 0.2358940972222222 0.6923225308641975 0.24110243055555555 0.6957947530864198 0.24327256944444445 0.7033179012345679 0.2306857638888889 0.7199074074074074 0.2224392361111111 0.7183641975308642 0.2170138888888889 0.7143132716049383 0.20703125 0.716820987654321 0.22395833333333334 0.6936728395061729 0.23567708333333334 0.6923225308641975
1 0.2936197916666667 0.328125 0.2986111111111111 0.3315972222222222 0.3009982638888889 0.33738425925925924 0.296875 0.35320216049382713 0.2944878472222222 0.35397376543209874 0.2918836805555556 0.35204475308641975 0.2879774305555556 0.33892746913580246 0.2899305555555556 0.3304398148148148 0.2934027777777778 0.328125
1 0.6271701388888888 0.17515432098765432 0.6215277777777778 0.18209876543209877 0.6243489583333334 0.19386574074074073 0.609375 0.19328703703703703 0.6063368055555556 0.20003858024691357 0.6032986111111112 0.20119598765432098 0.5941840277777778 0.18557098765432098 0.5874565972222222 0.18229166666666666 0.587890625 0.18074845679012347 0.61328125 0.18441358024691357 0.626953125 0.17515432098765432
1 0.3667534722222222 0.17689043209876543 0.3697916666666667 0.18016975308641975 0.3687065972222222 0.18904320987654322 0.3559027777777778 0.20640432098765432 0.353515625 0.20679012345679013 0.3450520833333333 0.19945987654320987 0.3441840277777778 0.19579475308641975 0.3578559027777778 0.17939814814814814 0.3665364583333333 0.17689043209876543
1 0.3387586805555556 0.16126543209876543 0.34375 0.16145833333333334 0.3576388888888889 0.17515432098765432 0.3559027777777778 0.18055555555555555 0.3446180555555556 0.18074845679012347 0.3415798611111111 0.16377314814814814 0.3389756944444444 0.16145833333333334
1 0.23828125 0.21489197530864199 0.244140625 0.21682098765432098 0.23828125 0.2341820987654321 0.22981770833333334 0.21720679012345678 0.23111979166666666 0.21508487654320987 0.2380642361111111 0.21489197530864199
1 0.2803819444444444 0.18479938271604937 0.2886284722222222 0.19058641975308643 0.2862413194444444 0.21084104938271606 0.27734375 0.20679012345679013 0.2747395833333333 0.18904320987654322 0.2801649305555556 0.18479938271604937
1 0.2717013888888889 0.1716820987654321 0.2758246527777778 0.17631172839506173 0.2925347222222222 0.17881944444444445 0.2947048611111111 0.18209876543209877 0.2931857638888889 0.18557098765432098 0.2897135416666667 0.1869212962962963 0.279296875 0.1853780864197531 0.2727864583333333 0.1873070987654321 0.2686631944444444 0.18055555555555555 0.2595486111111111 0.17554012345679013 0.2645399305555556 0.17496141975308643 0.2677951388888889 0.1684027777777778 0.271484375 0.1716820987654321
1 0.1684027777777778 0.7667824074074074 0.1753472222222222 0.7669753086419753 0.181640625 0.7735339506172839 0.18098958333333334 0.779320987654321 0.1755642361111111 0.785108024691358 0.1736111111111111 0.7916666666666666 0.1642795138888889 0.7918595679012346 0.16145833333333334 0.7899305555555556 0.16145833333333334 0.7723765432098766 0.16493055555555555 0.767554012345679 0.1681857638888889 0.7669753086419753
1 0.13389756944444445 0.7733410493827161 0.1401909722222222 0.7762345679012346 0.13780381944444445 0.7866512345679012 0.12999131944444445 0.7934027777777778 0.11979166666666667 0.7982253086419753 0.11762152777777778 0.7966820987654321 0.12217881944444445 0.7862654320987654 0.13368055555555555 0.7733410493827161
1 0.126953125 0.7662037037037037 0.12999131944444445 0.7673611111111112 0.1323784722222222 0.7727623456790124 0.11653645833333333 0.7862654320987654 0.1134982638888889 0.7827932098765432 0.11458333333333333 0.7758487654320988 0.12065972222222222 0.7689043209876543 0.1267361111111111 0.7662037037037037
1 0.06749131944444445 0.8458719135802469 0.0744357638888889 0.8495370370370371 0.07769097222222222 0.855516975308642 0.07703993055555555 0.8609182098765432 0.07335069444444445 0.8614969135802469 0.06749131944444445 0.8526234567901234 0.06749131944444445 0.8460648148148148
1 0.10308159722222222 0.7654320987654321 0.10807291666666667 0.7690972222222222 0.1095920138888889 0.7766203703703703 0.09874131944444445 0.794945987654321 0.0954861111111111 0.7947530864197531 0.09114583333333333 0.7897376543209876 0.09136284722222222 0.7756558641975309 0.09635416666666667 0.7673611111111112 0.10286458333333333 0.7654320987654321
1 0.08506944444444445 0.7608024691358025 0.10004340277777778 0.765625 0.091796875 0.7777777777777778 0.076171875 0.7756558641975309 0.07356770833333333 0.7638888888888888 0.07747395833333333 0.7613811728395061 0.08485243055555555 0.7608024691358025
1 0.08485243055555555 0.7608024691358025 0.09895833333333333 0.765625 0.09114583333333333 0.777391975308642 0.076171875 0.7752700617283951 0.07356770833333333 0.7640817901234568 0.07573784722222222 0.7619598765432098 0.08463541666666667 0.7608024691358025
1 0.08875868055555555 0.7179783950617284 0.1056857638888889 0.71875 0.109375 0.7341820987654321 0.10286458333333333 0.7316743827160493 0.0978732638888889 0.7332175925925926 0.09223090277777778 0.7299382716049383 0.08550347222222222 0.7204861111111112 0.08854166666666667 0.7179783950617284
1 0.0798611111111111 0.7885802469135802 0.091796875 0.7893518518518519 0.09874131944444445 0.7959104938271605 0.09266493055555555 0.8076774691358025 0.08658854166666667 0.8140432098765432 0.0818142361111111 0.8152006172839507 0.0779079861111111 0.8146219135802469 0.07139756944444445 0.8059413580246914 0.05750868055555555 0.8038194444444444 0.056640625 0.8003472222222222 0.0646701388888889 0.7895447530864198 0.07964409722222222 0.7885802469135802
1 0.08159722222222222 0.71875 0.08441840277777778 0.7237654320987654 0.08355034722222222 0.7272376543209876 0.07703993055555555 0.7289737654320988 0.07074652777777778 0.7274305555555556 0.06966145833333333 0.7195216049382716 0.08138020833333333 0.71875
1 0.2209201388888889 0.17689043209876543 0.22591145833333334 0.1857638888888889 0.21875 0.19405864197530864 0.216796875 0.20158179012345678 0.2048611111111111 0.19945987654320987 0.20377604166666666 0.18518518518518517 0.2087673611111111 0.17727623456790123 0.220703125 0.17689043209876543
1 0.1447482638888889 0.17862654320987653 0.1508246527777778 0.18248456790123457 0.1519097222222222 0.1900077160493827 0.1404079861111111 0.21122685185185186 0.13346354166666666 0.20601851851851852 0.13368055555555555 0.19212962962962962 0.13953993055555555 0.17920524691358025 0.14453125 0.17862654320987653
1 0.1369357638888889 0.17669753086419754 0.14539930555555555 0.17881944444444445 0.14756944444444445 0.18209876543209877 0.1312934027777778 0.19270833333333334 0.1232638888888889 0.18981481481481483 0.11957465277777778 0.19116512345679013 0.11458333333333333 0.17881944444444445 0.12586805555555555 0.1753472222222222 0.13671875 0.17669753086419754
1 0.17881944444444445 0.18479938271604937 0.18250868055555555 0.1869212962962963 0.18229166666666666 0.19637345679012347 0.17078993055555555 0.2065972222222222 0.1618923611111111 0.20987654320987653 0.16080729166666666 0.2065972222222222 0.1675347222222222 0.19212962962962962 0.17469618055555555 0.18518518518518517 0.17860243055555555 0.18479938271604937
1 0.1273871527777778 0.17515432098765432 0.13736979166666666 0.17881944444444445 0.1343315972222222 0.18904320987654322 0.13020833333333334 0.19212962962962962 0.123046875 0.19058641975308643 0.11957465277777778 0.19232253086419754 0.11610243055555555 0.19212962962962962 0.109375 0.17881944444444445 0.1271701388888889 0.17515432098765432
1 0.0681423611111111 0.7623456790123457 0.07530381944444445 0.7648533950617284 0.07703993055555555 0.7721836419753086 0.07682291666666667 0.7760416666666666 0.07096354166666667 0.7814429012345679 0.06749131944444445 0.7814429012345679 0.060546875 0.7756558641975309 0.050347222222222224 0.7787422839506173 0.043402777777777776 0.7785493827160493 0.040581597222222224 0.7727623456790124 0.04318576388888889 0.7642746913580247 0.06792534722222222 0.7623456790123457
1 0.052734375 0.763695987654321 0.062065972222222224 0.765625 0.060980902777777776 0.7719907407407407 0.05772569444444445 0.7758487654320988 0.046875 0.7795138888888888 0.041449652777777776 0.7771990740740741 0.039713541666666664 0.7681327160493827 0.043402777777777776 0.7638888888888888 0.05251736111111111 0.763695987654321
1 0.037543402777777776 0.7170138888888888 0.048394097222222224 0.7170138888888888 0.05056423611111111 0.7347608024691358 0.045355902777777776 0.7316743827160493 0.037760416666666664 0.7172067901234568
1 0.046875 0.7181712962962963 0.04709201388888889 0.7299382716049383 0.04318576388888889 0.7283950617283951 0.036458333333333336 0.7567515432098766 0.028862847222222224 0.7484567901234568 0.027126736111111112 0.7241512345679012 0.031032986111111112 0.7179783950617284 0.04665798611111111 0.7181712962962963
1 0.11176215277777778 0.17804783950617284 0.11458333333333333 0.17901234567901234 0.1193576388888889 0.1892361111111111 0.11762152777777778 0.19270833333333334 0.1095920138888889 0.19753086419753085 0.09288194444444445 0.18229166666666666 0.1115451388888889 0.17804783950617284
1 0.1697048611111111 0.17843364197530864 0.17491319444444445 0.18209876543209877 0.1755642361111111 0.1857638888888889 0.1616753472222222 0.19810956790123457 0.1560329861111111 0.19618055555555555 0.1564670138888889 0.18904320987654322 0.1618923611111111 0.18209876543209877 0.1694878472222222 0.17843364197530864
1 0.08875868055555555 0.17881944444444445 0.0978732638888889 0.18055555555555555 0.11284722222222222 0.17881944444444445 0.11675347222222222 0.19251543209876543 0.109375 0.19733796296296297 0.10243055555555555 0.19232253086419754 0.08832465277777778 0.19656635802469136 0.08203125 0.19579475308641975 0.0802951388888889 0.1853780864197531 0.08854166666666667 0.17881944444444445
1 0.7669270833333334 0 0.7994791666666666 0 0.8042534722222222 0.015046296296296295 0.8033854166666666 0.01832561728395062 0.7931857638888888 0.012345679012345678 0.7899305555555556 0.020640432098765434 0.783203125 0.015046296296296295 0.7730034722222222 0.017746913580246913 0.7680121527777778 0.008680555555555556 0.7669270833333334 0.00019290123456790122
1 0.1232638888888889 0.17611882716049382 0.1349826388888889 0.17881944444444445 0.13346354166666666 0.1878858024691358 0.13020833333333334 0.19039351851851852 0.123046875 0.1900077160493827 0.1095920138888889 0.19753086419753085 0.09895833333333333 0.19174382716049382 0.08854166666666667 0.19637345679012347 0.08311631944444445 0.19560185185185186 0.080078125 0.1865354938271605 0.08289930555555555 0.18209876543209877 0.08832465277777778 0.17881944444444445 0.099609375 0.18016975308641975 0.10807291666666667 0.17727623456790123 0.123046875 0.17631172839506173
1 0.4019097222222222 0.0943287037037037 0.4092881944444444 0.10570987654320987 0.4045138888888889 0.12056327160493827 0.4016927083333333 0.12191358024691358 0.3977864583333333 0.11998456790123457 0.3930121527777778 0.10802469135802469 0.3956163194444444 0.0954861111111111 0.4016927083333333 0.0943287037037037
1 0.3917100694444444 0.09375 0.3947482638888889 0.09876543209876543 0.3940972222222222 0.10513117283950617 0.3912760416666667 0.11979166666666667 0.3882378472222222 0.12133487654320987 0.3841145833333333 0.11979166666666667 0.3806423611111111 0.10551697530864197 0.384765625 0.0954861111111111 0.3871527777777778 0.0931712962962963 0.3914930555555556 0.09375
1 0.2723524305555556 0.09664351851851852 0.2814670138888889 0.09780092592592593 0.2864583333333333 0.10532407407407407 0.2760416666666667 0.12210648148148148 0.2725694444444444 0.1232638888888889 0.2654079861111111 0.1232638888888889 0.2619357638888889 0.11902006172839506 0.251953125 0.12133487654320987 0.2502170138888889 0.11998456790123457 0.2649739583333333 0.09895833333333333 0.2721354166666667 0.09664351851851852
1 0.14583333333333334 0.13001543209876543 0.15104166666666666 0.14506172839506173 0.14366319444444445 0.14448302469135801 0.140625 0.14679783950617284 0.13736979166666666 0.14641203703703703 0.1293402777777778 0.1396604938271605 0.1254340277777778 0.13252314814814814 0.1273871527777778 0.13040123456790123 0.14561631944444445 0.13001543209876543
1 0.009982638888888888 0.7700617283950617 0.016276041666666668 0.7735339506172839 0.022135416666666668 0.7826003086419753 0.018880208333333332 0.8043981481481481 0.012152777777777778 0.8190586419753086 0.008246527777777778 0.8177083333333334 0.010199652777777778 0.7955246913580247 0.008463541666666666 0.7941743827160493 0 0.7982253086419753 0 0.7893518518518519 0.00390625 0.7870370370370371 0.007161458333333333 0.7797067901234568 0.0032552083333333335 0.7721836419753086 0.004991319444444444 0.7698688271604939 0.009765625 0.7700617283950617
1 0.04709201388888889 0.1861496913580247 0.05381944444444445 0.1886574074074074 0.062065972222222224 0.19945987654320987 0.057291666666666664 0.22588734567901234 0.05381944444444445 0.2341820987654321 0.050347222222222224 0.23668981481481483 0.048177083333333336 0.2341820987654321 0.05099826388888889 0.21296296296296297 0.046875 0.21199845679012347 0.03993055555555555 0.2162422839506173 0.037760416666666664 0.21006944444444445 0.04665798611111111 0.20023148148148148 0.04188368055555555 0.1888503086419753 0.046875 0.1861496913580247
1 0.7120225694444444 0 0.73046875 0 0.7174479166666666 0.010030864197530864 0.712890625 0.008487654320987654 0.7120225694444444 0.00019290123456790122
1 0.11957465277777778 0.13059413580246915 0.1228298611111111 0.13271604938271606 0.12456597222222222 0.1404320987654321 0.11631944444444445 0.14429012345679013 0.10698784722222222 0.13348765432098766 0.1193576388888889 0.13059413580246915
1 0.08854166666666667 0.13290895061728394 0.09049479166666667 0.14756944444444445 0.08854166666666667 0.15027006172839505 0.07552083333333333 0.13695987654320987 0.076171875 0.13368055555555555 0.08832465277777778 0.13290895061728394
1 0.08854166666666667 0.13368055555555555 0.08680555555555555 0.140625 0.08919270833333333 0.14776234567901234 0.08658854166666667 0.14448302469135801 0.0842013888888889 0.14486882716049382 0.07855902777777778 0.171875 0.07465277777777778 0.1722608024691358 0.06879340277777778 0.16415895061728394 0.06640625 0.13695987654320987 0.07161458333333333 0.13387345679012347 0.08832465277777778 0.13348765432098766
1 0.3940972222222222 0.4131944444444444 0.392578125 0.419945987654321 0.3899739583333333 0.4216820987654321 0.3899739583333333 0.4224537037037037 0.3930121527777778 0.42399691358024694 0.3973524305555556 0.4245756172839506 0.4014756944444444 0.4114583333333333 0.3962673611111111 0.4112654320987654
1 0.4485677083333333 0.3611111111111111 0.4507378472222222 0.3755787037037037 0.4533420138888889 0.3782793209876543 0.4559461805555556 0.3765432098765432 0.4568142361111111 0.373070987654321 0.4587673611111111 0.3715277777777778 0.4622395833333333 0.3620756172839506 0.4600694444444444 0.3595679012345679 0.4496527777777778 0.359375
1 0.4038628472222222 0.4112654320987654 0.4045138888888889 0.4149305555555556 0.4064670138888889 0.4166666666666667 0.4077690972222222 0.41975308641975306 0.4097222222222222 0.4176311728395062 0.4114583333333333 0.41724537037037035 0.4144965277777778 0.42052469135802467 0.4175347222222222 0.4216820987654321 0.4197048611111111 0.4209104938271605 0.4205729166666667 0.4182098765432099 0.4147135416666667 0.41203703703703703 0.4084201388888889 0.41087962962962965
1 0.7061631944444444 0.46045524691358025 0.7048611111111112 0.46315586419753085 0.7061631944444444 0.4670138888888889 0.7141927083333334 0.466820987654321 0.7152777777777778 0.46296296296296297 0.7135416666666666 0.45929783950617287 0.7092013888888888 0.4591049382716049
1 0.6108940972222222 0.5077160493827161 0.6126302083333334 0.511766975308642 0.6197916666666666 0.5183256172839507 0.6236979166666666 0.5084876543209876 0.6195746527777778 0.5084876543209876 0.6128472222222222 0.5059799382716049
1 0.5779079861111112 0.5050154320987654 0.5813802083333334 0.5125385802469136 0.5837673611111112 0.5206404320987654 0.5850694444444444 0.5219907407407407 0.5865885416666666 0.5189043209876543 0.5870225694444444 0.5108024691358025 0.5885416666666666 0.5084876543209876 0.5833333333333334 0.5050154320987654
1 0.671875 0.5223765432098766 0.6723090277777778 0.5258487654320988 0.6788194444444444 0.5318287037037037 0.6805555555555556 0.5308641975308642 0.6822916666666666 0.5279706790123457 0.6866319444444444 0.5360725308641975 0.6890190972222222 0.5372299382716049 0.6916232638888888 0.5347222222222222 0.697265625 0.5329861111111112 0.7003038194444444 0.5297067901234568 0.7000868055555556 0.5264274691358025 0.6990017361111112 0.5254629629629629 0.6924913194444444 0.5254629629629629 0.6859809027777778 0.5237268518518519 0.6809895833333334 0.5244984567901234
1 0.5399305555555556 0.8973765432098766 0.5405815972222222 0.9002700617283951 0.5399305555555556 0.904320987654321 0.5431857638888888 0.9085648148148148 0.5466579861111112 0.9093364197530864 0.5470920138888888 0.9002700617283951 0.5481770833333334 0.8969907407407407 0.5466579861111112 0.8954475308641975
1 0.5269097222222222 0.904320987654321 0.5260416666666666 0.908179012345679 0.5290798611111112 0.9089506172839507 0.53125 0.9083719135802469 0.5347222222222222 0.904320987654321 0.5368923611111112 0.8975694444444444 0.5364583333333334 0.8967978395061729 0.5329861111111112 0.8958333333333334 0.5310329861111112 0.8966049382716049 0.5290798611111112 0.9018132716049383
1 0.3209635416666667 0.8931327160493827 0.3216145833333333 0.8954475308641975 0.3240017361111111 0.8979552469135802 0.3253038194444444 0.8981481481481481 0.3279079861111111 0.8958333333333334 0.3289930555555556 0.8904320987654321 0.3279079861111111 0.8894675925925926 0.32421875 0.8890817901234568 0.3220486111111111 0.890625
1 0.3103298611111111 0.8904320987654321 0.310546875 0.8948688271604939 0.3142361111111111 0.8940972222222222 0.3161892361111111 0.890625 0.3140190972222222 0.8890817901234568
1 0.5707465277777778 0.9380787037037037 0.5718315972222222 0.9452160493827161 0.5709635416666666 0.9496527777777778 0.5737847222222222 0.9519675925925926 0.5737847222222222 0.9538966049382716 0.5716145833333334 0.9565972222222222 0.576171875 0.9600694444444444 0.578125 0.9670138888888888 0.5815972222222222 0.9673996913580247 0.5837673611111112 0.9618055555555556 0.5848519965277778 0.9624390432098765 0.5850694444444444 0.9565972222222222 0.5809461805555556 0.9556327160493827 0.5805121527777778 0.9548611111111112 0.580078125 0.949266975308642 0.5815972222222222 0.9461805555555556 0.5813802083333334 0.9427083333333334 0.5783420138888888 0.9378858024691358 0.5746527777777778 0.9353780864197531 0.5726996527777778 0.9357638888888888
1 0.5885416666666666 0.9579475308641975 0.5855034722222222 0.9598765432098766 0.5920138888888888 0.9618055555555556 0.5952690972222222 0.9675925925925926 0.59765625 0.9670138888888888 0.5989583333333334 0.9635416666666666 0.5985243055555556 0.9594907407407407 0.5967881944444444 0.9583333333333334 0.5920138888888888 0.9571759259259259
1 0.5774739583333334 0.9564043209876543 0.5783420138888888 0.9596836419753086 0.5774739583333334 0.9616126543209876 0.5776909722222222 0.9670138888888888 0.5785590277777778 0.9679783950617284 0.5815972222222222 0.9681712962962963 0.5857204861111112 0.9598765432098766 0.583984375 0.9585262345679012
1 0.5345052083333334 0.9589120370370371 0.5342881944444444 0.9600694444444444 0.5434027777777778 0.9631558641975309 0.5462239583333334 0.9625771604938271 0.5501302083333334 0.9633487654320988 0.5518663194444444 0.9610339506172839 0.5544704861111112 0.9600694444444444 0.5431857638888888 0.9571759259259259 0.5364583333333334 0.9571759259259259
1 0.3502604166666667 0.6998456790123457 0.3489583333333333 0.7098765432098766 0.3552517361111111 0.7231867283950617 0.3591579861111111 0.7233796296296297 0.3656684027777778 0.7067901234567902 0.3650173611111111 0.7025462962962963 0.3600260416666667 0.6956018518518519 0.3563368055555556 0.6940586419753086 0.353515625 0.6946373456790124 0.3515625 0.6959876543209876
1 0.6221788194444444 0.423804012345679 0.6219618055555556 0.42901234567901236 0.6234809027777778 0.43016975308641975 0.6267361111111112 0.42843364197530864 0.6291232638888888 0.42573302469135804 0.6302083333333334 0.4216820987654321 0.6280381944444444 0.4185956790123457 0.6265190972222222 0.41782407407407407 0.623046875 0.4214891975308642
1 0.6334635416666666 0.43074845679012347 0.6336805555555556 0.43287037037037035 0.6384548611111112 0.4324845679012346 0.6421440972222222 0.4288194444444444 0.6417100694444444 0.42476851851851855 0.6404079861111112 0.4236111111111111 0.6371527777777778 0.42322530864197533
1 0.6430121527777778 0.4243827160493827 0.6421440972222222 0.42592592592592593 0.6434461805555556 0.42939814814814814 0.6467013888888888 0.43036265432098764 0.6510416666666666 0.42978395061728397 0.6529947916666666 0.42496141975308643 0.6508246527777778 0.4228395061728395 0.6473524305555556 0.4226466049382716
1 0.58984375 0.3620756172839506 0.5889756944444444 0.3628472222222222 0.58984375 0.36612654320987653 0.591796875 0.36747685185185186 0.5948350694444444 0.36670524691358025 0.595703125 0.3626543209876543 0.5922309027777778 0.361304012345679
1 0.6291232638888888 0.36709104938271603 0.6286892361111112 0.373070987654321 0.6304253472222222 0.3738425925925926 0.6334635416666666 0.3717206790123457 0.6351996527777778 0.36593364197530864 0.6336805555555556 0.3645833333333333 0.6319444444444444 0.36477623456790126 0.6304253472222222 0.3653549382716049
1 0.583984375 0.38483796296296297 0.5837673611111112 0.40335648148148145 0.5848524305555556 0.40489969135802467 0.5883246527777778 0.4050925925925926 0.5904947916666666 0.40162037037037035 0.5920138888888888 0.39274691358024694 0.5920138888888888 0.3869598765432099 0.5902777777777778 0.38348765432098764 0.5885416666666666 0.3819444444444444 0.5842013888888888 0.38348765432098764
1 0.6410590277777778 0.36246141975308643 0.640625 0.3628472222222222 0.6443142361111112 0.3645833333333333 0.6469184027777778 0.37210648148148145 0.6475694444444444 0.373070987654321 0.6486545138888888 0.3726851851851852 0.6506076388888888 0.37037037037037035 0.6493055555555556 0.3628472222222222 0.6475694444444444 0.3618827160493827
1 0.6059027777777778 0.3948688271604938 0.60546875 0.39814814814814814 0.6082899305555556 0.4035493827160494 0.6080729166666666 0.41242283950617287 0.6095920138888888 0.4131944444444444 0.6126302083333334 0.4097222222222222 0.6145833333333334 0.4089506172839506 0.6197916666666666 0.41280864197530864 0.6206597222222222 0.4114583333333333 0.6208767361111112 0.40760030864197533 0.6200086805555556 0.4052854938271605 0.6184895833333334 0.4045138888888889 0.6202256944444444 0.4010416666666667 0.6184895833333334 0.3940972222222222 0.6167534722222222 0.3929398148148148 0.6148003472222222 0.3898533950617284 0.6119791666666666 0.38850308641975306 0.6091579861111112 0.3890817901234568
1 0.6994357638888888 0.39679783950617287 0.6994357638888888 0.4010416666666667 0.7020399305555556 0.4045138888888889 0.7131076388888888 0.41396604938271603 0.7170138888888888 0.41473765432098764 0.7178819444444444 0.4104938271604938 0.71484375 0.40412808641975306 0.716796875 0.40316358024691357 0.7202690972222222 0.4039351851851852 0.7209201388888888 0.4012345679012346 0.7202690972222222 0.39969135802469136 0.7172309027777778 0.3993055555555556 0.7131076388888888 0.39718364197530864 0.7078993055555556 0.40007716049382713