1 0.7065104166666667 0.825925925925926 0.7203125 0.8407407407407408 0.7229166666666667 0.8518518518518519 0.7221354166666667 0.8550925925925926 0.7096354166666666 0.8472222222222222 0.7065104166666667 0.8412037037037037 0.7033854166666667 0.8453703703703703 0.69921875 0.8453703703703703 0.6973958333333333 0.8421296296296297 0.6981770833333333 0.8328703703703704 0.703125 0.825462962962963 0.70625 0.825925925925926
1 0.6966145833333334 0.8347222222222223 0.703125 0.825 0.7065104166666667 0.825 0.7075520833333333 0.8282407407407407 0.7057291666666666 0.8416666666666667 0.7033854166666667 0.8453703703703703 0.6981770833333333 0.8449074074074074 0.6966145833333334 0.8351851851851851
1 0.6755208333333333 0.8125 0.6768229166666667 0.8138888888888889 0.6765625 0.8245370370370371 0.67265625 0.8268518518518518 0.66953125 0.8245370370370371 0.6721354166666667 0.8208333333333333 0.67265625 0.8138888888888889 0.6752604166666667 0.8125
1 0.7450520833333333 0.549074074074074 0.7481770833333333 0.55 0.7494791666666667 0.5555555555555556 0.7484375 0.5990740740740741 0.7424479166666667 0.5884259259259259 0.7380208333333333 0.562037037037037 0.7401041666666667 0.5527777777777778 0.7447916666666666 0.549074074074074
1 0.6578125 0.5939814814814814 0.6591145833333333 0.6060185185185185 0.6510416666666666 0.6087962962962963 0.6544270833333333 0.5949074074074074 0.6575520833333334 0.5944444444444444
1 0.640625 0.6111111111111112 0.6421875 0.5990740740740741 0.6442708333333333 0.5976851851851852 0.64453125 0.6092592592592593 0.6408854166666667 0.6106481481481482
1 0.60234375 0.6347222222222222 0.60625 0.6532407407407408 0.6091145833333333 0.6578703703703703 0.60234375 0.6615740740740741 0.5989583333333334 0.6615740740740741 0.6 0.6504629629629629 0.59609375 0.6472222222222223 0.59609375 0.6439814814814815 0.6020833333333333 0.6347222222222222
1 0.4875 0.7550925925925925 0.49140625 0.7546296296296297 0.5 0.7699074074074074 0.4981770833333333 0.7782407407407408 0.48776041666666664 0.7819444444444444 0.48515625 0.7726851851851851 0.4875 0.7555555555555555
1 0.6205729166666667 0.6055555555555555 0.6197916666666666 0.6138888888888889 0.6161458333333333 0.6157407407407407 0.6151041666666667 0.6125 0.6203125 0.6055555555555555
1 0.5997395833333333 0.6194444444444445 0.603125 0.6231481481481481 0.6028645833333334 0.6407407407407407 0.5955729166666667 0.6481481481481481 0.5921875 0.6467592592592593 0.59140625 0.6430555555555556 0.5927083333333333 0.6263888888888889 0.5947916666666667 0.6208333333333333 0.5994791666666667 0.6194444444444445
1 0.47109375 0.7606481481481482 0.47369791666666666 0.7657407407407407 0.4744791666666667 0.774074074074074 0.4734375 0.7810185185185186 0.4703125 0.7847222222222222 0.4671875 0.7824074074074074 0.4661458333333333 0.7708333333333334 0.46822916666666664 0.7620370370370371 0.4708333333333333 0.7606481481481482
1 0.4947916666666667 0.7263888888888889 0.49973958333333335 0.7412037037037037 0.49583333333333335 0.7444444444444445 0.48854166666666665 0.7444444444444445 0.49453125 0.7268518518518519
1 0.45729166666666665 0.7625 0.4661458333333333 0.7717592592592593 0.4671875 0.7824074074074074 0.46458333333333335 0.7847222222222222 0.45807291666666666 0.7796296296296297 0.453125 0.7671296296296296 0.45338541666666665 0.763425925925926 0.45703125 0.7625
1 0.4705729166666667 0.7606481481481482 0.47369791666666666 0.7657407407407407 0.4739583333333333 0.7787037037037037 0.47213541666666664 0.7828703703703703 0.4661458333333333 0.7847222222222222 0.45989583333333334 0.7819444444444444 0.453125 0.7648148148148148 0.45729166666666665 0.7625 0.46380208333333334 0.7689814814814815 0.4703125 0.7606481481481482
1 0.39401041666666664 0.7828703703703703 0.4005208333333333 0.788425925925926 0.4083333333333333 0.7856481481481481 0.40989583333333335 0.7902777777777777 0.4078125 0.7967592592592593 0.4044270833333333 0.8009259259259259 0.39036458333333335 0.7976851851851852 0.39375 0.7833333333333333
1 0.6067708333333334 0.6018518518518519 0.6096354166666667 0.6046296296296296 0.609375 0.6134259259259259 0.6072916666666667 0.6162037037037037 0.5966145833333333 0.6208333333333333 0.5768229166666666 0.6231481481481481 0.57421875 0.6231481481481481 0.5744791666666667 0.6199074074074075 0.5802083333333333 0.6087962962962963 0.6065104166666667 0.6018518518518519
1 0.6927083333333334 0.5018518518518519 0.6963541666666667 0.5078703703703704 0.6981770833333333 0.5180555555555556 0.6947916666666667 0.5226851851851851 0.6888020833333334 0.5189814814814815 0.6924479166666667 0.5018518518518519
1 0.6927083333333334 0.5027777777777778 0.69609375 0.5087962962962963 0.69765625 0.5189814814814815 0.6942708333333333 0.5226851851851851 0.6875 0.5185185185185185 0.6877604166666667 0.513425925925926 0.6924479166666667 0.5027777777777778
1 0.6828125 0.5074074074074074 0.6875 0.5180555555555556 0.6864583333333333 0.5222222222222223 0.6828125 0.5231481481481481 0.6796875 0.5222222222222223 0.6791666666666667 0.5185185185185185 0.6799479166666667 0.5106481481481482 0.6825520833333333 0.5074074074074074
1 0.6403645833333333 0.4875 0.6403645833333333 0.49166666666666664 0.6375 0.49583333333333335 0.6328125 0.49444444444444446 0.6330729166666667 0.49074074074074076 0.6401041666666667 0.4875
1 0.6 0.4759259259259259 0.6020833333333333 0.47962962962962963 0.6028645833333334 0.4888888888888889 0.60234375 0.4986111111111111 0.60078125 0.49907407407407406 0.5971354166666667 0.4976851851851852 0.5973958333333333 0.4773148148148148 0.5997395833333333 0.4759259259259259
1 0.5958333333333333 0.47685185185185186 0.59765625 0.49722222222222223 0.5958333333333333 0.49907407407407406 0.5924479166666666 0.49444444444444446 0.5916666666666667 0.4888888888888889 0.5919270833333333 0.4787037037037037 0.5955729166666667 0.47685185185185186
1 0.36328125 0.7898148148148149 0.36484375 0.7930555555555555 0.36380208333333336 0.8037037037037037 0.35703125 0.8111111111111111 0.35234375 0.8101851851851852 0.3416666666666667 0.7930555555555555 0.35572916666666665 0.7981481481481482 0.36302083333333335 0.7898148148148149
1 0.45755208333333336 0.5777777777777777 0.4627604166666667 0.5824074074074074 0.46328125 0.5898148148148148 0.46015625 0.5958333333333333 0.4552083333333333 0.5962962962962963 0.44947916666666665 0.6037037037037037 0.4479166666666667 0.6023148148148149 0.4515625 0.5958333333333333 0.44947916666666665 0.5837962962962963 0.45286458333333335 0.5782407407407407 0.45729166666666665 0.5777777777777777
1 0.5708333333333333 0.4634259259259259 0.5765625 0.4842592592592593 0.57109375 0.49027777777777776 0.5677083333333334 0.4861111111111111 0.5658854166666667 0.4740740740740741 0.5705729166666667 0.4638888888888889
1 0.5432291666666667 0.4773148148148148 0.5528645833333333 0.48333333333333334 0.5552083333333333 0.487962962962963 0.5453125 0.4888888888888889 0.5432291666666667 0.4935185185185185 0.53984375 0.49444444444444446 0.5393229166666667 0.48055555555555557 0.54296875 0.4777777777777778
1 0.5427083333333333 0.4773148148148148 0.5450520833333333 0.48055555555555557 0.5442708333333334 0.487962962962963 0.5432291666666667 0.49537037037037035 0.5401041666666667 0.49907407407407406 0.53828125 0.48055555555555557 0.53984375 0.47685185185185186 0.5424479166666667 0.4773148148148148
1 0.52578125 0.4671296296296296 0.52890625 0.47638888888888886 0.5276041666666667 0.48703703703703705 0.52421875 0.487962962962963 0.5223958333333333 0.47824074074074074 0.5255208333333333 0.4675925925925926
1 0.55390625 0.44212962962962965 0.55859375 0.4597222222222222 0.5502604166666667 0.46435185185185185 0.5484375 0.4615740740740741 0.546875 0.4462962962962963 0.5502604166666667 0.4412037037037037 0.5536458333333333 0.44212962962962965
1 0.5640625 0.4162037037037037 0.5731770833333333 0.425 0.57109375 0.4337962962962963 0.5640625 0.4351851851851852 0.56015625 0.425462962962963 0.5640625 0.4166666666666667
1 0.49322916666666666 0.4810185185185185 0.00625 0.020370370370370372
1 0.6057291666666667 0.38472222222222224 0.609375 0.38981481481481484 0.6127604166666667 0.4060185185185185 0.609375 0.4152777777777778 0.6057291666666667 0.41388888888888886 0.6002604166666666 0.4013888888888889 0.6013020833333333 0.3925925925925926 0.60546875 0.3851851851851852
1 0.48776041666666664 0.4736111111111111 0.48802083333333335 0.48333333333333334 0.48151041666666666 0.4925925925925926 0.48046875 0.4912037037037037 0.48359375 0.475462962962963 0.4875 0.4736111111111111
1 0.5677083333333334 0.40555555555555556 0.5828125 0.40879629629629627 0.5841145833333333 0.4111111111111111 0.5830729166666667 0.4217592592592593 0.5708333333333333 0.42824074074074076 0.5640625 0.41898148148148145 0.5640625 0.4111111111111111 0.5674479166666667 0.4060185185185185
1 0.57890625 0.39305555555555555 0.5877604166666667 0.4078703703703704 0.5854166666666667 0.40925925925925927 0.5731770833333333 0.40555555555555556 0.5739583333333333 0.39675925925925926 0.5786458333333333 0.39305555555555555
1 0.5932291666666667 0.3814814814814815 0.596875 0.3939814814814815 0.5903645833333333 0.3976851851851852 0.5875 0.3972222222222222 0.58359375 0.38657407407407407 0.59296875 0.3814814814814815
1 0.55625 0.39490740740740743 0.5604166666666667 0.39814814814814814 0.5614583333333333 0.4041666666666667 0.5583333333333333 0.41759259259259257 0.5557291666666667 0.41898148148148145 0.5502604166666667 0.41805555555555557 0.5510416666666667 0.399537037037037 0.5536458333333333 0.3939814814814815 0.5559895833333334 0.39490740740740743
1 0.5690104166666666 0.3837962962962963 0.57109375 0.38564814814814813 0.571875 0.39490740740740743 0.5682291666666667 0.40694444444444444 0.5635416666666667 0.40370370370370373 0.5611979166666666 0.39305555555555555 0.5640625 0.38472222222222224 0.56875 0.3837962962962963
1 0.5997395833333333 0.36157407407407405 0.603125 0.3625 0.603125 0.3662037037037037 0.5953125 0.375 0.59375 0.3712962962962963 0.59453125 0.3648148148148148 0.5994791666666667 0.36157407407407405
1 0.5794270833333334 0.36157407407407405 0.58515625 0.36203703703703705 0.5861979166666667 0.3648148148148148 0.5861979166666667 0.36944444444444446 0.5817708333333333 0.37407407407407406 0.5815104166666667 0.3819444444444444 0.5802083333333333 0.37407407407407406 0.57421875 0.3625 0.5791666666666667 0.36157407407407405
1 0.54375 0.38564814814814813 0.5466145833333333 0.3939814814814815 0.5434895833333333 0.4101851851851852 0.5416666666666666 0.4115740740740741 0.5390625 0.4101851851851852 0.5364583333333334 0.39351851851851855 0.5395833333333333 0.38472222222222224 0.5434895833333333 0.38564814814814813
1 0.5260416666666666 0.3819444444444444 0.5296875 0.3851851851851852 0.5317708333333333 0.3939814814814815 0.5302083333333333 0.4074074074074074 0.5234375 0.40694444444444444 0.5203125 0.3972222222222222 0.52109375 0.387037037037037 0.52578125 0.3824074074074074
1 0.5502604166666667 0.3611111111111111 0.5520833333333334 0.3625 0.5513020833333333 0.36944444444444446 0.546875 0.37222222222222223 0.5458333333333333 0.3638888888888889 0.55 0.3611111111111111
1 0.5682291666666667 0.33101851851851855 0.5744791666666667 0.33935185185185185 0.5752604166666667 0.3587962962962963 0.5721354166666667 0.36064814814814816 0.5677083333333334 0.3509259259259259 0.56484375 0.3560185185185185 0.5625 0.3537037037037037 0.5640625 0.3365740740740741 0.56796875 0.33101851851851855
1 0.35234375 0.6652777777777777 0.35572916666666665 0.6652777777777777 0.3625 0.674537037037037 0.35911458333333335 0.6782407407407407 0.353125 0.6777777777777778 0.35234375 0.6657407407407407
1 0.3932291666666667 0.5263888888888889 0.39739583333333334 0.5398148148148149 0.396875 0.5462962962962963 0.39375 0.5509259259259259 0.3893229166666667 0.55 0.38776041666666666 0.5449074074074074 0.3888020833333333 0.5300925925925926 0.39036458333333335 0.5259259259259259 0.39296875 0.5263888888888889
1 0.40078125 0.4722222222222222 0.40390625 0.48009259259259257 0.4044270833333333 0.49444444444444446 0.4010416666666667 0.49444444444444446 0.39765625 0.4810185185185185 0.4005208333333333 0.4726851851851852
1 0.453125 0.41203703703703703 0.45598958333333334 0.425 0.4546875 0.42685185185185187 0.45286458333333335 0.42685185185185187 0.4479166666666667 0.4148148148148148 0.45286458333333335 0.41203703703703703
1 0.4484375 0.412962962962963 0.4505208333333333 0.4148148148148148 0.4432291666666667 0.42314814814814816 0.44036458333333334 0.4217592592592593 0.44244791666666666 0.4148148148148148 0.44817708333333334 0.412962962962963
1 0.26666666666666666 0.9217592592592593 0.26901041666666664 0.9101851851851852 0.27239583333333334 0.9101851851851852 0.278125 0.9217592592592593 0.27630208333333334 0.924074074074074 0.2669270833333333 0.9217592592592593
1 0.36328125 0.4759259259259259 0.371875 0.4842592592592593 0.3723958333333333 0.4912037037037037 0.3703125 0.49398148148148147 0.3671875 0.4930555555555556 0.36276041666666664 0.48564814814814816 0.3614583333333333 0.47685185185185186 0.36302083333333335 0.4759259259259259
1 0.4778645833333333 0.3597222222222222 0.48020833333333335 0.3662037037037037 0.47734375 0.3731481481481482 0.47708333333333336 0.3819444444444444 0.47369791666666666 0.37962962962962965 0.47317708333333336 0.36527777777777776 0.47421875 0.36064814814814816 0.47760416666666666 0.3597222222222222
1 0.5395833333333333 0.2962962962962963 0.5486979166666667 0.2967592592592593 0.5502604166666667 0.3050925925925926 0.546875 0.30462962962962964 0.5434895833333333 0.2972222222222222 0.5322916666666667 0.30416666666666664 0.5330729166666667 0.2972222222222222 0.5393229166666667 0.2962962962962963
1 0.47317708333333336 0.26944444444444443 0.47708333333333336 0.2722222222222222 0.47760416666666666 0.2759259259259259 0.4752604166666667 0.2824074074074074 0.4747395833333333 0.29305555555555557 0.47369791666666666 0.2962962962962963 0.46848958333333335 0.2972222222222222 0.4640625 0.29398148148148145 0.4627604166666667 0.2773148148148148 0.4669270833333333 0.27037037037037037 0.47291666666666665 0.26944444444444443
1 0.56171875 0.21944444444444444 0.5640625 0.2212962962962963 0.5640625 0.23703703703703705 0.55703125 0.2324074074074074 0.5549479166666667 0.22777777777777777 0.5557291666666667 0.2212962962962963 0.5614583333333333 0.21944444444444444
1 0.29401041666666666 0.637962962962963 0.296875 0.6439814814814815 0.28984375 0.6666666666666666 0.2864583333333333 0.6717592592592593 0.2838541666666667 0.6685185185185185 0.28619791666666666 0.6467592592592593 0.29375 0.637962962962963
1 0.43671875 0.26435185185185184 0.4390625 0.26944444444444443 0.4393229166666667 0.27685185185185185 0.4359375 0.2898148148148148 0.4322916666666667 0.2777777777777778 0.43203125 0.2689814814814815 0.43359375 0.26481481481481484 0.43645833333333334 0.26435185185185184
1 0.2875 0.4287037037037037 0.29322916666666665 0.43425925925925923 0.29765625 0.44583333333333336 0.29791666666666666 0.4601851851851852 0.2942708333333333 0.4675925925925926 0.2864583333333333 0.46435185185185185 0.2796875 0.4550925925925926 0.2752604166666667 0.46064814814814814 0.2716145833333333 0.4601851851851852 0.2721354166666667 0.449537037037037 0.27734375 0.43194444444444446 0.28203125 0.4273148148148148 0.2872395833333333 0.4287037037037037
1 0.30859375 0.2689814814814815 0.3125 0.2759259259259259 0.31354166666666666 0.28935185185185186 0.30026041666666664 0.31203703703703706 0.2981770833333333 0.3101851851851852 0.3059895833333333 0.2796296296296296 0.3067708333333333 0.26990740740740743 0.30833333333333335 0.2689814814814815
1 0.559375 0.18009259259259258 0.5638020833333334 0.18888888888888888 0.5606770833333333 0.20277777777777778 0.5502604166666667 0.1962962962962963 0.5481770833333334 0.18888888888888888 0.5494791666666666 0.17546296296296296 0.5536458333333333 0.1824074074074074 0.5591145833333333 0.18009259259259258
1 0.43645833333333334 0.1814814814814815 0.43776041666666665 0.19166666666666668 0.43203125 0.2023148148148148 0.42864583333333334 0.20046296296296295 0.42916666666666664 0.18611111111111112 0.43203125 0.18101851851851852 0.4361979166666667 0.1814814814814815
1 0.4322916666666667 0.16203703703703703 0.4354166666666667 0.16666666666666666 0.43385416666666665 0.18009259259259258 0.42864583333333334 0.1884259259259259 0.42161458333333335 0.18564814814814815 0.42526041666666664 0.175 0.4315104166666667 0.1675925925925926 0.4322916666666667 0.1625
1 0.38359375 0.17037037037037037 0.39895833333333336 0.1814814814814815 0.38515625 0.19583333333333333 0.37942708333333336 0.18935185185185185 0.38333333333333336 0.18009259259259258 0.3809895833333333 0.1712962962962963 0.38333333333333336 0.17037037037037037
1 0.3619791666666667 0.17824074074074073 0.36354166666666665 0.18194444444444444 0.36302083333333335 0.18888888888888888 0.35572916666666665 0.20185185185185187 0.35208333333333336 0.1986111111111111 0.35234375 0.18194444444444444 0.35546875 0.17731481481481481 0.36171875 0.17824074074074073
1 0.3184895833333333 0.20185185185185187 0.32109375 0.20462962962962963 0.32083333333333336 0.20972222222222223 0.31484375 0.2273148148148148 0.31171875 0.22962962962962963 0.30026041666666664 0.2199074074074074 0.29973958333333334 0.21203703703703702 0.3026041666666667 0.2050925925925926 0.30703125 0.20185185185185187 0.3182291666666667 0.20185185185185187
1 0.32057291666666665 0.1787037037037037 0.3385416666666667 0.18009259259259258 0.33828125 0.1962962962962963 0.32473958333333336 0.20185185185185187 0.32109375 0.2013888888888889 0.3177083333333333 0.19537037037037036 0.3177083333333333 0.18703703703703703 0.32135416666666666 0.19027777777777777 0.32473958333333336 0.1865740740740741 0.32083333333333336 0.1787037037037037
1 0.3109375 0.19027777777777777 0.010416666666666666 0.025925925925925925
1 0.321875 0.17453703703703705 0.3307291666666667 0.1814814814814815 0.33645833333333336 0.17962962962962964 0.3380208333333333 0.18194444444444444 0.33671875 0.18796296296296297 0.33828125 0.1925925925925926 0.32135416666666666 0.20416666666666666 0.3171875 0.2023148148148148 0.315625 0.19166666666666668 0.31015625 0.1824074074074074 0.3177083333333333 0.1736111111111111 0.3216145833333333 0.17453703703703705
1 0.29765625 0.1814814814814815 0.30546875 0.18564814814814815 0.3078125 0.1925925925925926 0.30364583333333334 0.20324074074074075 0.29401041666666666 0.21064814814814814 0.2916666666666667 0.20787037037037037 0.2911458333333333 0.18194444444444444 0.29322916666666665 0.17916666666666667 0.29739583333333336 0.1814814814814815
1 0.48463541666666665 0.09259259259259259 0.4895833333333333 0.09768518518518518 0.49166666666666664 0.1050925925925926 0.48776041666666664 0.12268518518518519 0.48463541666666665 0.12361111111111112 0.48098958333333336 0.11944444444444445 0.4744791666666667 0.11944444444444445 0.47734375 0.10185185185185185 0.48098958333333336 0.09398148148148149 0.484375 0.09259259259259259
1 0.3296875 0.12916666666666668 0.328125 0.1361111111111111 0.325 0.1361111111111111 0.32473958333333336 0.1300925925925926 0.3294270833333333 0.12916666666666668
1 0.3221354166666667 0.1300925925925926 0.32135416666666666 0.1361111111111111 0.3177083333333333 0.14074074074074075 0.31484375 0.13796296296296295 0.31484375 0.13055555555555556 0.321875 0.1300925925925926
1 0.39140625 0.09814814814814815 0.39401041666666664 0.10046296296296296 0.39505208333333336 0.10740740740740741 0.39036458333333335 0.12361111111111112 0.38697916666666665 0.12314814814814815 0.38619791666666664 0.11527777777777778 0.3893229166666667 0.09907407407407408 0.39114583333333336 0.09814814814814815
1 0.30416666666666664 0.13055555555555556 0.3065104166666667 0.13240740740740742 0.30572916666666666 0.13796296296296295 0.30026041666666664 0.14351851851851852 0.29583333333333334 0.13703703703703704 0.29583333333333334 0.13333333333333333 0.30390625 0.13055555555555556
1 0.38828125 0.09583333333333334 0.39401041666666664 0.10046296296296296 0.39479166666666665 0.10462962962962963 0.39036458333333335 0.12314814814814815 0.38723958333333336 0.12314814814814815 0.38359375 0.11435185185185186 0.3802083333333333 0.11944444444444445 0.37552083333333336 0.11990740740740741 0.37994791666666666 0.10277777777777777 0.3841145833333333 0.09675925925925925 0.3880208333333333 0.09583333333333334
1 0.6268229166666667 0 0.6416666666666667 0 0.6463541666666667 0.013888888888888888 0.6442708333333333 0.020370370370370372 0.6369791666666667 0.018518518518518517 0.6286458333333333 0.008796296296296297 0.6268229166666667 0.000462962962962963
1 0.28984375 0.13333333333333333 0.2916666666666667 0.13703703703703704 0.28932291666666665 0.14722222222222223 0.29192708333333334 0.15416666666666667 0.29192708333333334 0.15787037037037038 0.29010416666666666 0.1587962962962963 0.284375 0.15787037037037038 0.2830729166666667 0.14953703703703702 0.27786458333333336 0.1476851851851852 0.2765625 0.1439814814814815 0.2794270833333333 0.13425925925925927 0.28958333333333336 0.13333333333333333
1 0.5986979166666667 0 0.6098958333333333 0 0.6059895833333333 0.00787037037037037 0.5986979166666667 0.000462962962962963