1 0.9188368055555556 0.9618055555555556 0.9227430555555556 0.9637345679012346 0.9288194444444444 0.9729938271604939 0.9262152777777778 0.9911265432098766 0.9197048611111112 0.9945987654320988 0.9144965277777778 0.9945987654320988 0.9110243055555556 0.9915123456790124 0.91015625 0.9849537037037037 0.8967013888888888 0.9741512345679012 0.8971354166666666 0.9702932098765432 0.9053819444444444 0.9691358024691358 0.9131944444444444 0.9621913580246914 0.9184027777777778 0.9618055555555556
1 0.8177083333333334 0.9783950617283951 0.8216145833333334 0.9830246913580247 0.8216145833333334 0.9880401234567902 0.8185763888888888 0.9911265432098766 0.8103298611111112 0.9845679012345679 0.7999131944444444 0.9841820987654321 0.80078125 0.9803240740740741 0.8172743055555556 0.9783950617283951
1 0.6545138888888888 0.9120370370370371 0.6597222222222222 0.9143518518518519 0.6614583333333334 0.9182098765432098 0.6575520833333334 0.9340277777777778 0.6540798611111112 0.9320987654320988 0.65234375 0.9263117283950617 0.6427951388888888 0.9155092592592593 0.6449652777777778 0.9131944444444444 0.6540798611111112 0.9120370370370371
1 0.6202256944444444 0.9135802469135802 0.6245659722222222 0.9182098765432098 0.6263020833333334 0.9286265432098766 0.6202256944444444 0.935570987654321 0.6176215277777778 0.9344135802469136 0.6119791666666666 0.9220679012345679 0.6137152777777778 0.9147376543209876 0.6197916666666666 0.9135802469135802
1 0.75 0.7098765432098766 0.7578125 0.6998456790123457 0.76171875 0.6990740740740741 0.7673611111111112 0.7098765432098766 0.7638888888888888 0.7133487654320988 0.7560763888888888 0.7164351851851852 0.7504340277777778 0.7102623456790124
1 0.5642361111111112 0.964891975308642 0.5672743055555556 0.96875 0.5672743055555556 0.9756944444444444 0.5603298611111112 0.9868827160493827 0.5551215277777778 0.9849537037037037 0.5533854166666666 0.9795524691358025 0.55859375 0.9679783950617284 0.5638020833333334 0.964891975308642
1 0.5672743055555556 0.9552469135802469 0.5651041666666666 0.96875 0.5598958333333334 0.970679012345679 0.5572916666666666 0.9768518518518519 0.5451388888888888 0.9753086419753086 0.54296875 0.9699074074074074 0.5499131944444444 0.9641203703703703 0.5668402777777778 0.9556327160493827
1 0.60546875 0.8001543209876543 0.60546875 0.7928240740740741 0.6115451388888888 0.7908950617283951 0.6163194444444444 0.7908950617283951 0.6176215277777778 0.7928240740740741 0.6163194444444444 0.8020833333333334 0.6059027777777778 0.8001543209876543
1 0.4574652777777778 0.9652777777777778 0.4605034722222222 0.966820987654321 0.4631076388888889 0.972608024691358 0.4596354166666667 0.9861111111111112 0.4509548611111111 0.9776234567901234 0.4422743055555556 0.9845679012345679 0.4388020833333333 0.9845679012345679 0.4409722222222222 0.9695216049382716 0.4453125 0.9664351851851852 0.45703125 0.9652777777777778
1 0.8072916666666666 0.6122685185185185 0.8246527777777778 0.6134259259259259 0.8276909722222222 0.623070987654321 0.82421875 0.6292438271604939 0.8207465277777778 0.6300154320987654 0.8138020833333334 0.6257716049382716 0.8068576388888888 0.6334876543209876 0.8046875 0.6315586419753086 0.8020833333333334 0.6168981481481481 0.8020833333333334 0.6126543209876543 0.8068576388888888 0.6122685185185185
1 0.5342881944444444 0.7746913580246914 0.5421006944444444 0.7804783950617284 0.5407986111111112 0.7862654320987654 0.5368923611111112 0.7881944444444444 0.5260416666666666 0.7878086419753086 0.5208333333333334 0.7827932098765432 0.5212673611111112 0.7797067901234568 0.5260416666666666 0.7758487654320988 0.5338541666666666 0.7746913580246914
1 0.6931423611111112 0.5779320987654321 0.6987847222222222 0.5810185185185185 0.7096354166666666 0.5802469135802469 0.7118055555555556 0.5856481481481481 0.7213541666666666 0.5883487654320988 0.7170138888888888 0.5902777777777778 0.6892361111111112 0.5922067901234568 0.6831597222222222 0.5952932098765432 0.6788194444444444 0.5941358024691358 0.6753472222222222 0.5833333333333334 0.6783854166666666 0.5802469135802469 0.6927083333333334 0.5779320987654321
1 0.5030381944444444 0.7797067901234568 0.5086805555555556 0.7824074074074074 0.5121527777777778 0.7897376543209876 0.5104166666666666 0.8032407407407407 0.5069444444444444 0.8040123456790124 0.5013020833333334 0.7970679012345679 0.4978298611111111 0.8067129629629629 0.4917534722222222 0.8036265432098766 0.4878472222222222 0.7889660493827161 0.4913194444444444 0.78125 0.4947916666666667 0.779320987654321 0.5026041666666666 0.7797067901234568
1 0.3355034722222222 0.9614197530864198 0.33984375 0.9664351851851852 0.3389756944444444 0.9722222222222222 0.3177083333333333 0.9772376543209876 0.3129340277777778 0.9772376543209876 0.3129340277777778 0.9737654320987654 0.3172743055555556 0.96875 0.3250868055555556 0.9633487654320988 0.3350694444444444 0.9614197530864198
1 0.5707465277777778 0.6022376543209876 0.5950520833333334 0.6022376543209876 0.5967881944444444 0.6045524691358025 0.5954861111111112 0.6107253086419753 0.5811631944444444 0.6068672839506173 0.578125 0.6138117283950617 0.5711805555555556 0.6068672839506173 0.5707465277777778 0.6026234567901234
1 0.4361979166666667 0.6716820987654321 0.4392361111111111 0.6747685185185185 0.4392361111111111 0.6817129629629629 0.4253472222222222 0.6917438271604939 0.41796875 0.6902006172839507 0.4184027777777778 0.6863425925925926 0.4288194444444444 0.6739969135802469 0.4357638888888889 0.6716820987654321
1 0.9214409722222222 0.3549382716049383 0.9227430555555556 0.36226851851851855 0.9149305555555556 0.3726851851851852 0.9084201388888888 0.375 0.9045138888888888 0.3734567901234568 0.9027777777777778 0.36612654320987653 0.9105902777777778 0.35725308641975306 0.9210069444444444 0.35532407407407407
1 0.2699652777777778 0.9564043209876543 0.2760416666666667 0.9625771604938271 0.2769097222222222 0.9675925925925926 0.2743055555555556 0.9753086419753086 0.26953125 0.9772376543209876 0.2651909722222222 0.9672067901234568 0.25390625 0.9695216049382716 0.24522569444444445 0.9672067901234568 0.2478298611111111 0.9645061728395061 0.26953125 0.9564043209876543
1 0.3576388888888889 0.6759259259259259 0.359375 0.6793981481481481 0.3567708333333333 0.6867283950617284 0.33984375 0.6948302469135802 0.3363715277777778 0.6921296296296297 0.34375 0.6782407407407407 0.3572048611111111 0.6759259259259259
1 0.4210069444444444 0.3734567901234568 0.4388020833333333 0.3753858024691358 0.4427083333333333 0.36766975308641975 0.4461805555555556 0.36612654320987653 0.4526909722222222 0.38040123456790126 0.44921875 0.3854166666666667 0.4401041666666667 0.38850308641975306 0.4253472222222222 0.3869598765432099 0.4084201388888889 0.3800154320987654 0.4149305555555556 0.3738425925925926 0.4205729166666667 0.3734567901234568
1 0.4856770833333333 0.2017746913580247 0.4874131944444444 0.21180555555555555 0.4822048611111111 0.21373456790123457 0.4704861111111111 0.21334876543209877 0.46875 0.20640432098765432 0.4769965277777778 0.2056327160493827 0.4852430555555556 0.2017746913580247
1 0.2973090277777778 0.8364197530864198 0.3142361111111111 0.8383487654320988 0.3203125 0.841820987654321 0.3046875 0.8661265432098766 0.2999131944444444 0.8641975308641975 0.3012152777777778 0.8452932098765432 0.2955729166666667 0.8383487654320988 0.296875 0.8364197530864198
1 0.3355034722222222 0.6732253086419753 0.33984375 0.6751543209876543 0.3415798611111111 0.6786265432098766 0.3381076388888889 0.6886574074074074 0.3389756944444444 0.6929012345679012 0.3324652777777778 0.6959876543209876 0.328125 0.6932870370370371 0.3263888888888889 0.6786265432098766 0.3285590277777778 0.6732253086419753 0.3350694444444444 0.6732253086419753
1 0.2144097222222222 0.9004629629629629 0.22005208333333334 0.9058641975308642 0.22005208333333334 0.9112654320987654 0.21006944444444445 0.9228395061728395 0.2065972222222222 0.9216820987654321 0.2074652777777778 0.9120370370370371 0.2105034722222222 0.9027777777777778 0.21397569444444445 0.9004629629629629
1 0.2065972222222222 0.8950617283950617 0.2109375 0.9008487654320988 0.2092013888888889 0.9054783950617284 0.1931423611111111 0.9182098765432098 0.1970486111111111 0.9016203703703703 0.203125 0.8950617283950617 0.20616319444444445 0.8950617283950617
1 0.296875 0.6693672839506173 0.3072916666666667 0.6751543209876543 0.3090277777777778 0.6786265432098766 0.3012152777777778 0.683641975308642 0.2964409722222222 0.6936728395061729 0.2925347222222222 0.6948302469135802 0.2829861111111111 0.6902006172839507 0.2786458333333333 0.6809413580246914 0.2834201388888889 0.6705246913580247 0.2864583333333333 0.6693672839506173 0.2938368055555556 0.6712962962962963 0.2964409722222222 0.6697530864197531
1 0.1306423611111111 0.9513888888888888 0.13671875 0.9537037037037037 0.13758680555555555 0.9625771604938271 0.13194444444444445 0.9733796296296297 0.12369791666666667 0.9780092592592593 0.11979166666666667 0.972608024691358 0.11979166666666667 0.9625771604938271 0.12586805555555555 0.9529320987654321 0.13020833333333334 0.9513888888888888
1 0.14583333333333334 0.6751543209876543 0.1488715277777778 0.6790123456790124 0.1401909722222222 0.689429012345679 0.11631944444444445 0.6956018518518519 0.11588541666666667 0.6840277777777778 0.12022569444444445 0.6786265432098766 0.1267361111111111 0.6786265432098766 0.1310763888888889 0.6751543209876543 0.14539930555555555 0.6751543209876543
1 0.20963541666666666 0.42862654320987653 0.2165798611111111 0.4371141975308642 0.21875 0.44367283950617287 0.20052083333333334 0.44367283950617287 0.19140625 0.435570987654321 0.1918402777777778 0.43132716049382713 0.19921875 0.435570987654321 0.2035590277777778 0.435570987654321 0.2092013888888889 0.42901234567901236
1 0.2842881944444444 0.2916666666666667 0.2894965277777778 0.2932098765432099 0.2977430555555556 0.3001543209876543 0.2938368055555556 0.30362654320987653 0.2947048611111111 0.31790123456790126 0.29296875 0.32060185185185186 0.2825520833333333 0.310570987654321 0.2764756944444444 0.3001543209876543 0.27734375 0.2935956790123457 0.2838541666666667 0.2916666666666667
1 0.3589409722222222 0.2222222222222222 0.36328125 0.23765432098765432 0.3567708333333333 0.24382716049382716 0.3519965277777778 0.23842592592592593 0.3519965277777778 0.2322530864197531 0.35546875 0.2222222222222222 0.3585069444444444 0.2222222222222222
1 0.5169270833333334 0.15354938271604937 0.51953125 0.15432098765432098 0.5186631944444444 0.15779320987654322 0.5112847222222222 0.16859567901234568 0.4917534722222222 0.1732253086419753 0.4852430555555556 0.1716820987654321 0.484375 0.16820987654320987 0.4874131944444444 0.16435185185185186 0.4978298611111111 0.16242283950617284 0.5047743055555556 0.15470679012345678 0.5086805555555556 0.15779320987654322 0.5164930555555556 0.15354938271604937
1 0.5594618055555556 0.09722222222222222 0.5703125 0.10609567901234568 0.5577256944444444 0.10455246913580248 0.5555555555555556 0.09799382716049383 0.5590277777777778 0.09722222222222222
1 0.4526909722222222 0.1095679012345679 0.4631076388888889 0.11496913580246913 0.4665798611111111 0.12152777777777778 0.4657118055555556 0.12384259259259259 0.4600694444444444 0.1253858024691358 0.4483506944444444 0.12037037037037036 0.4483506944444444 0.11651234567901235 0.4526909722222222 0.1099537037037037
1 0.4457465277777778 0.09722222222222222 0.4535590277777778 0.1087962962962963 0.44921875 0.11998456790123457 0.4418402777777778 0.11959876543209877 0.4370659722222222 0.11265432098765432 0.4357638888888889 0.09837962962962964 0.4379340277777778 0.09645061728395062 0.4453125 0.09722222222222222
1 0.5442708333333334 0.07330246913580248 0.5520833333333334 0.0779320987654321 0.5486111111111112 0.08487654320987655 0.5438368055555556 0.08680555555555555 0.5399305555555556 0.08603395061728394 0.5373263888888888 0.08179012345679013 0.5390625 0.07561728395061729 0.5438368055555556 0.07330246913580248
1 0.2052951388888889 0.6793981481481481 0.2092013888888889 0.685570987654321 0.1987847222222222 0.6979166666666666 0.1918402777777778 0.6959876543209876 0.19401041666666666 0.6886574074074074 0.19921875 0.6801697530864198 0.2048611111111111 0.6793981481481481
1 0.1879340277777778 0.3715277777777778 0.20616319444444445 0.3773148148148148 0.2109375 0.38310185185185186 0.20963541666666666 0.38773148148148145 0.19401041666666666 0.3873456790123457 0.18229166666666666 0.38233024691358025 0.1753472222222222 0.38233024691358025 0.1740451388888889 0.3800154320987654 0.1814236111111111 0.3757716049382716 0.18229166666666666 0.37191358024691357 0.1875 0.3715277777777778
1 0.2630208333333333 0.2804783950617284 0.2677951388888889 0.2827932098765432 0.2747395833333333 0.2932098765432099 0.2743055555555556 0.29976851851851855 0.2690972222222222 0.30324074074074076 0.2651909722222222 0.3013117283950617 0.2604166666666667 0.2932098765432099 0.2591145833333333 0.2827932098765432 0.2625868055555556 0.2804783950617284
1 0.11371527777777778 0.7770061728395061 0.1189236111111111 0.7827932098765432 0.1189236111111111 0.7866512345679012 0.1115451388888889 0.8005401234567902 0.1072048611111111 0.8036265432098766 0.1032986111111111 0.8036265432098766 0.10286458333333333 0.8009259259259259 0.10546875 0.7870370370370371 0.10980902777777778 0.7785493827160493 0.11328125 0.7770061728395061
1 0.12369791666666667 0.6782407407407407 0.1267361111111111 0.6817129629629629 0.12630208333333334 0.6890432098765432 0.1189236111111111 0.6959876543209876 0.11458333333333333 0.6952160493827161 0.11588541666666667 0.6828703703703703 0.11979166666666667 0.6786265432098766 0.1232638888888889 0.6782407407407407
1 0.12803819444444445 0.3680555555555556 0.13758680555555555 0.3715277777777778 0.1440972222222222 0.36496913580246915 0.14713541666666666 0.36496913580246915 0.15321180555555555 0.3765432098765432 0.1527777777777778 0.38117283950617287 0.14713541666666666 0.3846450617283951 0.13758680555555555 0.38348765432098764 0.12065972222222222 0.373070987654321 0.1193576388888889 0.36882716049382713 0.12760416666666666 0.3680555555555556
1 0.09288194444444445 0.36226851851851855 0.10199652777777778 0.3715277777777778 0.10243055555555555 0.3777006172839506 0.10026041666666667 0.38117283950617287 0.08897569444444445 0.3869598765432099 0.08159722222222222 0.38078703703703703 0.07682291666666667 0.36574074074074076 0.078125 0.3638117283950617 0.08506944444444445 0.3653549382716049 0.09244791666666667 0.36226851851851855
1 0.4943576388888889 0.06751543209876543 0.4973958333333333 0.07677469135802469 0.4956597222222222 0.08603395061728394 0.4913194444444444 0.08680555555555555 0.4874131944444444 0.08140432098765432 0.4913194444444444 0.06983024691358025 0.4939236111111111 0.06790123456790123
1 0.5373263888888888 0.05864197530864197 0.5407986111111112 0.061342592592592594 0.5416666666666666 0.07214506172839506 0.5368923611111112 0.0798611111111111 0.5329861111111112 0.07677469135802469 0.53125 0.07098765432098765 0.5368923611111112 0.05864197530864197
1 0.5503472222222222 0.05131172839506173 0.5533854166666666 0.05324074074074074 0.5577256944444444 0.05131172839506173 0.5590277777777778 0.05324074074074074 0.5607638888888888 0.062114197530864196 0.5572916666666666 0.06442901234567901 0.5421006944444444 0.062114197530864196 0.5421006944444444 0.059027777777777776 0.5499131944444444 0.05131172839506173
1 0.21354166666666666 0.2681327160493827 0.2269965277777778 0.27276234567901236 0.22786458333333334 0.279320987654321 0.22526041666666666 0.2804783950617284 0.2152777777777778 0.2789351851851852 0.21180555555555555 0.27276234567901236 0.2131076388888889 0.2681327160493827
1 0.2565104166666667 0.14351851851851852 0.2634548611111111 0.15393518518518517 0.2565104166666667 0.1566358024691358 0.2504340277777778 0.15470679012345678 0.2534722222222222 0.14429012345679013 0.2560763888888889 0.14351851851851852
1 0.2734375 0.14564043209876543 0.018229166666666668 0.021219135802469136
1 0.026909722222222224 0.7797067901234568 0.031684027777777776 0.7827932098765432 0.037760416666666664 0.7924382716049383 0.029079861111111112 0.7978395061728395 0.021267361111111112 0.7935956790123457 0.01171875 0.7955246913580247 0.009982638888888888 0.7920524691358025 0.010416666666666666 0.7858796296296297 0.026475694444444444 0.7797067901234568
1 0 0.5115740740740741 0.005208333333333333 0.5138888888888888 0.006076388888888889 0.5223765432098766 0.008246527777777778 0.5243055555555556 0.020833333333333332 0.5258487654320988 0.012152777777777778 0.5416666666666666 0.011284722222222222 0.5493827160493827 0.004774305555555556 0.5486111111111112 0 0.5412808641975309 0 0.5119598765432098
1 0.4006076388888889 0.06751543209876543 0.4092881944444444 0.0783179012345679 0.4088541666666667 0.08487654320987655 0.4040798611111111 0.08526234567901235 0.3997395833333333 0.08179012345679013 0.3975694444444444 0.06867283950617284 0.4001736111111111 0.06790123456790123
1 0.4435763888888889 0.058256172839506175 0.4466145833333333 0.07175925925925926 0.4440104166666667 0.07677469135802469 0.4388020833333333 0.07908950617283951 0.4318576388888889 0.0783179012345679 0.4296875 0.07445987654320987 0.4322916666666667 0.060570987654320986 0.4431423611111111 0.058256172839506175
1 0.3450520833333333 0.06172839506172839 0.3550347222222222 0.07484567901234568 0.3506944444444444 0.08256172839506173 0.3424479166666667 0.08526234567901235 0.3385416666666667 0.08526234567901235 0.3368055555555556 0.0779320987654321 0.3420138888888889 0.07291666666666667 0.3415798611111111 0.06404320987654322 0.3446180555555556 0.06172839506172839
1 0.023871527777777776 0.41975308641975306 0.03602430555555555 0.41975308641975306 0.039496527777777776 0.42862654320987653 0.03732638888888889 0.43132716049382713 0.019097222222222224 0.42862654320987653 0.018229166666666668 0.4209104938271605 0.0234375 0.41975308641975306
1 0.3559027777777778 0.057484567901234566 0.3619791666666667 0.06867283950617284 0.3589409722222222 0.07716049382716049 0.35546875 0.07716049382716049 0.3519965277777778 0.07175925925925926 0.3528645833333333 0.06018518518518518 0.35546875 0.057484567901234566
1 0.4874131944444444 0.03009259259259259 0.4921875 0.03125 0.4943576388888889 0.03935185185185185 0.4930555555555556 0.05015432098765432 0.4869791666666667 0.05092592592592592 0.4874131944444444 0.030478395061728395
1 0.4561631944444444 0.019675925925925927 0.4596354166666667 0.019675925925925927 0.4626736111111111 0.022376543209876542 0.4631076388888889 0.02854938271604938 0.4665798611111111 0.02662037037037037 0.4674479166666667 0.029320987654320986 0.4644097222222222 0.03935185185185185 0.4565972222222222 0.03935185185185185 0.4535590277777778 0.033950617283950615 0.4561631944444444 0.020061728395061727
1 0.41015625 0.27199074074074076 0.4088541666666667 0.27237654320987653 0.4097222222222222 0.28125 0.4149305555555556 0.2827932098765432 0.4157986111111111 0.2789351851851852 0.4118923611111111 0.27237654320987653
1 0.3693576388888889 0.35428626543209873 0.3689236111111111 0.3562152777777778 0.3723958333333333 0.3596875 0.37890625 0.36007330246913577 0.3776041666666667 0.35582947530864195
1 0.5357912326388888 0.2103256172839506 0.5308159722222222 0.21334876543209877 0.5325520833333334 0.21450617283950618 0.5394965277777778 0.21489197530864199 0.5412326388888888 0.21334876543209877 0.5403645833333334 0.20679012345679013
1 0.5616319444444444 0.16473765432098766 0.5541284722222222 0.1761809413580247 0.5549505208333333 0.18348418209876544 0.5638020833333334 0.17785493827160495 0.5694444444444444 0.16473765432098766 0.5672743055555556 0.16358024691358025
1 0.5464409722222222 0.1720679012345679 0.5460069444444444 0.17515432098765432 0.5490451388888888 0.18132716049382716 0.5542534722222222 0.18209876543209877 0.5598815104166667 0.16303510802469134 0.5572916666666666 0.16126543209876543 0.5533854166666666 0.16280864197530864
1 0.5243055555555556 0.16589506172839505 0.5230034722222222 0.1712962962962963 0.5238715277777778 0.17862654320987653 0.5256076388888888 0.18209876543209877 0.5290798611111112 0.18171296296296297 0.5329861111111112 0.17592592592592593 0.5295138888888888 0.16126543209876543 0.5260416666666666 0.16203703703703703
1 0.51171875 0.16666666666666666 0.5112847222222222 0.1716820987654321 0.5138888888888888 0.17785493827160495 0.5230034722222222 0.18132716049382716 0.5238715277777778 0.17785493827160495 0.5221354166666666 0.1716820987654321 0.515625 0.16358024691358025
1 0.4214409722222222 0.15432098765432098 0.421875 0.16859567901234568 0.4244791666666667 0.1724537037037037 0.4288194444444444 0.1743827160493827 0.4344618055555556 0.1716820987654321 0.4344618055555556 0.16820987654320987 0.4253472222222222 0.15470679012345678
1 0.4709201388888889 0.17862654320987653 0.4678819444444444 0.1882716049382716 0.4700520833333333 0.19174382716049382 0.4748263888888889 0.1871141975308642 0.4839409722222222 0.18441358024691357 0.4865451388888889 0.17939814814814814 0.4839409722222222 0.1743827160493827 0.4743923611111111 0.17515432098765432
1 0.41796875 0.1720679012345679 0.4162326388888889 0.17515432098765432 0.4253472222222222 0.18518518518518517 0.4353298611111111 0.18981481481481483 0.4422743055555556 0.18518518518518517 0.4435763888888889 0.17785493827160495 0.4392361111111111 0.1736111111111111 0.4322916666666667 0.1709104938271605 0.4270833333333333 0.1743827160493827
1 0.3888888888888889 0.16512345679012347 0.3893229166666667 0.17901234567901234 0.3927951388888889 0.18248456790123457 0.3980034722222222 0.18325617283950618 0.3997395833333333 0.17515432098765432 0.3958333333333333 0.16473765432098766 0.390625 0.16203703703703703
1 0.3988715277777778 0.1712962962962963 0.3984375 0.18209876543209877 0.4010416666666667 0.18557098765432098 0.4058159722222222 0.18209876543209877 0.4123263888888889 0.16820987654320987 0.41015625 0.16512345679012347 0.4049479166666667 0.16473765432098766 0.3997395833333333 0.16820987654320987
1 0.27734375 0.46875 0.2756076388888889 0.4729938271604938 0.2791636284722222 0.48141550925925924 0.2754665798611111 0.4877665895061728 0.28138151041666665 0.48448186728395065 0.2864583333333333 0.49151234567901236 0.2894965277777778 0.49112654320987653 0.2860243055555556 0.48225308641975306 0.2938368055555556 0.4699074074074074 0.2899305555555556 0.4664351851851852 0.2825520833333333 0.4664351851851852
1 0.2638888888888889 0.47646604938271603 0.2651909722222222 0.47878086419753085 0.2782118055555556 0.47955246913580246 0.2795329861111111 0.4746265432098765 0.28249045138888884 0.4719984567901235 0.2822439236111111 0.46827546296296296 0.2842881944444444 0.46334876543209874 0.2756076388888889 0.46103395061728397
1 0.11414930555555555 0.4417438271604938 0.1154513888888889 0.4525462962962963 0.12152777777777778 0.46334876543209874 0.1254340277777778 0.46566358024691357 0.1371527777777778 0.4672067901234568 0.1332465277777778 0.45717592592592593 0.12413194444444445 0.4425154320987654 0.11631944444444445 0.4402006172839506
1 0.13541666666666666 0.45949074074074076 0.13368055555555555 0.46334876543209874 0.140625 0.4710648148148148 0.15321180555555555 0.4737654320987654 0.14930555555555555 0.4681712962962963 0.15147569444444445 0.45987654320987653 0.14930555555555555 0.4564043209876543 0.140625 0.4556327160493827
1 0.3203125 0.7029320987654321 0.3172743055555556 0.7141203703703703 0.3309518229166667 0.7157098765432098 0.3391831597222222 0.7089174382716049 0.3489583333333333 0.714891975308642 0.35153038194444447 0.70865625 0.3624131944444444 0.7098765432098766 0.3624131944444444 0.7056327160493827 0.359375 0.7033179012345679 0.3411458333333333 0.7021604938271605
1 0.6236979166666666 0.9120370370370371 0.6258680555555556 0.9286265432098766 0.640625 0.9274691358024691 0.6453993055555556 0.9205246913580247 0.6467013888888888 0.9147376543209876 0.6384548611111112 0.910108024691358 0.6263020833333334 0.9089506172839507
1 0.8146701388888888 0.7920524691358025 0.8142361111111112 0.7932098765432098 0.8207465277777778 0.7986111111111112 0.82421875 0.8001543209876543 0.8259548611111112 0.7993827160493827 0.8268229166666666 0.7955246913580247 0.8246527777777778 0.7924382716049383 0.8185763888888888 0.7908950617283951
1 0.8307291666666666 0.7091049382716049 0.8337673611111112 0.7133487654320988 0.8368055555555556 0.7133487654320988 0.8372395833333334 0.7091049382716049
1 0.9340277777777778 0.5999228395061729 0.9331597222222222 0.6033950617283951 0.9353298611111112 0.6091820987654321 0.9483506944444444 0.6145833333333334 0.9552951388888888 0.6199845679012346 0.9596354166666666 0.6203703703703703 0.9670138888888888 0.6161265432098766 0.9613715277777778 0.6118827160493827 0.9578993055555556 0.6045524691358025 0.9626736111111112 0.5987654320987654 0.9618055555555556 0.591820987654321 0.9592013888888888 0.5914351851851852 0.9522569444444444 0.5941358024691358 0.9418402777777778 0.59375
1 0.9348958333333334 0.3279320987654321 0.9379340277777778 0.3341049382716049 0.9314236111111112 0.3425925925925926 0.9357638888888888 0.3433641975308642 0.9379340277777778 0.3414351851851852 0.9427083333333334 0.34375 0.9479166666666666 0.341820987654321 0.9500868055555556 0.3314043209876543 0.9444444444444444 0.3275462962962963
1 0.4357638888888889 0.23070987654320987 0.4379340277777778 0.2361111111111111 0.43359375 0.24382716049382716 0.4353298611111111 0.24614197530864199 0.4440104166666667 0.23919753086419754 0.4565972222222222 0.2357253086419753 0.4583333333333333 0.23109567901234568 0.4592013888888889 0.21682098765432098 0.4557291666666667 0.21566358024691357 0.4513888888888889 0.2179783950617284 0.4505208333333333 0.22029320987654322 0.4431423611111111 0.22299382716049382