1 0.8181423611111112 0.9787808641975309 0.8216145833333334 0.9841820987654321 0.8177083333333334 0.9922839506172839 0.8107638888888888 0.9849537037037037 0.8003472222222222 0.9853395061728395 0.7990451388888888 0.9810956790123457 0.8033854166666666 0.9791666666666666 0.8177083333333334 0.9787808641975309
1 0.6558159722222222 0.9124228395061729 0.6592881944444444 0.9151234567901234 0.6610243055555556 0.9216820987654321 0.6575520833333334 0.9340277777777778 0.6462673611111112 0.9216820987654321 0.6458333333333334 0.9182098765432098 0.6484375 0.9147376543209876 0.6553819444444444 0.9124228395061729
1 0.6380208333333334 0.9214891975308642 0.016493055555555556 0.024305555555555556
1 0.6197916666666666 0.9131944444444444 0.6241319444444444 0.9212962962962963 0.6206597222222222 0.935570987654321 0.6163194444444444 0.9324845679012346 0.6119791666666666 0.9216820987654321 0.6141493055555556 0.9151234567901234 0.6193576388888888 0.9131944444444444
1 0.9466145833333334 0.5910493827160493 0.9535590277777778 0.5933641975308642 0.9631076388888888 0.591820987654321 0.9635416666666666 0.595679012345679 0.9587673611111112 0.6064814814814815 0.96484375 0.6126543209876543 0.9644097222222222 0.6161265432098766 0.9596354166666666 0.6203703703703703 0.9396701388888888 0.6126543209876543 0.9344618055555556 0.6076388888888888 0.9344618055555556 0.5983796296296297 0.9461805555555556 0.5910493827160493
1 0.76171875 0.6990740740740741 0.7673611111111112 0.7098765432098766 0.7582465277777778 0.7164351851851852 0.7517361111111112 0.7133487654320988 0.75 0.7098765432098766 0.7578125 0.6994598765432098 0.7612847222222222 0.6990740740740741
1 0.5499131944444444 0.9645061728395061 0.5633680555555556 0.9564043209876543 0.5690104166666666 0.9560185185185185 0.5659722222222222 0.9621913580246914 0.5672743055555556 0.9745370370370371 0.5603298611111112 0.9864969135802469 0.5546875 0.9841820987654321 0.5525173611111112 0.9756944444444444 0.5442708333333334 0.9737654320987654 0.5442708333333334 0.9699074074074074 0.5499131944444444 0.964891975308642
1 0.6115451388888888 0.7964891975308642 0.013020833333333334 0.011959876543209876
1 0.80859375 0.6122685185185185 0.82421875 0.6126543209876543 0.8263888888888888 0.626929012345679 0.8229166666666666 0.6296296296296297 0.8133680555555556 0.6253858024691358 0.8090277777777778 0.6284722222222222 0.8068576388888888 0.6334876543209876 0.8038194444444444 0.6307870370370371 0.8012152777777778 0.6149691358024691 0.8025173611111112 0.6122685185185185 0.8081597222222222 0.6122685185185185
1 0.5603298611111112 0.9868827160493827 0.5568576388888888 0.9861111111111112 0.5529513888888888 0.9807098765432098 0.5590277777777778 0.966820987654321 0.5642361111111112 0.9633487654320988 0.5677083333333334 0.9702932098765432 0.5668402777777778 0.9768518518518519 0.5607638888888888 0.9864969135802469
1 0.5434027777777778 0.9737654320987654 0.5464409722222222 0.966820987654321 0.5668402777777778 0.9548611111111112 0.5694444444444444 0.9564043209876543 0.5651041666666666 0.9645061728395061 0.5581597222222222 0.9683641975308642 0.5546875 0.9745370370370371 0.5486111111111112 0.9756944444444444 0.5438368055555556 0.9737654320987654
1 0.4565972222222222 0.9849537037037037 0.4539930555555556 0.9787808641975309 0.4505208333333333 0.9772376543209876 0.4427083333333333 0.9845679012345679 0.4388020833333333 0.9845679012345679 0.4409722222222222 0.9695216049382716 0.4440104166666667 0.966820987654321 0.4548611111111111 0.9652777777777778 0.4596354166666667 0.9660493827160493 0.4631076388888889 0.9722222222222222 0.4609375 0.9841820987654321 0.4600694444444444 0.9857253086419753 0.45703125 0.9849537037037037
1 0.5355902777777778 0.7750771604938271 0.5399305555555556 0.777391975308642 0.5425347222222222 0.7820216049382716 0.5403645833333334 0.7870370370370371 0.5368923611111112 0.7881944444444444 0.5256076388888888 0.7878086419753086 0.5203993055555556 0.7827932098765432 0.5208333333333334 0.779320987654321 0.5260416666666666 0.7758487654320988 0.53515625 0.7750771604938271
1 0.5052083333333334 0.7789351851851852 0.5121527777777778 0.7897376543209876 0.5104166666666666 0.8040123456790124 0.5086805555555556 0.8063271604938271 0.5052083333333334 0.8051697530864198 0.5013020833333334 0.7974537037037037 0.4978298611111111 0.8078703703703703 0.4913194444444444 0.810570987654321 0.4926215277777778 0.8024691358024691 0.4887152777777778 0.7862654320987654 0.49609375 0.779320987654321 0.5047743055555556 0.7789351851851852
1 0.3266059027777778 0.9693287037037037 0.028211805555555556 0.016589506172839507
1 0.2708333333333333 0.9571759259259259 0.2769097222222222 0.966820987654321 0.2756076388888889 0.9733796296296297 0.2721354166666667 0.9772376543209876 0.2686631944444444 0.9760802469135802 0.2651909722222222 0.9675925925925926 0.25 0.9695216049382716 0.24522569444444445 0.966820987654321 0.2526041666666667 0.9621913580246914 0.2703993055555556 0.9571759259259259
1 0.90234375 0.36959876543209874 0.9040798611111112 0.36419753086419754 0.9110243055555556 0.3568672839506173 0.921875 0.35455246913580246 0.9223090277777778 0.3626543209876543 0.9140625 0.373070987654321 0.9075520833333334 0.3746141975308642 0.9027777777777778 0.3699845679012346
1 0.9353298611111112 0.3275462962962963 0.9461805555555556 0.3279320987654321 0.9526909722222222 0.3306327160493827 0.9565972222222222 0.3287037037037037 0.9635416666666666 0.33834876543209874 0.9752604166666666 0.33834876543209874 0.9756944444444444 0.33989197530864196 0.9678819444444444 0.35030864197530864 0.9526909722222222 0.35455246913580246 0.9461805555555556 0.3541666666666667 0.9422743055555556 0.35223765432098764 0.9435763888888888 0.3449074074074074 0.9409722222222222 0.33487654320987653 0.9353298611111112 0.3279320987654321
1 0.6905381944444444 0.5779320987654321 0.7074652777777778 0.5879629629629629 0.7100694444444444 0.5925925925925926 0.7018229166666666 0.5949074074074074 0.6918402777777778 0.5922067901234568 0.6844618055555556 0.595679012345679 0.6788194444444444 0.5945216049382716 0.6749131944444444 0.5841049382716049 0.6788194444444444 0.5798611111111112 0.6901041666666666 0.5779320987654321
1 0.5703125 0.6022376543209876 0.5950520833333334 0.6026234567901234 0.5972222222222222 0.6057098765432098 0.5954861111111112 0.6107253086419753 0.5833333333333334 0.6064814814814815 0.5794270833333334 0.6084104938271605 0.578125 0.6138117283950617 0.5711805555555556 0.6068672839506173 0.5707465277777778 0.6026234567901234
1 0.4361979166666667 0.6716820987654321 0.4392361111111111 0.6751543209876543 0.4392361111111111 0.6809413580246914 0.42578125 0.691358024691358 0.4171006944444444 0.6890432098765432 0.4184027777777778 0.6859567901234568 0.4279513888888889 0.6747685185185185 0.4357638888888889 0.6716820987654321
1 0.2973090277777778 0.8364197530864198 0.3142361111111111 0.8383487654320988 0.3203125 0.8414351851851852 0.3046875 0.8661265432098766 0.2999131944444444 0.8638117283950617 0.3012152777777778 0.8452932098765432 0.2955729166666667 0.8383487654320988 0.296875 0.8364197530864198
1 0.3350694444444444 0.6925154320987654 0.3441840277777778 0.6778549382716049 0.3585069444444444 0.6763117283950617 0.3589409722222222 0.6820987654320988 0.3559027777777778 0.6875 0.3415798611111111 0.6952160493827161 0.3376736111111111 0.6952160493827161 0.3355034722222222 0.6929012345679012
1 0.4253472222222222 0.3738425925925926 0.4392361111111111 0.3753858024691358 0.4427083333333333 0.3680555555555556 0.4470486111111111 0.36689814814814814 0.4526909722222222 0.38040123456790126 0.4466145833333333 0.3869598765432099 0.4392361111111111 0.38850308641975306 0.4253472222222222 0.3869598765432099 0.4084201388888889 0.3800154320987654 0.4105902777777778 0.3765432098765432 0.4175347222222222 0.373070987654321 0.4249131944444444 0.3738425925925926
1 0.4848090277777778 0.2013888888888889 0.4874131944444444 0.20987654320987653 0.4809027777777778 0.21373456790123457 0.4691840277777778 0.21334876543209877 0.46875 0.20640432098765432 0.4778645833333333 0.2052469135802469 0.484375 0.2013888888888889
1 0.5577256944444444 0.16165123456790123 0.5694444444444444 0.16473765432098766 0.5625 0.17862654320987653 0.5542534722222222 0.18287037037037038 0.5490451388888888 0.18094135802469136 0.5455729166666666 0.17476851851851852 0.5494791666666666 0.16705246913580246 0.5572916666666666 0.16165123456790123
1 0.3381076388888889 0.7025462962962963 0.3407118055555556 0.7029320987654321 0.3315972222222222 0.7160493827160493 0.3276909722222222 0.7091049382716049 0.32421875 0.7098765432098766 0.3207465277777778 0.7141203703703703 0.3172743055555556 0.7141203703703703 0.3203125 0.7029320987654321 0.3376736111111111 0.7025462962962963
1 0.3350694444444444 0.6732253086419753 0.3394097222222222 0.6751543209876543 0.3407118055555556 0.6793981481481481 0.3372395833333333 0.6925154320987654 0.3315972222222222 0.6959876543209876 0.328125 0.6921296296296297 0.3263888888888889 0.6786265432098766 0.3285590277777778 0.6736111111111112 0.3346354166666667 0.6732253086419753
1 0.5260416666666666 0.16165123456790123 0.5295138888888888 0.16126543209876543 0.5325520833333334 0.1743827160493827 0.53125 0.17939814814814814 0.52734375 0.18209876543209877 0.5151909722222222 0.17862654320987653 0.5108506944444444 0.16589506172839505 0.5121527777777778 0.16358024691358025 0.5221354166666666 0.16743827160493827 0.5260416666666666 0.16203703703703703
1 0.2152777777777778 0.9008487654320988 0.21961805555555555 0.9047067901234568 0.22005208333333334 0.9108796296296297 0.2105034722222222 0.9224537037037037 0.20703125 0.9216820987654321 0.20789930555555555 0.908179012345679 0.2109375 0.9016203703703703 0.21484375 0.9008487654320988
1 0.20616319444444445 0.8954475308641975 0.2109375 0.9008487654320988 0.21006944444444445 0.904320987654321 0.19618055555555555 0.9174382716049383 0.19401041666666666 0.9174382716049383 0.1931423611111111 0.9147376543209876 0.1974826388888889 0.9008487654320988 0.2026909722222222 0.8954475308641975 0.20572916666666666 0.8954475308641975
1 0.296875 0.6682098765432098 0.3116319444444444 0.6786265432098766 0.2994791666666667 0.6809413580246914 0.2825520833333333 0.6755401234567902 0.2834201388888889 0.6689814814814815 0.2938368055555556 0.6705246913580247 0.2964409722222222 0.6685956790123457
1 0.3003472222222222 0.6716820987654321 0.3055555555555556 0.6751543209876543 0.3064236111111111 0.6786265432098766 0.2986111111111111 0.6875 0.296875 0.6936728395061729 0.2938368055555556 0.6952160493827161 0.2816840277777778 0.689429012345679 0.2786458333333333 0.6782407407407407 0.2999131944444444 0.6716820987654321
1 0.2912326388888889 0.4591049382716049 0.29296875 0.470679012345679 0.2855902777777778 0.4807098765432099 0.2894965277777778 0.49189814814814814 0.2821180555555556 0.48649691358024694 0.2756076388888889 0.4876543209876543 0.2756076388888889 0.4799382716049383 0.2647569444444444 0.4799382716049383 0.2625868055555556 0.47723765432098764 0.2756076388888889 0.46141975308641975 0.2907986111111111 0.4591049382716049
1 0.13368055555555555 0.9521604938271605 0.13802083333333334 0.9564043209876543 0.13671875 0.9656635802469136 0.13194444444444445 0.9733796296296297 0.1232638888888889 0.9783950617283951 0.11979166666666667 0.9729938271604939 0.11979166666666667 0.9625771604938271 0.12630208333333334 0.9529320987654321 0.1332465277777778 0.9521604938271605
1 0.19921875 0.4251543209876543 0.20616319444444445 0.42862654320987653 0.2183159722222222 0.4417438271604938 0.2170138888888889 0.4444444444444444 0.2026909722222222 0.44290123456790126 0.203125 0.435570987654321 0.1987847222222222 0.42862654320987653 0.19921875 0.4255401234567901
1 0.2873263888888889 0.2932098765432099 0.2977430555555556 0.3001543209876543 0.2938368055555556 0.30324074074074076 0.2934027777777778 0.32060185185185186 0.2825520833333333 0.3109567901234568 0.2764756944444444 0.3001543209876543 0.2786458333333333 0.2932098765432099 0.2868923611111111 0.2932098765432099
1 0.3589409722222222 0.2222222222222222 0.3637152777777778 0.2341820987654321 0.3615451388888889 0.24112654320987653 0.3572048611111111 0.24382716049382716 0.3519965277777778 0.23842592592592593 0.3519965277777778 0.2322530864197531 0.35546875 0.2222222222222222 0.3585069444444444 0.2222222222222222
1 0.4318576388888889 0.16705246913580246 0.4440104166666667 0.17746913580246915 0.4440104166666667 0.18209876543209877 0.4401041666666667 0.1875 0.4353298611111111 0.18981481481481483 0.4270833333333333 0.18557098765432098 0.4166666666666667 0.17515432098765432 0.41796875 0.1712962962962963 0.4253472222222222 0.1732253086419753 0.4314236111111111 0.16743827160493827
1 0.4600694444444444 0.15162037037037038 0.4678819444444444 0.17515432098765432 0.4600694444444444 0.18209876543209877 0.4513888888888889 0.1724537037037037 0.4552951388888889 0.15393518518518517 0.4596354166666667 0.15162037037037038
1 0.4210069444444444 0.15432098765432098 0.4262152777777778 0.15432098765432098 0.4283854166666667 0.1566358024691358 0.43359375 0.16782407407407407 0.4305555555555556 0.1724537037037037 0.4244791666666667 0.1716820987654321 0.421875 0.16705246913580246 0.4210069444444444 0.15470679012345678
1 0.4084201388888889 0.16435185185185186 0.4110243055555556 0.16820987654320987 0.4045138888888889 0.18325617283950618 0.4010416666666667 0.18557098765432098 0.3897569444444444 0.17862654320987653 0.3897569444444444 0.16358024691358025 0.3936631944444444 0.16319444444444445 0.3993055555555556 0.16820987654320987 0.4079861111111111 0.16435185185185186
1 0.5581597222222222 0.09683641975308642 0.5711805555555556 0.10609567901234568 0.55859375 0.10493827160493827 0.5555555555555556 0.09915123456790123 0.5577256944444444 0.09683641975308642
1 0.4526909722222222 0.1099537037037037 0.4596354166666667 0.11226851851851852 0.4665798611111111 0.11959876543209877 0.4665798611111111 0.12307098765432099 0.4605034722222222 0.1253858024691358 0.4474826388888889 0.11998456790123457 0.4474826388888889 0.11612654320987655 0.4526909722222222 0.11033950617283951
1 0.4457465277777778 0.09722222222222222 0.4535590277777778 0.1087962962962963 0.4470486111111111 0.11959876543209877 0.4422743055555556 0.11959876543209877 0.4388020833333333 0.11651234567901235 0.4357638888888889 0.09915123456790123 0.4379340277777778 0.09645061728395062 0.4453125 0.09722222222222222
1 0.5477430555555556 0.07407407407407407 0.5516493055555556 0.0779320987654321 0.5512152777777778 0.08140432098765432 0.5434027777777778 0.08680555555555555 0.5386284722222222 0.08487654320987655 0.5373263888888888 0.0779320987654321 0.5425347222222222 0.07330246913580248 0.5473090277777778 0.07407407407407407
1 0.2048611111111111 0.6793981481481481 0.20833333333333334 0.6820987654320988 0.20833333333333334 0.6886574074074074 0.1974826388888889 0.6979166666666666 0.1918402777777778 0.6963734567901234 0.19444444444444445 0.6867283950617284 0.1996527777777778 0.6801697530864198 0.20442708333333334 0.6793981481481481
1 0.13368055555555555 0.6736111111111112 0.1480034722222222 0.6751543209876543 0.1410590277777778 0.6882716049382716 0.13194444444444445 0.6925154320987654 0.1228298611111111 0.6929012345679012 0.1193576388888889 0.6956018518518519 0.1150173611111111 0.6940586419753086 0.11588541666666667 0.6832561728395061 0.1193576388888889 0.6786265432098766 0.1332465277777778 0.6739969135802469
1 0.18880208333333334 0.37191358024691357 0.2052951388888889 0.3757716049382716 0.2113715277777778 0.38348765432098764 0.21006944444444445 0.3881172839506173 0.1918402777777778 0.3869598765432099 0.17708333333333334 0.38233024691358025 0.1753472222222222 0.3800154320987654 0.1818576388888889 0.3765432098765432 0.18229166666666666 0.3722993827160494 0.18836805555555555 0.37191358024691357
1 0.2599826388888889 0.28125 0.265625 0.28125 0.2682291666666667 0.2835648148148148 0.2747395833333333 0.2951388888888889 0.2730034722222222 0.30169753086419754 0.2682291666666667 0.3028549382716049 0.2643229166666667 0.3001543209876543 0.2604166666666667 0.2932098765432099 0.2599826388888889 0.2816358024691358
1 0.11284722222222222 0.7762345679012346 0.1189236111111111 0.7827932098765432 0.1193576388888889 0.7862654320987654 0.11197916666666667 0.8005401234567902 0.1032986111111111 0.8036265432098766 0.1032986111111111 0.7986111111111112 0.10590277777777778 0.7854938271604939 0.11241319444444445 0.7766203703703703
1 0.14756944444444445 0.3653549382716049 0.15364583333333334 0.37808641975308643 0.15234375 0.38233024691358025 0.1480034722222222 0.38425925925925924 0.13671875 0.38310185185185186 0.11848958333333333 0.3699845679012346 0.1267361111111111 0.36728395061728397 0.13758680555555555 0.37114197530864196 0.1440972222222222 0.3653549382716049 0.14713541666666666 0.3653549382716049
1 0.09288194444444445 0.36226851851851855 0.1015625 0.3699845679012346 0.10286458333333333 0.3765432098765432 0.10112847222222222 0.38040123456790126 0.08984375 0.3869598765432099 0.08116319444444445 0.38040123456790126 0.07855902777777778 0.3653549382716049 0.08072916666666667 0.3626543209876543 0.08550347222222222 0.36496913580246915 0.09244791666666667 0.36226851851851855
1 0.8151041666666666 0.03356481481481482 0.8315972222222222 0.03973765432098766 0.8298611111111112 0.0470679012345679 0.8263888888888888 0.05015432098765432 0.8055555555555556 0.0466820987654321 0.8072916666666666 0.03742283950617284 0.8146701388888888 0.03356481481481482
1 0.4926215277777778 0.0775462962962963 0.010416666666666666 0.020061728395061727
1 0.53125 0.07098765432098765 0.5355902777777778 0.059799382716049385 0.5394965277777778 0.059027777777777776 0.5407986111111112 0.07484567901234568 0.5360243055555556 0.0798611111111111 0.5316840277777778 0.07137345679012345
1 0.5499131944444444 0.05092592592592592 0.5529513888888888 0.05324074074074074 0.5581597222222222 0.05169753086419753 0.5603298611111112 0.06365740740740741 0.5486111111111112 0.06442901234567901 0.5421006944444444 0.062114197530864196 0.5425347222222222 0.058256172839506175 0.5494791666666666 0.05131172839506173
1 0.2105034722222222 0.2689043209876543 0.21354166666666666 0.2681327160493827 0.22743055555555555 0.27237654320987653 0.22743055555555555 0.279320987654321 0.2191840277777778 0.2804783950617284 0.21354166666666666 0.2770061728395062 0.2109375 0.2692901234567901
1 0.2547743055555556 0.1415895061728395 0.2630208333333333 0.15393518518518517 0.2582465277777778 0.15625 0.25 0.1550925925925926 0.2547743055555556 0.1419753086419753
1 0.2736545138888889 0.14486882716049382 0.017795138888888888 0.02199074074074074
1 0.026041666666666668 0.7800925925925926 0.031684027777777776 0.7827932098765432 0.03342013888888889 0.7862654320987654 0.03211805555555555 0.7897376543209876 0.03819444444444445 0.7932098765432098 0.029513888888888888 0.7966820987654321 0.021267361111111112 0.7935956790123457 0.01171875 0.7966820987654321 0.009982638888888888 0.7947530864197531 0.009982638888888888 0.7854938271604939 0.025607638888888888 0.7800925925925926
1 0 0.5119598765432098 0.008680555555555556 0.5243055555555556 0.019097222222222224 0.5243055555555556 0.020399305555555556 0.5258487654320988 0.012586805555555556 0.5408950617283951 0.011284722222222222 0.5493827160493827 0.008246527777777778 0.5501543209876543 0.004340277777777778 0.5478395061728395 0 0.5432098765432098 0 0.5123456790123457
1 0.4006076388888889 0.06790123456790123 0.4088541666666667 0.0775462962962963 0.4097222222222222 0.08179012345679013 0.4075520833333333 0.08564814814814815 0.4032118055555556 0.08487654320987655 0.3997395833333333 0.08140432098765432 0.3975694444444444 0.06905864197530864 0.4001736111111111 0.06790123456790123
1 0.4427083333333333 0.05594135802469136 0.4453125 0.05709876543209876 0.4466145833333333 0.06983024691358025 0.4435763888888889 0.07716049382716049 0.4348958333333333 0.0787037037037037 0.4305555555555556 0.07175925925925926 0.4314236111111111 0.06018518518518518 0.4357638888888889 0.062114197530864196 0.4422743055555556 0.05632716049382716
1 0.3559027777777778 0.05787037037037037 0.3619791666666667 0.06983024691358025 0.3611111111111111 0.07445987654320987 0.3563368055555556 0.0775462962962963 0.3532986111111111 0.07523148148148148 0.3515625 0.06828703703703703 0.3528645833333333 0.06018518518518518 0.35546875 0.05787037037037037
1 0.3450520833333333 0.06095679012345679 0.3546006944444444 0.07407407407407407 0.3519965277777778 0.08140432098765432 0.3415798611111111 0.08526234567901235 0.3359375 0.0779320987654321 0.3415798611111111 0.07330246913580248 0.3420138888888889 0.06172839506172839 0.3446180555555556 0.061342592592592594
1 0.023871527777777776 0.41975308641975306 0.036458333333333336 0.4212962962962963 0.038628472222222224 0.42746913580246915 0.036458333333333336 0.43094135802469136 0.018663194444444444 0.42862654320987653 0.017795138888888888 0.4212962962962963 0.019097222222222224 0.4193672839506173 0.0234375 0.41975308641975306
1 0.4900173611111111 0.03009259259259259 0.4930555555555556 0.03279320987654321 0.4947916666666667 0.04243827160493827 0.4943576388888889 0.047453703703703706 0.4908854166666667 0.05131172839506173 0.4878472222222222 0.05131172839506173 0.4861111111111111 0.047453703703703706 0.4865451388888889 0.03279320987654321 0.4874131944444444 0.03009259259259259 0.4895833333333333 0.03009259259259259
1 0.3389756944444444 0.7048611111111112 0.3385416666666667 0.7064043209876543 0.3415798611111111 0.7071759259259259 0.34375 0.7091049382716049 0.3450520833333333 0.7137345679012346 0.3463541666666667 0.714891975308642 0.3493923611111111 0.714891975308642 0.3506944444444444 0.7141203703703703 0.3515625 0.7133487654320988 0.3519965277777778 0.7106481481481481 0.3505230034722222 0.7059980709876543 0.35803559027777776 0.7093360339506173 0.35814583333333333 0.7139506172839506 0.3598029513888889 0.7139506172839506 0.3607973090277778 0.7106122685185184 0.3624131944444444 0.7087191358024691 0.3624131944444444 0.7056327160493827 0.3598090277777778 0.7029320987654321 0.3550347222222222 0.7033179012345679 0.3546006944444444 0.7029320987654321 0.3446180555555556 0.7025462962962963 0.3402777777777778 0.7033179012345679
1 0.11458333333333333 0.4417438271604938 0.11588541666666667 0.4529320987654321 0.12369791666666667 0.4645061728395062 0.13020833333333334 0.46566358024691357 0.1410590277777778 0.4710648148148148 0.1488715277777778 0.4710648148148148 0.15147569444444445 0.46141975308641975 0.1506076388888889 0.4564043209876543 0.14756944444444445 0.45524691358024694 0.13585069444444445 0.4564043209876543 0.1328125 0.45447530864197533 0.12413194444444445 0.44212962962962965 0.11805555555555555 0.44058641975308643
1 0.4361979166666667 0.23070987654320987 0.4370659722222222 0.23765432098765432 0.4340277777777778 0.24421296296296297 0.4348958333333333 0.24575617283950618 0.4583333333333333 0.23070987654320987 0.4496527777777778 0.20949074074074073 0.4453125 0.20910493827160495 0.4409722222222222 0.21257716049382716 0.4401041666666667 0.22453703703703703
1 0.4088541666666667 0.2762345679012346 0.4088541666666667 0.2816358024691358 0.4144965277777778 0.2820216049382716 0.4157986111111111 0.279320987654321 0.4114583333333333 0.27237654320987653 0.4097222222222222 0.27276234567901236
1 0.5299479166666666 0.21219135802469136 0.5290798611111112 0.21334876543209877 0.53125 0.21412037037037038 0.5434027777777778 0.21334876543209877 0.5437756076388889 0.20933371913580245 0.5406588541666667 0.20983757716049384 0.5405173611111111 0.213110725308642 0.5352756076388889 0.2137403549382716 0.5364088541666666 0.21097067901234567 0.5325520833333334 0.21026234567901234
1 0.47166449652777775 0.18201466049382714 0.47067274305555556 0.18516203703703704 0.46259722222222227 0.1896940586419753 0.4691141493055555 0.18944251543209878 0.4691141493055555 0.1942264660493827 0.47279774305555555 0.1944783950617284 0.4739309895833333 0.1878059413580247 0.4809027777777778 0.18557098765432098 0.48583159722222224 0.18226658950617283 0.4859730902777778 0.18025192901234569 0.4817708333333333 0.17862654320987653 0.4739583333333333 0.17746913580246915 0.47024782986111113 0.17811188271604939 0.4682643229166667 0.1801261574074074
1 0.4739583333333333 0.1732253086419753 0.4739583333333333 0.17631172839506173 0.4809027777777778 0.17978395061728394 0.4839409722222222 0.17785493827160495 0.48569010416666664 0.17307137345679013 0.48399001736111114 0.16916859567901235 0.4822899305555555 0.16614737654320988 0.48044791666666664 0.16388117283950615 0.4725143229166667 0.16249614197530865 0.47548958333333335 0.16853935185185184
1 0.4986979166666667 0.16087962962962962 0.4982638888888889 0.16473765432098766 0.5008680555555556 0.1712962962962963 0.5069444444444444 0.1701388888888889 0.5086805555555556 0.16859567901234568 0.5091145833333334 0.16435185185185186 0.5047743055555556 0.15393518518518517
1 0.4904513888888889 0.14506172839506173 0.4895833333333333 0.16358024691358025 0.4917534722222222 0.16820987654320987 0.4947916666666667 0.16589506172839505 0.4978298611111111 0.14737654320987653 0.4943576388888889 0.14351851851851852
1 0.46875 0.1427469135802469 0.4678819444444444 0.14891975308641975 0.4696180555555556 0.15239197530864199 0.4765625 0.15084876543209877 0.4769965277777778 0.14737654320987653 0.4735243055555556 0.14390432098765432
1 0.4826388888888889 0.14429012345679013 0.48046875 0.14699074074074073 0.4817708333333333 0.15084876543209877 0.4887152777777778 0.15162037037037038 0.4926215277777778 0.14930555555555555 0.4930555555555556 0.14390432098765432 0.4856770833333333 0.1427469135802469
1 0.4665798611111111 0.055169753086419755 0.4665798611111111 0.0625 0.4752604166666667 0.06327160493827161 0.4756944444444444 0.05941358024691358 0.4713541666666667 0.05594135802469136
1 0.4557291666666667 0.02353395061728395 0.4535590277777778 0.03202160493827161 0.4544270833333333 0.03665123456790124 0.4565972222222222 0.03935185185185185 0.4631076388888889 0.03973765432098766 0.4618055555555556 0.022376543209876542 0.4565972222222222 0.02199074074074074
1 0.4635416666666667 0.02854938271604938 0.4639756944444444 0.03973765432098766 0.4696180555555556 0.043209876543209874 0.4769965277777778 0.043209876543209874 0.4759474826388889 0.04047993827160494 0.4699639756944445 0.03499112654320988 0.4696180555555556 0.022376543209876542 0.4670138888888889 0.020833333333333332 0.46484375 0.022376543209876542
1 0.6332465277777778 0.062114197530864196 0.6328125 0.06481481481481481 0.6332465277777778 0.06520061728395062 0.6336805555555556 0.06751543209876543 0.6375868055555556 0.06751543209876543 0.6380208333333334 0.06790123456790123 0.6397569444444444 0.06790123456790123 0.6401909722222222 0.06828703703703703 0.6432291666666666 0.06751543209876543 0.6432291666666666 0.06674382716049383 0.6427951388888888 0.06635802469135803 0.6427951388888888 0.06365740740740741 0.6401909722222222 0.05941358024691358 0.6393229166666666 0.059799382716049385 0.6375868055555556 0.059799382716049385 0.6362847222222222 0.060570987654320986 0.6336805555555556 0.06095679012345679