1 0.91796875 0.9610339506172839 0.9279513888888888 0.9702932098765432 0.9292534722222222 0.9772376543209876 0.9118923611111112 0.9822530864197531 0.9010416666666666 0.9783950617283951 0.8975694444444444 0.9741512345679012 0.8975694444444444 0.9702932098765432 0.90625 0.9691358024691358 0.9123263888888888 0.9625771604938271 0.9175347222222222 0.9610339506172839
1 0.9197048611111112 0.9621913580246914 0.9279513888888888 0.9702932098765432 0.9301215277777778 0.9814814814814815 0.9240451388888888 0.9922839506172839 0.9166666666666666 0.9957561728395061 0.9110243055555556 0.9945987654320988 0.9097222222222222 0.9841820987654321 0.8997395833333334 0.9772376543209876 0.8967013888888888 0.9702932098765432 0.9066840277777778 0.96875 0.9144965277777778 0.9614197530864198 0.9192708333333334 0.9621913580246914
1 0.8177083333333334 0.9780092592592593 0.8220486111111112 0.9837962962962963 0.8211805555555556 0.9891975308641975 0.8181423611111112 0.9911265432098766 0.8107638888888888 0.9845679012345679 0.7999131944444444 0.9834104938271605 0.7999131944444444 0.9807098765432098 0.8038194444444444 0.9791666666666666 0.8172743055555556 0.9780092592592593
1 0.7313368055555556 0.9841820987654321 0.7374131944444444 0.9837962962962963 0.7421875 0.9876543209876543 0.7417534722222222 0.9915123456790124 0.7365451388888888 0.9926697530864198 0.7313368055555556 0.9845679012345679
1 0.8194444444444444 0.7912808641975309 0.8259548611111112 0.7939814814814815 0.8250868055555556 0.8001543209876543 0.8177083333333334 0.7947530864197531 0.8168402777777778 0.7924382716049383 0.8190104166666666 0.7912808641975309
1 0.9639756944444444 0.5929783950617284 0.9657118055555556 0.5952932098765432 0.9583333333333334 0.6060956790123457 0.9657118055555556 0.6161265432098766 0.9583333333333334 0.6207561728395061 0.9366319444444444 0.6103395061728395 0.93359375 0.6022376543209876 0.9353298611111112 0.5972222222222222 0.9396701388888888 0.5941358024691358 0.9565972222222222 0.5960648148148148 0.9635416666666666 0.5929783950617284
1 0.6549479166666666 0.9120370370370371 0.6579861111111112 0.9131944444444444 0.66015625 0.9178240740740741 0.6605902777777778 0.9255401234567902 0.6575520833333334 0.9340277777777778 0.6540798611111112 0.9324845679012346 0.6458333333333334 0.9216820987654321 0.6488715277777778 0.9151234567901234 0.6545138888888888 0.9120370370370371
1 0.6458333333333334 0.9112654320987654 0.6484375 0.9143518518518519 0.6480034722222222 0.9182098765432098 0.6401909722222222 0.9270833333333334 0.6349826388888888 0.9243827160493827 0.6345486111111112 0.9147376543209876 0.6380208333333334 0.9112654320987654 0.6453993055555556 0.9112654320987654
1 0.6263020833333334 0.90625 0.6358506944444444 0.9143518518518519 0.6371527777777778 0.9270833333333334 0.6263020833333334 0.9255401234567902 0.6228298611111112 0.9147376543209876 0.6232638888888888 0.9077932098765432 0.6258680555555556 0.9066358024691358
1 0.62109375 0.9139660493827161 0.6258680555555556 0.9255401234567902 0.6193576388888888 0.9359567901234568 0.6119791666666666 0.9197530864197531 0.6158854166666666 0.9131944444444444 0.6206597222222222 0.9139660493827161
1 0.76171875 0.6990740740740741 0.7669270833333334 0.7102623456790124 0.7586805555555556 0.7164351851851852 0.7530381944444444 0.7141203703703703 0.7504340277777778 0.7087191358024691 0.7578125 0.6994598765432098 0.7612847222222222 0.6990740740740741
1 0.82421875 0.6122685185185185 0.828125 0.6138117283950617 0.828125 0.6226851851851852 0.8307291666666666 0.6265432098765432 0.8285590277777778 0.6277006172839507 0.8064236111111112 0.6246141975308642 0.7999131944444444 0.6280864197530864 0.7999131944444444 0.6126543209876543 0.8237847222222222 0.6126543209876543
1 0.9040798611111112 0.373070987654321 0.9027777777777778 0.36689814814814814 0.9053819444444444 0.3626543209876543 0.9110243055555556 0.3568672839506173 0.9201388888888888 0.3549382716049383 0.9231770833333334 0.3557098765432099 0.9201388888888888 0.36689814814814814 0.9118923611111112 0.3742283950617284 0.9045138888888888 0.373070987654321
1 0.94140625 0.3275462962962963 0.9479166666666666 0.3314043209876543 0.9461805555555556 0.3410493827160494 0.9392361111111112 0.3414351851851852 0.9361979166666666 0.3441358024691358 0.9322916666666666 0.3441358024691358 0.9309895833333334 0.341820987654321 0.9388020833333334 0.33487654320987653 0.9348958333333334 0.3279320987654321 0.9409722222222222 0.3275462962962963
1 0.9409722222222222 0.3271604938271605 0.9565972222222222 0.32947530864197533 0.9622395833333334 0.34066358024691357 0.9652777777777778 0.341820987654321 0.9513888888888888 0.3452932098765432 0.9578993055555556 0.34837962962962965 0.9670138888888888 0.3472222222222222 0.9678819444444444 0.3487654320987654 0.9596354166666666 0.34915123456790126 0.9526909722222222 0.35300925925925924 0.9422743055555556 0.35223765432098764 0.9440104166666666 0.3452932098765432 0.9392361111111112 0.3410493827160494 0.9357638888888888 0.34375 0.9318576388888888 0.3425925925925926 0.9383680555555556 0.33487654320987653 0.9353298611111112 0.3275462962962963 0.9405381944444444 0.3271604938271605
1 0.5638020833333334 0.9645061728395061 0.5672743055555556 0.9683641975308642 0.5672743055555556 0.9753086419753086 0.5603298611111112 0.9864969135802469 0.5551215277777778 0.9853395061728395 0.5529513888888888 0.9799382716049383 0.55859375 0.9683641975308642 0.5633680555555556 0.964891975308642
1 0.5681423611111112 0.9564043209876543 0.5651041666666666 0.9660493827160493 0.5607638888888888 0.9675925925925926 0.5546875 0.9745370370370371 0.5503472222222222 0.9756944444444444 0.5442708333333334 0.9737654320987654 0.5434027777777778 0.9699074074074074 0.5455729166666666 0.966820987654321 0.5677083333333334 0.9560185185185185
1 0.6163194444444444 0.7912808641975309 0.6180555555555556 0.7932098765432098 0.6163194444444444 0.8016975308641975 0.6050347222222222 0.7978395061728395 0.6063368055555556 0.7924382716049383 0.6158854166666666 0.7912808641975309
1 0.44921875 0.9660493827160493 0.4526909722222222 0.966820987654321 0.4505208333333333 0.9772376543209876 0.4422743055555556 0.9845679012345679 0.4388020833333333 0.9841820987654321 0.4396701388888889 0.9691358024691358 0.4427083333333333 0.966820987654321 0.4487847222222222 0.9664351851851852
1 0.4565972222222222 0.9652777777777778 0.4605034722222222 0.966820987654321 0.4631076388888889 0.9733796296296297 0.4600694444444444 0.9861111111111112 0.4565972222222222 0.9849537037037037 0.4539930555555556 0.9791666666666666 0.4505208333333333 0.9772376543209876 0.4427083333333333 0.9841820987654321 0.4388020833333333 0.9845679012345679 0.4418402777777778 0.9691358024691358 0.4461805555555556 0.9664351851851852 0.4561631944444444 0.9652777777777778
1 0.4522569444444444 0.966820987654321 0.4505208333333333 0.9772376543209876 0.4422743055555556 0.9845679012345679 0.4388020833333333 0.9845679012345679 0.4388020833333333 0.972608024691358 0.43359375 0.9702932098765432 0.4401041666666667 0.966820987654321 0.4518229166666667 0.966820987654321
1 0.4244791666666667 0.9899691358024691 0.4388020833333333 0.9911265432098766 0.4401041666666667 0.9996141975308642 0.4166666666666667 0.9996141975308642 0.4210069444444444 0.9907407407407407 0.4240451388888889 0.9899691358024691
1 0.5277777777777778 0.7928240740740741 0.5290798611111112 0.7970679012345679 0.5399305555555556 0.7955246913580247 0.5460069444444444 0.8001543209876543 0.5390625 0.810570987654321 0.5295138888888888 0.8121141975308642 0.5243055555555556 0.8005401234567902 0.5247395833333334 0.7932098765432098 0.52734375 0.7928240740740741
1 0.5377604166666666 0.7881944444444444 0.5451388888888888 0.8001543209876543 0.5303819444444444 0.8024691358024691 0.5138888888888888 0.8001543209876543 0.5121527777777778 0.7920524691358025 0.5290798611111112 0.7866512345679012 0.5373263888888888 0.7881944444444444
1 0.5364583333333334 0.7754629629629629 0.5425347222222222 0.7824074074074074 0.5403645833333334 0.7870370370370371 0.5373263888888888 0.7881944444444444 0.5256076388888888 0.7878086419753086 0.5212673611111112 0.783179012345679 0.5212673611111112 0.779320987654321 0.5260416666666666 0.7754629629629629 0.5360243055555556 0.7754629629629629
1 0.5034722222222222 0.779320987654321 0.5091145833333334 0.7827932098765432 0.5121527777777778 0.7893518518518519 0.5112847222222222 0.8082561728395061 0.5065104166666666 0.8070987654320988 0.5008680555555556 0.7947530864197531 0.4991319444444444 0.7808641975308642 0.5030381944444444 0.779320987654321
1 0.4952256944444444 0.7797067901234568 0.4991319444444444 0.7816358024691358 0.5004340277777778 0.7858796296296297 0.4982638888888889 0.808641975308642 0.4917534722222222 0.8070987654320988 0.4887152777777778 0.7932098765432098 0.4891493055555556 0.7862654320987654 0.4947916666666667 0.7797067901234568
1 0.3350694444444444 0.9614197530864198 0.33984375 0.9660493827160493 0.3389756944444444 0.972608024691358 0.3177083333333333 0.9772376543209876 0.3129340277777778 0.9772376543209876 0.3129340277777778 0.9737654320987654 0.3185763888888889 0.9672067901234568 0.32421875 0.9633487654320988 0.3346354166666667 0.9614197530864198
1 0.2703993055555556 0.9567901234567902 0.27734375 0.9664351851851852 0.2721354166666667 0.9772376543209876 0.2690972222222222 0.9756944444444444 0.265625 0.9675925925925926 0.2495659722222222 0.9695216049382716 0.2456597222222222 0.9672067901234568 0.2513020833333333 0.9629629629629629 0.2699652777777778 0.9567901234567902
1 0.2964409722222222 0.8360339506172839 0.3142361111111111 0.8383487654320988 0.3203125 0.8414351851851852 0.30859375 0.8580246913580247 0.3059895833333333 0.8653549382716049 0.3029513888888889 0.8665123456790124 0.2999131944444444 0.8638117283950617 0.3012152777777778 0.8452932098765432 0.2955729166666667 0.8383487654320988 0.2964409722222222 0.8364197530864198
1 0.2144097222222222 0.9000771604938271 0.21961805555555555 0.904320987654321 0.22005208333333334 0.9108796296296297 0.21006944444444445 0.9224537037037037 0.20703125 0.9216820987654321 0.20789930555555555 0.9097222222222222 0.2113715277777778 0.9008487654320988 0.21397569444444445 0.9000771604938271
1 0.6953125 0.5798611111111112 0.7100694444444444 0.5825617283950617 0.7170138888888888 0.5814043209876543 0.7161458333333334 0.5856481481481481 0.7052951388888888 0.5895061728395061 0.7061631944444444 0.5991512345679012 0.6927083333333334 0.591820987654321 0.6866319444444444 0.5952932098765432 0.6792534722222222 0.5952932098765432 0.6744791666666666 0.5848765432098766 0.6762152777777778 0.5814043209876543 0.6801215277777778 0.5794753086419753 0.6948784722222222 0.5798611111111112
1 0.5889756944444444 0.6018518518518519 0.5967881944444444 0.6045524691358025 0.5954861111111112 0.6107253086419753 0.5828993055555556 0.6057098765432098 0.5837673611111112 0.6022376543209876 0.5885416666666666 0.6018518518518519
1 0.5703125 0.6022376543209876 0.5811631944444444 0.6022376543209876 0.58203125 0.6045524691358025 0.578125 0.6141975308641975 0.57421875 0.6122685185185185 0.5703125 0.6026234567901234
1 0.5915798611111112 0.6018518518518519 0.5963541666666666 0.6041666666666666 0.5954861111111112 0.6107253086419753 0.5811631944444444 0.6068672839506173 0.5789930555555556 0.6087962962962963 0.5789930555555556 0.6138117283950617 0.57421875 0.6114969135802469 0.5703125 0.6022376543209876 0.5911458333333334 0.6018518518518519
1 0.4290364583333333 0.6819058641975309 0.023003472222222224 0.02044753086419753
1 0.3602430555555556 0.7037037037037037 0.3624131944444444 0.7075617283950617 0.3598090277777778 0.7094907407407407 0.3524305555555556 0.7094907407407407 0.3515625 0.7133487654320988 0.3485243055555556 0.714891975308642 0.3446180555555556 0.7133487654320988 0.3441840277777778 0.7044753086419753 0.3598090277777778 0.7037037037037037
1 0.3572048611111111 0.6759259259259259 0.359375 0.6797839506172839 0.3567708333333333 0.6867283950617284 0.3420138888888889 0.6940586419753086 0.3372395833333333 0.6921296296296297 0.3441840277777778 0.6786265432098766 0.3567708333333333 0.6759259259259259
1 0.3207465277777778 0.7029320987654321 0.3528645833333333 0.7029320987654321 0.3624131944444444 0.7056327160493827 0.359375 0.7091049382716049 0.3532986111111111 0.7091049382716049 0.3519965277777778 0.7133487654320988 0.3489583333333333 0.714891975308642 0.3446180555555556 0.7141203703703703 0.3420138888888889 0.7110339506172839 0.3359375 0.7137345679012346 0.3298611111111111 0.7133487654320988 0.3272569444444444 0.7106481481481481 0.3177083333333333 0.7133487654320988 0.3207465277777778 0.7033179012345679
1 0.4427083333333333 0.36689814814814814 0.4470486111111111 0.36766975308641975 0.4526909722222222 0.3773148148148148 0.4509548611111111 0.38348765432098764 0.4457465277777778 0.3873456790123457 0.4262152777777778 0.3873456790123457 0.41015625 0.3800154320987654 0.4201388888888889 0.3738425925925926 0.4388020833333333 0.3753858024691358 0.4427083333333333 0.36728395061728397
1 0.5399305555555556 0.20717592592592593 0.5425347222222222 0.20987654320987653 0.5416666666666666 0.21334876543209877 0.5321180555555556 0.21334876543209877 0.5394965277777778 0.20756172839506173
1 0.2907986111111111 0.45871913580246915 0.29296875 0.4702932098765432 0.2855902777777778 0.4807098765432099 0.2894965277777778 0.49151234567901236 0.2864583333333333 0.49151234567901236 0.2799479166666667 0.48572530864197533 0.2756076388888889 0.4876543209876543 0.2756076388888889 0.4799382716049383 0.2634548611111111 0.47955246913580246 0.2621527777777778 0.47723765432098764 0.2751736111111111 0.4618055555555556 0.2825520833333333 0.4618055555555556 0.2903645833333333 0.45871913580246915
1 0.3736979166666667 0.35455246913580246 0.3776041666666667 0.3557098765432099 0.3767361111111111 0.3599537037037037 0.3723958333333333 0.3591820987654321 0.3697916666666667 0.3560956790123457 0.3732638888888889 0.35455246913580246
1 0.4839409722222222 0.2006172839506173 0.4878472222222222 0.21334876543209877 0.4696180555555556 0.21334876543209877 0.4683159722222222 0.21026234567901234 0.4696180555555556 0.20601851851851852 0.4774305555555556 0.2056327160493827 0.4835069444444444 0.2010030864197531
1 0.9995659722222222 0.12962962962962962 0.9995659722222222 0.16010802469135801 0.9878472222222222 0.15779320987654322 0.98046875 0.15123456790123457 0.9796006944444444 0.14776234567901234 0.9865451388888888 0.13695987654320987 0.9991319444444444 0.12962962962962962
1 0.5577256944444444 0.16165123456790123 0.5694444444444444 0.16473765432098766 0.5625 0.17862654320987653 0.5533854166666666 0.18325617283950618 0.5464409722222222 0.17862654320987653 0.5455729166666666 0.1739969135802469 0.5499131944444444 0.16666666666666666 0.5572916666666666 0.16165123456790123
1 0.5164930555555556 0.16473765432098766 0.51953125 0.16666666666666666 0.5260416666666666 0.16396604938271606 0.5334201388888888 0.1701388888888889 0.5325520833333334 0.17785493827160495 0.5243055555555556 0.18132716049382716 0.5160590277777778 0.17939814814814814 0.5112847222222222 0.1720679012345679 0.5121527777777778 0.16550925925925927 0.5160590277777778 0.16473765432098766
1 0.20789930555555555 0.8966049382716049 0.2109375 0.9004629629629629 0.21006944444444445 0.9039351851851852 0.19618055555555555 0.9174382716049383 0.1931423611111111 0.9147376543209876 0.1970486111111111 0.9016203703703703 0.2026909722222222 0.8958333333333334 0.2074652777777778 0.8966049382716049
1 0.2873263888888889 0.6689814814814815 0.2938368055555556 0.6705246913580247 0.2977430555555556 0.6685956790123457 0.3090277777777778 0.6751543209876543 0.3107638888888889 0.6797839506172839 0.3042534722222222 0.6793981481481481 0.2999131944444444 0.6824845679012346 0.2816840277777778 0.6751543209876543 0.2829861111111111 0.6693672839506173 0.2868923611111111 0.6689814814814815
1 0.2990451388888889 0.6712962962962963 0.3055555555555556 0.6751543209876543 0.3059895833333333 0.6786265432098766 0.2981770833333333 0.6878858024691358 0.2964409722222222 0.6940586419753086 0.2938368055555556 0.6948302469135802 0.2816840277777778 0.6890432098765432 0.2782118055555556 0.6786265432098766 0.2808159722222222 0.6759259259259259 0.2903645833333333 0.6755401234567902 0.2986111111111111 0.6712962962962963
1 0.1306423611111111 0.9513888888888888 0.1362847222222222 0.9529320987654321 0.13758680555555555 0.9629629629629629 0.1332465277777778 0.9745370370370371 0.12369791666666667 0.9783950617283951 0.12065972222222222 0.9772376543209876 0.1193576388888889 0.9629629629629629 0.12586805555555555 0.9529320987654321 0.13020833333333334 0.9513888888888888
1 0.11631944444444445 0.9567901234567902 0.1193576388888889 0.9602623456790124 0.12369791666666667 0.9772376543209876 0.11762152777777778 0.9861111111111112 0.11631944444444445 0.9949845679012346 0.11024305555555555 0.996141975308642 0.10199652777777778 0.9945987654320988 0.10199652777777778 0.9841820987654321 0.10416666666666667 0.9807098765432098 0.09895833333333333 0.9722222222222222 0.10112847222222222 0.9660493827160493 0.10807291666666667 0.9587191358024691 0.1115451388888889 0.9564043209876543 0.11588541666666667 0.9567901234567902
1 0.20399305555555555 0.6793981481481481 0.20833333333333334 0.6828703703703703 0.20833333333333334 0.6882716049382716 0.19835069444444445 0.6979166666666666 0.1931423611111111 0.6975308641975309 0.19140625 0.6952160493827161 0.1970486111111111 0.6824845679012346 0.2035590277777778 0.6793981481481481
1 0.13758680555555555 0.6736111111111112 0.14930555555555555 0.6751543209876543 0.1488715277777778 0.6790123456790124 0.1401909722222222 0.6890432098765432 0.13194444444444445 0.6917438271604939 0.1284722222222222 0.6902006172839507 0.12630208333333334 0.6786265432098766 0.1293402777777778 0.6747685185185185 0.1371527777777778 0.6736111111111112
1 0.20182291666666666 0.4251543209876543 0.2065972222222222 0.42669753086419754 0.21875 0.44212962962962965 0.21744791666666666 0.4444444444444444 0.2026909722222222 0.4425154320987654 0.20182291666666666 0.4255401234567901
1 0.2864583333333333 0.29205246913580246 0.2973090277777778 0.29976851851851855 0.2934027777777778 0.30362654320987653 0.2947048611111111 0.31828703703703703 0.29296875 0.32060185185185186 0.2825520833333333 0.310570987654321 0.2756076388888889 0.2986111111111111 0.2769097222222222 0.2932098765432099 0.2860243055555556 0.29205246913580246
1 0.1853298611111111 0.3699845679012346 0.20616319444444445 0.3765432098765432 0.2109375 0.3869598765432099 0.19401041666666666 0.3873456790123457 0.17447916666666666 0.38078703703703703 0.17491319444444445 0.3777006172839506 0.18098958333333334 0.3753858024691358 0.18489583333333334 0.37037037037037035
1 0.2621527777777778 0.2804783950617284 0.2682291666666667 0.2835648148148148 0.2747395833333333 0.2935956790123457 0.2743055555555556 0.3001543209876543 0.2699652777777778 0.3028549382716049 0.265625 0.30169753086419754 0.2612847222222222 0.2959104938271605 0.2586805555555556 0.2827932098765432 0.26171875 0.2804783950617284
1 0.4392361111111111 0.21026234567901234 0.4479166666666667 0.21604938271604937 0.4596354166666667 0.22916666666666666 0.4605034722222222 0.2341820987654321 0.4561631944444444 0.2368827160493827 0.4418402777777778 0.23804012345679013 0.4322916666666667 0.24344135802469136 0.4296875 0.24112654320987653 0.4357638888888889 0.2341820987654321 0.4322916666666667 0.23070987654320987 0.4388020833333333 0.22762345679012347 0.4366319444444444 0.21373456790123457 0.4388020833333333 0.21026234567901234
1 0.3559027777777778 0.22145061728395063 0.3598090277777778 0.22299382716049382 0.3637152777777778 0.2341820987654321 0.359375 0.24344135802469136 0.3559027777777778 0.24382716049382716 0.3532986111111111 0.24112654320987653 0.3519965277777778 0.2326388888888889 0.3559027777777778 0.22183641975308643
1 0.48046875 0.16319444444444445 0.4848090277777778 0.1724537037037037 0.4852430555555556 0.18171296296296297 0.4756944444444444 0.1867283950617284 0.4700520833333333 0.19251543209876543 0.4661458333333333 0.18904320987654322 0.4691840277777778 0.17862654320987653 0.4730902777777778 0.1736111111111111 0.4739583333333333 0.16473765432098766 0.4800347222222222 0.16319444444444445
1 0.3333333333333333 0.7025462962962963 0.3411458333333333 0.7056327160493827 0.3402777777777778 0.7098765432098766 0.3363715277777778 0.7133487654320988 0.3302951388888889 0.7133487654320988 0.3263888888888889 0.7110339506172839 0.3211805555555556 0.7137345679012346 0.3172743055555556 0.7133487654320988 0.3203125 0.7029320987654321 0.3328993055555556 0.7025462962962963
1 0.5047743055555556 0.15084876543209877 0.5052083333333334 0.15470679012345678 0.515625 0.16473765432098766 0.51171875 0.1709104938271605 0.5013020833333334 0.1712962962962963 0.5004340277777778 0.16396604938271606 0.5047743055555556 0.15123456790123457
1 0.5030381944444444 0.15084876543209877 0.5052083333333334 0.15084876543209877 0.5056423611111112 0.1570216049382716 0.5091145833333334 0.16203703703703703 0.5026041666666666 0.1720679012345679 0.4982638888888889 0.1743827160493827 0.4878472222222222 0.1743827160493827 0.4856770833333333 0.1720679012345679 0.4861111111111111 0.16435185185185186 0.4913194444444444 0.15625 0.4939236111111111 0.15432098765432098 0.5013020833333334 0.1550925925925926 0.5030381944444444 0.15123456790123457
1 0.4318576388888889 0.16628086419753085 0.4431423611111111 0.17515432098765432 0.4440104166666667 0.18132716049382716 0.4401041666666667 0.1875 0.4357638888888889 0.18981481481481483 0.4223090277777778 0.18209876543209877 0.4166666666666667 0.17554012345679013 0.41796875 0.1712962962962963 0.4253472222222222 0.1732253086419753 0.4314236111111111 0.16666666666666666
1 0.4956597222222222 0.14351851851851852 0.5047743055555556 0.14737654320987653 0.5082465277777778 0.15779320987654322 0.5082465277777778 0.16126543209876543 0.5026041666666666 0.16473765432098766 0.5013020833333334 0.1693672839506173 0.4991319444444444 0.16628086419753085 0.4908854166666667 0.16473765432098766 0.4865451388888889 0.16126543209876543 0.4848090277777778 0.15393518518518517 0.4809027777777778 0.15084876543209877 0.48046875 0.14737654320987653 0.4835069444444444 0.14390432098765432 0.4952256944444444 0.14351851851851852
1 0.4596354166666667 0.15123456790123457 0.4670138888888889 0.1701388888888889 0.4635416666666667 0.18016975308641975 0.4600694444444444 0.18325617283950618 0.4518229166666667 0.1724537037037037 0.4557291666666667 0.15432098765432098 0.4592013888888889 0.15162037037037038
1 0.4713541666666667 0.1431327160493827 0.4765625 0.14737654320987653 0.4852430555555556 0.1427469135802469 0.4952256944444444 0.14351851851851852 0.5004340277777778 0.14737654320987653 0.5013020833333334 0.1527777777777778 0.5026041666666666 0.15007716049382716 0.5052083333333334 0.15046296296296297 0.5047743055555556 0.1550925925925926 0.4878472222222222 0.16280864197530864 0.4769965277777778 0.16358024691358025 0.4739583333333333 0.16628086419753085 0.4700520833333333 0.16203703703703703 0.4683159722222222 0.1527777777777778 0.4683159722222222 0.14390432098765432 0.4709201388888889 0.1431327160493827
1 0.4713541666666667 0.1427469135802469 0.4769965277777778 0.14737654320987653 0.4839409722222222 0.1431327160493827 0.4952256944444444 0.14390432098765432 0.4969618055555556 0.14737654320987653 0.48828125 0.16126543209876543 0.4739583333333333 0.16743827160493827 0.4696180555555556 0.16203703703703703 0.4678819444444444 0.15239197530864199 0.4678819444444444 0.14390432098765432 0.4709201388888889 0.1427469135802469
1 0.4110243055555556 0.16435185185185186 0.4123263888888889 0.16820987654320987 0.4053819444444444 0.18209876543209877 0.4014756944444444 0.18518518518518517 0.3988715277777778 0.18209876543209877 0.3984375 0.1716820987654321 0.4040798611111111 0.16473765432098766 0.4105902777777778 0.16435185185185186
1 0.4253472222222222 0.15393518518518517 0.43359375 0.16782407407407407 0.4292534722222222 0.1732253086419753 0.421875 0.16820987654320987 0.4197048611111111 0.15432098765432098 0.4249131944444444 0.15393518518518517
1 0.3940972222222222 0.16319444444444445 0.4006076388888889 0.16859567901234568 0.4045138888888889 0.16473765432098766 0.4110243055555556 0.16473765432098766 0.4053819444444444 0.18171296296296297 0.4010416666666667 0.18479938271604937 0.3897569444444444 0.17862654320987653 0.3897569444444444 0.16396604938271606 0.390625 0.16242283950617284 0.3936631944444444 0.16319444444444445
1 0.390625 0.16126543209876543 0.3984375 0.16820987654320987 0.4019097222222222 0.18209876543209877 0.390625 0.18094135802469136 0.3888888888888889 0.17592592592592593 0.3901909722222222 0.16165123456790123
1 0.5581597222222222 0.09606481481481481 0.5711805555555556 0.10609567901234568 0.5590277777777778 0.10570987654320987 0.5555555555555556 0.09915123456790123 0.5577256944444444 0.09606481481481481
1 0.4526909722222222 0.1099537037037037 0.4605034722222222 0.11265432098765432 0.4665798611111111 0.12037037037037036 0.4657118055555556 0.12384259259259259 0.4600694444444444 0.125 0.4479166666666667 0.11998456790123457 0.4526909722222222 0.11033950617283951
1 0.4388020833333333 0.09567901234567901 0.4453125 0.09722222222222222 0.453125 0.10841049382716049 0.4479166666666667 0.11921296296296297 0.4422743055555556 0.11959876543209877 0.4375 0.11304012345679013 0.4357638888888889 0.09837962962962964 0.4383680555555556 0.09606481481481481
1 0.5455729166666666 0.07330246913580248 0.5503472222222222 0.07561728395061729 0.5516493055555556 0.07908950617283951 0.5481770833333334 0.08487654320987655 0.5434027777777778 0.08680555555555555 0.5386284722222222 0.08487654320987655 0.5368923611111112 0.08063271604938271 0.5386284722222222 0.0763888888888889 0.5451388888888888 0.07330246913580248
1 0.3315972222222222 0.6724537037037037 0.33984375 0.6751543209876543 0.3420138888888889 0.6786265432098766 0.3381076388888889 0.6932870370370371 0.3324652777777778 0.6956018518518519 0.328125 0.6921296296296297 0.3263888888888889 0.6793981481481481 0.328125 0.6736111111111112 0.3311631944444444 0.6728395061728395
1 0.1957465277777778 0.3746141975308642 0.20616319444444445 0.3761574074074074 0.21223958333333334 0.3846450617283951 0.20963541666666666 0.3881172839506173 0.1974826388888889 0.3869598765432099 0.1987847222222222 0.38117283950617287 0.1957465277777778 0.375
1 0.2482638888888889 0.2646604938271605 0.24913194444444445 0.2681327160493827 0.24088541666666666 0.2804783950617284 0.2309027777777778 0.279320987654321 0.2339409722222222 0.27044753086419754 0.2421875 0.2650462962962963 0.2478298611111111 0.2646604938271605
1 0.1037326388888889 0.9633487654320988 0.109375 0.9571759259259259 0.11588541666666667 0.9564043209876543 0.1193576388888889 0.9598765432098766 0.11979166666666667 0.9656635802469136 0.1193576388888889 0.9753086419753086 0.11588541666666667 0.9787808641975309 0.11284722222222222 0.9760802469135802 0.10894097222222222 0.9776234567901234 0.0993923611111111 0.9745370370370371 0.0993923611111111 0.9699074074074074 0.1037326388888889 0.9637345679012346
1 0.11371527777777778 0.9571759259259259 0.11848958333333333 0.9598765432098766 0.1171875 0.9656635802469136 0.11588541666666667 0.9672067901234568 0.11197916666666667 0.9633487654320988 0.10503472222222222 0.9660493827160493 0.10546875 0.9737654320987654 0.10243055555555555 0.9756944444444444 0.09765625 0.9737654320987654 0.0998263888888889 0.96875 0.10460069444444445 0.9660493827160493 0.109375 0.9579475308641975 0.11328125 0.9571759259259259
1 0.11328125 0.7766203703703703 0.1189236111111111 0.7827932098765432 0.1189236111111111 0.7866512345679012 0.11197916666666667 0.8001543209876543 0.1072048611111111 0.8036265432098766 0.1037326388888889 0.8036265432098766 0.1032986111111111 0.8016975308641975 0.10546875 0.7878086419753086 0.10850694444444445 0.7804783950617284 0.11284722222222222 0.7766203703703703
1 0.1228298611111111 0.6782407407407407 0.1271701388888889 0.6828703703703703 0.1267361111111111 0.6917438271604939 0.1193576388888889 0.6959876543209876 0.11458333333333333 0.6959876543209876 0.11588541666666667 0.6828703703703703 0.12239583333333333 0.6786265432098766
1 0.14192708333333334 0.6743827160493827 0.1484375 0.6751543209876543 0.1484375 0.6786265432098766 0.1401909722222222 0.689429012345679 0.11675347222222222 0.6956018518518519 0.1150173611111111 0.6936728395061729 0.11588541666666667 0.6844135802469136 0.11979166666666667 0.6793981481481481 0.1267361111111111 0.6782407407407407 0.1328125 0.6739969135802469 0.14149305555555555 0.6743827160493827
1 0.2144097222222222 0.2692901234567901 0.22743055555555555 0.27276234567901236 0.2282986111111111 0.279320987654321 0.22526041666666666 0.2808641975308642 0.21397569444444445 0.2785493827160494 0.2109375 0.27237654320987653 0.21397569444444445 0.2692901234567901
1 0.14756944444444445 0.36574074074074076 0.15364583333333334 0.37962962962962965 0.14756944444444445 0.38425925925925924 0.13671875 0.38310185185185186 0.11805555555555555 0.36959876543209874 0.1267361111111111 0.36766975308641975 0.13802083333333334 0.37114197530864196 0.1440972222222222 0.36574074074074076 0.14713541666666666 0.36574074074074076
1 0.026041666666666668 0.7797067901234568 0.031684027777777776 0.7827932098765432 0.03298611111111111 0.7897376543209876 0.038628472222222224 0.7932098765432098 0.031684027777777776 0.7951388888888888 0.029513888888888888 0.7982253086419753 0.020399305555555556 0.7947530864197531 0.012152777777777778 0.7959104938271605 0.010850694444444444 0.7928240740740741 0.010416666666666666 0.7854938271604939 0.025607638888888888 0.7797067901234568
1 0 0.5123456790123457 0.004774305555555556 0.5146604938271605 0.007378472222222222 0.5239197530864198 0.020399305555555556 0.5254629629629629 0.011284722222222222 0.5489969135802469 0.008246527777777778 0.5501543209876543 0.004340277777777778 0.5482253086419753 0 0.5424382716049383 0 0.5127314814814815
1 0.0234375 0.41975308641975306 0.03602430555555555 0.41975308641975306 0.03819444444444445 0.42746913580246915 0.036458333333333336 0.43132716049382713 0.019097222222222224 0.42862654320987653 0.017361111111111112 0.4216820987654321 0.019097222222222224 0.41898148148148145 0.023003472222222224 0.41975308641975306
1 0.8177083333333334 0.035493827160493825 0.8315972222222222 0.03973765432098766 0.8289930555555556 0.04822530864197531 0.8250868055555556 0.04976851851851852 0.8051215277777778 0.0466820987654321 0.8068576388888888 0.03819444444444445 0.8103298611111112 0.03587962962962963 0.8172743055555556 0.035493827160493825
1 0.4928385416666667 0.07735339506172839 0.009982638888888888 0.019675925925925927
1 0.5386284722222222 0.05864197530864197 0.5407986111111112 0.06172839506172839 0.5412326388888888 0.07291666666666667 0.5364583333333334 0.0798611111111111 0.5316840277777778 0.07445987654320987 0.5316840277777778 0.06983024691358025 0.53515625 0.059799382716049385 0.5381944444444444 0.05864197530864197
1 0.5512152777777778 0.05169753086419753 0.5533854166666666 0.05324074074074074 0.5577256944444444 0.05169753086419753 0.5603298611111112 0.05594135802469136 0.5607638888888888 0.0625 0.5572916666666666 0.06442901234567901 0.5460069444444444 0.06404320987654322 0.5412326388888888 0.06095679012345679 0.5477430555555556 0.052083333333333336 0.55078125 0.05169753086419753
1 0.2547743055555556 0.1412037037037037 0.2634548611111111 0.15354938271604937 0.2621527777777778 0.1554783950617284 0.2513020833333333 0.15625 0.2547743055555556 0.1415895061728395
1 0.2725694444444444 0.13348765432098766 0.2825520833333333 0.15432098765432098 0.2647569444444444 0.15432098765432098 0.2721354166666667 0.13387345679012347
1 0.4353298611111111 0.060570987654320986 0.4401041666666667 0.06751543209876543 0.4392361111111111 0.0783179012345679 0.4348958333333333 0.0787037037037037 0.4314236111111111 0.07407407407407407 0.4309895833333333 0.06442901234567901 0.4348958333333333 0.06095679012345679
1 0.4006076388888889 0.06751543209876543 0.4088541666666667 0.0775462962962963 0.4088541666666667 0.08487654320987655 0.4045138888888889 0.08564814814814815 0.3997395833333333 0.08140432098765432 0.3975694444444444 0.07021604938271606 0.4001736111111111 0.06790123456790123
1 0.4427083333333333 0.04436728395061729 0.4466145833333333 0.0470679012345679 0.4474826388888889 0.05941358024691358 0.4466145833333333 0.06442901234567901 0.4422743055555556 0.06905864197530864 0.4388020833333333 0.06790123456790123 0.4340277777777778 0.060570987654320986 0.4375 0.0470679012345679 0.4422743055555556 0.04436728395061729
1 0.3420138888888889 0.06327160493827161 0.3450520833333333 0.0628858024691358 0.3511284722222222 0.06751543209876543 0.3541666666666667 0.07445987654320987 0.3511284722222222 0.08256172839506173 0.3402777777777778 0.08487654320987655 0.3355034722222222 0.0779320987654321 0.3420138888888889 0.07253086419753087 0.3420138888888889 0.06365740740740741
1 0.35546875 0.05787037037037037 0.3619791666666667 0.06944444444444445 0.359375 0.0763888888888889 0.35546875 0.07716049382716049 0.3519965277777778 0.07137345679012345 0.3528645833333333 0.060570987654320986 0.3550347222222222 0.058256172839506175
1 0.4874131944444444 0.02970679012345679 0.4921875 0.03125 0.4943576388888889 0.03896604938271605 0.4930555555555556 0.05015432098765432 0.4865451388888889 0.050540123456790126 0.4874131944444444 0.03009259259259259
1 0.4665798611111111 0.022376543209876542 0.4691840277777778 0.029320987654320986 0.4782986111111111 0.03780864197530864 0.4769965277777778 0.04552469135802469 0.4635416666666667 0.03973765432098766 0.4665798611111111 0.022762345679012346
1 0.4683159722222222 0.021219135802469136 0.4774305555555556 0.038580246913580245 0.4769965277777778 0.04436728395061729 0.4600694444444444 0.03973765432098766 0.4622395833333333 0.025848765432098766 0.46484375 0.021604938271604937 0.4678819444444444 0.021219135802469136
1 0.4596354166666667 0.02044753086419753 0.4665798611111111 0.028935185185185185 0.4613715277777778 0.040123456790123455 0.45703125 0.03973765432098766 0.453125 0.03279320987654321 0.4552951388888889 0.020833333333333332 0.4592013888888889 0.02044753086419753
1 0.08940972222222222 0.3645833333333333 0.09059852430555555 0.37531288580246913 0.09451258680555556 0.38390586419753087 0.10069444444444445 0.38155864197530864 0.10243055555555555 0.3784722222222222 0.10026041666666667 0.36959876543209874 0.0954861111111111 0.3645833333333333 0.0920138888888889 0.3630401234567901
1 0.0802951388888889 0.36882716049382713 0.08072916666666667 0.3800154320987654 0.08506944444444445 0.38580246913580246 0.08940972222222222 0.3869598765432099 0.0920138888888889 0.38503086419753085 0.09244791666666667 0.37962962962962965 0.08897569444444445 0.36921296296296297 0.08333333333333333 0.36728395061728397
1 0.11458333333333333 0.44135802469135804 0.11588541666666667 0.4533179012345679 0.12239583333333333 0.4637345679012346 0.1349826388888889 0.466820987654321 0.140625 0.4702932098765432 0.1440972222222222 0.4699074074074074 0.14756944444444445 0.46489197530864196 0.1484375 0.45987654320987653 0.13975694444444445 0.4591049382716049 0.13585069444444445 0.4567901234567901 0.12369791666666667 0.4417438271604938 0.12022569444444445 0.44058641975308643
1 0.63671875 0.059799382716049385 0.6371527777777778 0.06597222222222222 0.6419270833333334 0.06751543209876543 0.640625 0.06018518518518518