1 0.91796875 0.9610339506172839 0.9236111111111112 0.9637345679012346 0.9292534722222222 0.972608024691358 0.9283854166666666 0.9818672839506173 0.9184027777777778 0.9864969135802469 0.9040798611111112 0.9807098765432098 0.8980034722222222 0.9737654320987654 0.8993055555555556 0.9702932098765432 0.90625 0.9691358024691358 0.9127604166666666 0.9621913580246914 0.9175347222222222 0.9610339506172839
1 0.8142361111111112 0.9776234567901234 0.8211805555555556 0.9810956790123457 0.8216145833333334 0.9911265432098766 0.8177083333333334 0.9926697530864198 0.8107638888888888 0.9845679012345679 0.8003472222222222 0.9845679012345679 0.7999131944444444 0.9807098765432098 0.8138020833333334 0.9780092592592593
1 0.6566840277777778 0.9128086419753086 0.6610243055555556 0.9205246913580247 0.6575520833333334 0.933641975308642 0.6540798611111112 0.9320987654320988 0.6484375 0.9236111111111112 0.6436631944444444 0.9216820987654321 0.6427951388888888 0.9182098765432098 0.6449652777777778 0.9147376543209876 0.65625 0.9128086419753086
1 0.6163194444444444 0.9128086419753086 0.6202256944444444 0.9135802469135802 0.6236979166666666 0.9185956790123457 0.6258680555555556 0.9286265432098766 0.6241319444444444 0.9320987654320988 0.6193576388888888 0.9359567901234568 0.6141493055555556 0.9282407407407407 0.6124131944444444 0.9174382716049383 0.6158854166666666 0.9131944444444444
1 0.5642361111111112 0.964891975308642 0.5672743055555556 0.96875 0.5672743055555556 0.9753086419753086 0.5603298611111112 0.9872685185185185 0.5568576388888888 0.9864969135802469 0.5529513888888888 0.9807098765432098 0.55859375 0.9683641975308642 0.5638020833333334 0.964891975308642
1 0.5677083333333334 0.9556327160493827 0.5681423611111112 0.9598765432098766 0.5646701388888888 0.9664351851851852 0.5594618055555556 0.9683641975308642 0.5529513888888888 0.9753086419753086 0.5451388888888888 0.9745370370370371 0.5438368055555556 0.9702932098765432 0.5512152777777778 0.9637345679012346 0.5672743055555556 0.9560185185185185
1 0.9639756944444444 0.5929783950617284 0.9652777777777778 0.595679012345679 0.9587673611111112 0.6072530864197531 0.9652777777777778 0.6161265432098766 0.9583333333333334 0.6207561728395061 0.9357638888888888 0.6091820987654321 0.9340277777777778 0.6010802469135802 0.9370659722222222 0.5952932098765432 0.9405381944444444 0.59375 0.9565972222222222 0.5964506172839507 0.9635416666666666 0.5929783950617284
1 0.7621527777777778 0.6990740740740741 0.7673611111111112 0.7098765432098766 0.7586805555555556 0.7160493827160493 0.7547743055555556 0.7156635802469136 0.75 0.7094907407407407 0.7578125 0.6998456790123457 0.76171875 0.6990740740740741
1 0.6167534722222222 0.7912808641975309 0.6163194444444444 0.8016975308641975 0.6059027777777778 0.7997685185185185 0.6050347222222222 0.7978395061728395 0.6059027777777778 0.7924382716049383 0.6163194444444444 0.7912808641975309
1 0.4596354166666667 0.9664351851851852 0.4631076388888889 0.9733796296296297 0.4596354166666667 0.9861111111111112 0.4561631944444444 0.9845679012345679 0.4518229166666667 0.9776234567901234 0.4487847222222222 0.9776234567901234 0.4427083333333333 0.9845679012345679 0.4388020833333333 0.9845679012345679 0.44140625 0.9695216049382716 0.4483506944444444 0.9660493827160493 0.4592013888888889 0.9664351851851852
1 0.8116319444444444 0.6118827160493827 0.8246527777777778 0.6126543209876543 0.8289930555555556 0.6149691358024691 0.8302951388888888 0.6246141975308642 0.828125 0.6304012345679012 0.8246527777777778 0.6323302469135802 0.8142361111111112 0.625 0.8103298611111112 0.6307870370370371 0.8068576388888888 0.6300154320987654 0.8003472222222222 0.6126543209876543 0.8111979166666666 0.6118827160493827
1 0.5355902777777778 0.7750771604938271 0.5416666666666666 0.779320987654321 0.5425347222222222 0.7824074074074074 0.5373263888888888 0.7881944444444444 0.5260416666666666 0.7878086419753086 0.5208333333333334 0.7827932098765432 0.5212673611111112 0.779320987654321 0.5256076388888888 0.7758487654320988 0.53515625 0.7750771604938271
1 0.4995659722222222 0.779320987654321 0.5086805555555556 0.7824074074074074 0.5130208333333334 0.7928240740740741 0.5121527777777778 0.8070987654320988 0.5069444444444444 0.8070987654320988 0.5004340277777778 0.7935956790123457 0.4995659722222222 0.7797067901234568
1 0.4952256944444444 0.7797067901234568 0.4982638888888889 0.7808641975308642 0.5 0.7862654320987654 0.5008680555555556 0.7966820987654321 0.4978298611111111 0.8090277777777778 0.4917534722222222 0.8070987654320988 0.4887152777777778 0.7935956790123457 0.4891493055555556 0.7858796296296297 0.4947916666666667 0.7797067901234568
1 0.6935763888888888 0.5798611111111112 0.7118055555555556 0.5929783950617284 0.7039930555555556 0.5952932098765432 0.69140625 0.5929783950617284 0.6831597222222222 0.595679012345679 0.6783854166666666 0.59375 0.6753472222222222 0.5864197530864198 0.6762152777777778 0.5817901234567902 0.6805555555555556 0.5794753086419753 0.6931423611111112 0.5798611111111112
1 0.3207465277777778 0.9652777777777778 0.3346354166666667 0.9610339506172839 0.3402777777777778 0.9695216049382716 0.3376736111111111 0.9729938271604939 0.3129340277777778 0.9772376543209876 0.3125 0.9737654320987654 0.3207465277777778 0.9656635802469136
1 0.4275173611111111 0.6751543209876543 0.4361979166666667 0.6716820987654321 0.4401041666666667 0.6786265432098766 0.4283854166666667 0.691358024691358 0.4197048611111111 0.6905864197530864 0.4166666666666667 0.6890432098765432 0.4275173611111111 0.6755401234567902
1 0.2708333333333333 0.9571759259259259 0.2769097222222222 0.9656635802469136 0.2730034722222222 0.9772376543209876 0.2686631944444444 0.9756944444444444 0.265625 0.9679783950617284 0.2482638888888889 0.9695216049382716 0.2456597222222222 0.9672067901234568 0.2582465277777778 0.9598765432098766 0.2703993055555556 0.9571759259259259
1 0.2964409722222222 0.8364197530864198 0.3142361111111111 0.8383487654320988 0.3207465277777778 0.841820987654321 0.3203125 0.8452932098765432 0.3155381944444444 0.847608024691358 0.3033854166666667 0.8665123456790124 0.2999131944444444 0.8641975308641975 0.3012152777777778 0.8449074074074074 0.2964409722222222 0.8402777777777778 0.2964409722222222 0.8368055555555556
1 0.3576388888888889 0.6759259259259259 0.359375 0.6778549382716049 0.3576388888888889 0.685570987654321 0.3420138888888889 0.6952160493827161 0.3368055555555556 0.6925154320987654 0.3415798611111111 0.6813271604938271 0.3450520833333333 0.6778549382716049 0.3572048611111111 0.6759259259259259
1 0.3333333333333333 0.6728395061728395 0.3394097222222222 0.6751543209876543 0.3407118055555556 0.6782407407407407 0.3376736111111111 0.6882716049382716 0.3385416666666667 0.6932870370370371 0.3350694444444444 0.6963734567901234 0.3315972222222222 0.6963734567901234 0.3285590277777778 0.6932870370370371 0.3263888888888889 0.6832561728395061 0.328125 0.6736111111111112 0.3328993055555556 0.6728395061728395
1 0.9231770833333334 0.3557098765432099 0.9214409722222222 0.36419753086419754 0.9118923611111112 0.3746141975308642 0.9040798611111112 0.373070987654321 0.9032118055555556 0.3653549382716049 0.9105902777777778 0.35725308641975306 0.9227430555555556 0.3557098765432099
1 0.9435763888888888 0.33024691358024694 0.9561631944444444 0.3314043209876543 0.9622395833333334 0.33757716049382713 0.9743923611111112 0.33834876543209874 0.9756944444444444 0.34066358024691357 0.9674479166666666 0.35108024691358025 0.9513888888888888 0.35455246913580246 0.9418402777777778 0.35262345679012347 0.9470486111111112 0.33912037037037035 0.9461805555555556 0.3325617283950617 0.9427083333333334 0.33487654320987653 0.94140625 0.3314043209876543 0.9431423611111112 0.33024691358024694
1 0.4427083333333333 0.36651234567901236 0.4474826388888889 0.36766975308641975 0.453125 0.37885802469135804 0.4487847222222222 0.3869598765432099 0.44140625 0.38580246913580246 0.4383680555555556 0.3765432098765432 0.4427083333333333 0.36689814814814814
1 0.4322916666666667 0.3742283950617284 0.4392361111111111 0.37808641975308643 0.4409722222222222 0.3869598765432099 0.4361979166666667 0.3881172839506173 0.4236111111111111 0.3869598765432099 0.4127604166666667 0.38040123456790126 0.4214409722222222 0.3734567901234568 0.4318576388888889 0.3742283950617284
1 0.9900173611111112 0.14525462962962962 0.019965277777777776 0.030478395061728395
1 0.4839409722222222 0.2010030864197531 0.48828125 0.21334876543209877 0.46875 0.21257716049382716 0.4696180555555556 0.2056327160493827 0.4774305555555556 0.2056327160493827 0.4835069444444444 0.2013888888888889
1 0.5577256944444444 0.16165123456790123 0.5690104166666666 0.16512345679012347 0.5625 0.17862654320987653 0.5538194444444444 0.18325617283950618 0.546875 0.17901234567901234 0.5455729166666666 0.17476851851851852 0.5494791666666666 0.16705246913580246 0.5572916666666666 0.16165123456790123
1 0.5177951388888888 0.16628086419753085 0.5225694444444444 0.16782407407407407 0.5299479166666666 0.16126543209876543 0.5325520833333334 0.17592592592592593 0.5299479166666666 0.18094135802469136 0.5269097222222222 0.18209876543209877 0.5186631944444444 0.18055555555555555 0.5143229166666666 0.17746913580246915 0.5125868055555556 0.16743827160493827 0.5173611111111112 0.16628086419753085
1 0.2144097222222222 0.9000771604938271 0.21961805555555555 0.9050925925925926 0.22005208333333334 0.9112654320987654 0.20963541666666666 0.9228395061728395 0.2065972222222222 0.9216820987654321 0.20789930555555555 0.9089506172839507 0.2109375 0.9012345679012346 0.21397569444444445 0.9000771604938271
1 0.2973090277777778 0.6693672839506173 0.3103298611111111 0.6786265432098766 0.3016493055555556 0.6832561728395061 0.2942708333333333 0.6948302469135802 0.2816840277777778 0.6886574074074074 0.2782118055555556 0.6786265432098766 0.2834201388888889 0.6705246913580247 0.2864583333333333 0.6693672839506173 0.2934027777777778 0.6712962962962963 0.296875 0.6693672839506173
1 0.1332465277777778 0.9517746913580247 0.13671875 0.9533179012345679 0.1384548611111111 0.9587191358024691 0.13541666666666666 0.9718364197530864 0.13411458333333334 0.9741512345679012 0.12369791666666667 0.9772376543209876 0.12022569444444445 0.9672067901234568 0.12065972222222222 0.9598765432098766 0.12630208333333334 0.9525462962962963 0.1328125 0.9517746913580247
1 0.20442708333333334 0.6793981481481481 0.20833333333333334 0.6820987654320988 0.20833333333333334 0.6882716049382716 0.1970486111111111 0.6979166666666666 0.19227430555555555 0.6963734567901234 0.1948784722222222 0.685570987654321 0.19921875 0.6801697530864198 0.20399305555555555 0.6793981481481481
1 0.203125 0.4243827160493827 0.21788194444444445 0.44058641975308643 0.2191840277777778 0.4425154320987654 0.21744791666666666 0.4444444444444444 0.203125 0.4425154320987654 0.2035590277777778 0.43364197530864196 0.20008680555555555 0.4251543209876543 0.2026909722222222 0.4243827160493827
1 0.2864583333333333 0.2924382716049383 0.2981770833333333 0.3001543209876543 0.2938368055555556 0.30439814814814814 0.2934027777777778 0.32060185185185186 0.2903645833333333 0.32021604938271603 0.2886284722222222 0.3159722222222222 0.2825520833333333 0.3113425925925926 0.2764756944444444 0.3001543209876543 0.2777777777777778 0.2932098765432099 0.2860243055555556 0.2924382716049383
1 0.140625 0.6747685185185185 0.14756944444444445 0.6751543209876543 0.1484375 0.6774691358024691 0.140625 0.6890432098765432 0.1332465277777778 0.6925154320987654 0.1254340277777778 0.6925154320987654 0.11805555555555555 0.6952160493827161 0.1150173611111111 0.6936728395061729 0.1150173611111111 0.689429012345679 0.11588541666666667 0.6824845679012346 0.1193576388888889 0.6786265432098766 0.1267361111111111 0.6782407407407407 0.12977430555555555 0.6751543209876543 0.1401909722222222 0.6747685185185185
1 0.1870659722222222 0.37114197530864196 0.2048611111111111 0.3765432098765432 0.2113715277777778 0.38348765432098764 0.21180555555555555 0.3869598765432099 0.20833333333333334 0.3881172839506173 0.19140625 0.3869598765432099 0.1814236111111111 0.3819444444444444 0.17447916666666666 0.38117283950617287 0.17317708333333334 0.3800154320987654 0.18055555555555555 0.3757716049382716 0.1831597222222222 0.37114197530864196 0.18663194444444445 0.37114197530864196
1 0.2669270833333333 0.2820216049382716 0.2751736111111111 0.2962962962962963 0.2738715277777778 0.30092592592592593 0.26953125 0.3028549382716049 0.26171875 0.2970679012345679 0.2586805555555556 0.283179012345679 0.2608506944444444 0.2804783950617284 0.2664930555555556 0.2820216049382716
1 0.3580729166666667 0.2330246913580247 0.012152777777777778 0.022376543209876542
1 0.4774305555555556 0.16358024691358025 0.4813368055555556 0.16512345679012347 0.4856770833333333 0.17476851851851852 0.484375 0.18364197530864199 0.4761284722222222 0.1867283950617284 0.4700520833333333 0.19290123456790123 0.4665798611111111 0.18942901234567902 0.4683159722222222 0.17862654320987653 0.4769965277777778 0.16396604938271606
1 0.4600694444444444 0.18287037037037038 0.4513888888888889 0.1720679012345679 0.4557291666666667 0.15354938271604937 0.4613715277777778 0.15316358024691357 0.4665798611111111 0.1701388888888889 0.4665798611111111 0.17515432098765432 0.4605034722222222 0.18248456790123457
1 0.4253472222222222 0.1558641975308642 0.4340277777777778 0.16859567901234568 0.4422743055555556 0.1739969135802469 0.4444444444444444 0.17785493827160495 0.4422743055555556 0.18518518518518517 0.4370659722222222 0.18942901234567902 0.4253472222222222 0.18441358024691357 0.4166666666666667 0.17515432098765432 0.41796875 0.1712962962962963 0.4210069444444444 0.1728395061728395 0.4244791666666667 0.1716820987654321 0.4223090277777778 0.15779320987654322 0.4249131944444444 0.1558641975308642
1 0.5572916666666666 0.09606481481481481 0.5716145833333334 0.10570987654320987 0.5581597222222222 0.10493827160493827 0.5568576388888888 0.09645061728395062
1 0.390625 0.16242283950617284 0.3971354166666667 0.16782407407407407 0.4006076388888889 0.16782407407407407 0.4045138888888889 0.16435185185185186 0.4114583333333333 0.16473765432098766 0.4118923611111111 0.16859567901234568 0.4045138888888889 0.18364197530864199 0.4006076388888889 0.18557098765432098 0.390625 0.17978395061728394 0.3901909722222222 0.16280864197530864
1 0.4548611111111111 0.1099537037037037 0.4665798611111111 0.11959876543209877 0.4665798611111111 0.12345679012345678 0.4635416666666667 0.125 0.4526909722222222 0.12307098765432099 0.4470486111111111 0.11959876543209877 0.4518229166666667 0.1095679012345679 0.4544270833333333 0.1099537037037037
1 0.5455729166666666 0.07330246913580248 0.5490451388888888 0.07445987654320987 0.5516493055555556 0.0787037037037037 0.5481770833333334 0.08487654320987655 0.5438368055555556 0.08680555555555555 0.5399305555555556 0.08603395061728394 0.5368923611111112 0.08063271604938271 0.5386284722222222 0.0763888888888889 0.5451388888888888 0.07330246913580248
1 0.2065972222222222 0.8954475308641975 0.2113715277777778 0.9000771604938271 0.2109375 0.9031635802469136 0.20789930555555555 0.908179012345679 0.1957465277777778 0.9174382716049383 0.1931423611111111 0.9170524691358025 0.1931423611111111 0.9143518518518519 0.1970486111111111 0.9016203703703703 0.20008680555555555 0.8973765432098766 0.20616319444444445 0.8954475308641975
1 0.11284722222222222 0.7762345679012346 0.1189236111111111 0.7820216049382716 0.1193576388888889 0.7862654320987654 0.1115451388888889 0.8013117283950617 0.10286458333333333 0.8036265432098766 0.10286458333333333 0.7997685185185185 0.10677083333333333 0.7827932098765432 0.11241319444444445 0.7766203703703703
1 0.2916666666666667 0.45794753086419754 0.2934027777777778 0.4702932098765432 0.2855902777777778 0.4807098765432099 0.2894965277777778 0.49189814814814814 0.2864583333333333 0.49151234567901236 0.2825520833333333 0.4868827160493827 0.2756076388888889 0.4876543209876543 0.2760416666666667 0.48032407407407407 0.2651909722222222 0.4799382716049383 0.2630208333333333 0.47685185185185186 0.2760416666666667 0.46026234567901236 0.2912326388888889 0.45794753086419754
1 0.1232638888888889 0.44135802469135804 0.13585069444444445 0.45524691358024694 0.1506076388888889 0.4564043209876543 0.1488715277777778 0.46875 0.1558159722222222 0.4737654320987654 0.1545138888888889 0.47608024691358025 0.140625 0.4710648148148148 0.13368055555555555 0.4660493827160494 0.12239583333333333 0.46296296296296297 0.11631944444444445 0.45447530864197533 0.11458333333333333 0.44212962962962965 0.11588541666666667 0.4402006172839506 0.1228298611111111 0.44135802469135804
1 0.14713541666666666 0.36496913580246915 0.15321180555555555 0.3765432098765432 0.1527777777777778 0.38155864197530864 0.1480034722222222 0.38425925925925924 0.1371527777777778 0.38348765432098764 0.1189236111111111 0.3715277777777778 0.11979166666666667 0.36844135802469136 0.12630208333333334 0.36728395061728397 0.13758680555555555 0.37191358024691357 0.1467013888888889 0.3653549382716049
1 0.08159722222222222 0.3626543209876543 0.0842013888888889 0.3645833333333333 0.0920138888888889 0.3626543209876543 0.10243055555555555 0.373070987654321 0.10112847222222222 0.3800154320987654 0.08854166666666667 0.3873456790123457 0.08116319444444445 0.37962962962962965 0.07725694444444445 0.36496913580246915 0.07769097222222222 0.36226851851851855 0.08116319444444445 0.3626543209876543
1 0.026909722222222224 0.7797067901234568 0.03211805555555555 0.7827932098765432 0.03342013888888889 0.7897376543209876 0.0390625 0.7932098765432098 0.029513888888888888 0.7978395061728395 0.022569444444444444 0.7939814814814815 0.012152777777777778 0.7951388888888888 0.010416666666666666 0.7905092592592593 0.010416666666666666 0.7858796296296297 0.026475694444444444 0.7797067901234568
1 0 0.5115740740740741 0.004774305555555556 0.5146604938271605 0.007378472222222222 0.5239197530864198 0.019965277777777776 0.5258487654320988 0.012152777777777778 0.5420524691358025 0.01171875 0.5501543209876543 0.006944444444444444 0.5501543209876543 0 0.5428240740740741 0 0.5119598765432098
1 0.052083333333333336 0.3618827160493827 0.061197916666666664 0.373070987654321 0.06163194444444445 0.3800154320987654 0.05859375 0.38348765432098764 0.05078125 0.3800154320987654 0.04774305555555555 0.3734567901234568 0.04774305555555555 0.3626543209876543 0.05164930555555555 0.3618827160493827
1 0.8224826388888888 0.036265432098765434 0.8307291666666666 0.03935185185185185 0.8298611111111112 0.0470679012345679 0.8250868055555556 0.05015432098765432 0.8055555555555556 0.0466820987654321 0.8055555555555556 0.040123456790123455 0.8094618055555556 0.03587962962962963 0.8220486111111112 0.036265432098765434
1 0.4357638888888889 0.09529320987654322 0.4453125 0.09760802469135803 0.453125 0.1087962962962963 0.4483506944444444 0.11959876543209877 0.4422743055555556 0.11959876543209877 0.4375 0.11265432098765432 0.4357638888888889 0.09567901234567901
1 0.4943576388888889 0.06712962962962964 0.4973958333333333 0.07600308641975309 0.4956597222222222 0.08641975308641975 0.4908854166666667 0.08719135802469136 0.4874131944444444 0.08179012345679013 0.4939236111111111 0.06751543209876543
1 0.5394965277777778 0.059027777777777776 0.5416666666666666 0.07253086419753087 0.5364583333333334 0.0798611111111111 0.53125 0.07098765432098765 0.5347222222222222 0.060570987654320986 0.5390625 0.059027777777777776
1 0.5512152777777778 0.05169753086419753 0.5538194444444444 0.05324074074074074 0.5572916666666666 0.050540123456790126 0.55859375 0.052083333333333336 0.5611979166666666 0.060570987654320986 0.5577256944444444 0.06442901234567901 0.5451388888888888 0.06404320987654322 0.5416666666666666 0.06172839506172839 0.5473090277777778 0.05246913580246913 0.55078125 0.05169753086419753
1 0.24913194444444445 0.2662037037037037 0.2521701388888889 0.2689043209876543 0.2456597222222222 0.27314814814814814 0.2404513888888889 0.2800925925925926 0.2300347222222222 0.279320987654321 0.234375 0.2689043209876543 0.24869791666666666 0.2662037037037037
1 0.21484375 0.26851851851851855 0.2269965277777778 0.27276234567901236 0.2282986111111111 0.2762345679012346 0.22569444444444445 0.2797067901234568 0.2152777777777778 0.2785493827160494 0.21006944444444445 0.2689043209876543 0.2144097222222222 0.26851851851851855
1 0.2736545138888889 0.14602623456790123 0.018663194444444444 0.021219135802469136
1 0.2552083333333333 0.1415895061728395 0.2630208333333333 0.15470679012345678 0.2595486111111111 0.15625 0.2504340277777778 0.1550925925925926 0.2547743055555556 0.1419753086419753
1 0.4010416666666667 0.06828703703703703 0.4088541666666667 0.0775462962962963 0.4075520833333333 0.08603395061728394 0.4027777777777778 0.08487654320987655 0.3997395833333333 0.08140432098765432 0.3975694444444444 0.06983024691358025 0.4006076388888889 0.06828703703703703
1 0.3450520833333333 0.062114197530864196 0.3515625 0.06751543209876543 0.3550347222222222 0.07484567901234568 0.3502604166666667 0.08294753086419752 0.3424479166666667 0.08526234567901235 0.3385416666666667 0.08449074074074074 0.3359375 0.0779320987654321 0.3415798611111111 0.07330246913580248 0.3415798611111111 0.06404320987654322 0.3446180555555556 0.062114197530864196
1 0.020399305555555556 0.41898148148148145 0.036458333333333336 0.41975308641975306 0.038628472222222224 0.4270833333333333 0.036458333333333336 0.43171296296296297 0.019097222222222224 0.42862654320987653 0.016493055555555556 0.42322530864197533 0.019965277777777776 0.41898148148148145
1 0.3511284722222222 0.06751543209876543 0.3528645833333333 0.059799382716049385 0.3559027777777778 0.057484567901234566 0.3615451388888889 0.06712962962962964 0.3615451388888889 0.07407407407407407 0.3589409722222222 0.07716049382716049 0.3550347222222222 0.07716049382716049 0.3515625 0.06790123456790123
1 0.4874131944444444 0.03009259259259259 0.4921875 0.03125 0.4947916666666667 0.043209876543209874 0.4930555555555556 0.050540123456790126 0.4861111111111111 0.05015432098765432 0.4874131944444444 0.030478395061728395
1 0.4392361111111111 0.22800925925925927 0.4363810763888889 0.23612538580246914 0.42714756944444443 0.2396929012345679 0.4339722222222222 0.24433063271604935 0.4561631944444444 0.2368827160493827 0.4609375 0.2341820987654321 0.4596354166666667 0.22800925925925927 0.44921875 0.21064814814814814 0.4466145833333333 0.20910493827160495 0.4435763888888889 0.20987654320987653 0.4435763888888889 0.22029320987654322
1 0.46875 0.1423611111111111 0.4674479166666667 0.14351851851851852 0.4678819444444444 0.15046296296296297 0.4700520833333333 0.15239197530864199 0.4765625 0.15123456790123457 0.4782986111111111 0.14737654320987653 0.4713541666666667 0.1423611111111111
1 0.4839409722222222 0.14390432098765432 0.4813368055555556 0.14737654320987653 0.4852430555555556 0.14969135802469136 0.4947916666666667 0.15084876543209877 0.5 0.14776234567901234 0.4952256944444444 0.14351851851851852
1 0.3328993055555556 0.7029320987654321 0.3324652777777778 0.7110339506172839 0.3346354166666667 0.714891975308642 0.3415798611111111 0.7071759259259259 0.3480902777777778 0.714891975308642 0.3567708333333333 0.7087191358024691 0.359375 0.7098765432098766 0.3624131944444444 0.7071759259259259 0.3615451388888889 0.7040895061728395 0.359375 0.7029320987654321 0.3454861111111111 0.7017746913580247
1 0.3198784722222222 0.7052469135802469 0.3181423611111111 0.7137345679012346 0.3229166666666667 0.7133487654320988 0.3237847222222222 0.7106481481481481 0.3268229166666667 0.7110339506172839 0.3285590277777778 0.7133487654320988 0.3333333333333333 0.7098765432098766 0.33203125 0.7025462962962963 0.3216145833333333 0.7029320987654321
1 0.5707465277777778 0.6018518518518519 0.5707465277777778 0.6068672839506173 0.5746527777777778 0.6126543209876543 0.5789930555555556 0.6145833333333334 0.5815972222222222 0.6022376543209876
1 0.5846354166666666 0.6018518518518519 0.5833333333333334 0.6022376543209876 0.5850694444444444 0.6057098765432098 0.5950520833333334 0.6107253086419753 0.5967881944444444 0.6095679012345679 0.5980902777777778 0.6057098765432098 0.5954861111111112 0.6026234567901234
1 0.8311631944444444 0.7091049382716049 0.8333333333333334 0.7137345679012346 0.8368055555555556 0.7133487654320988 0.8359375 0.7094907407407407
1 0.81640625 0.7916666666666666 0.8155381944444444 0.7932098765432098 0.8246527777777778 0.8001543209876543 0.8268229166666666 0.7966820987654321 0.8255208333333334 0.7932098765432098 0.8211805555555556 0.7912808641975309
1 0.7339409722222222 0.9834104938271605 0.7322048611111112 0.9841820987654321 0.7335069444444444 0.9895833333333334 0.7374131944444444 0.9926697530864198 0.7404513888888888 0.9915123456790124 0.7404513888888888 0.9857253086419753
1 0.4188368055555556 0.9930555555555556 0.4171006944444444 0.9996141975308642 0.4405381944444444 0.9996141975308642 0.4388020833333333 0.9915123456790124 0.4366319444444444 0.9903549382716049 0.4214409722222222 0.9895833333333334
1 0.5347222222222222 0.20987654320987653 0.5316840277777778 0.21334876543209877 0.5416666666666666 0.21334876543209877 0.5434027777777778 0.20640432098765432 0.5394965277777778 0.20640432098765432
1 0.4092881944444444 0.27276234567901236 0.4088541666666667 0.27391975308641975 0.4088541666666667 0.2816358024691358 0.4105902777777778 0.2824074074074074 0.4144965277777778 0.2824074074074074 0.4153645833333333 0.2808641975308642 0.4153645833333333 0.2789351851851852 0.4140625 0.27739197530864196 0.4118923611111111 0.27276234567901236 0.4110243055555556 0.27199074074074076