1 0.9157986111111112 0.9606481481481481 0.9262152777777778 0.966820987654321 0.9301215277777778 0.9772376543209876 0.9253472222222222 0.9872685185185185 0.9153645833333334 0.9915123456790124 0.9136284722222222 0.9841820987654321 0.9036458333333334 0.9810956790123457 0.8975694444444444 0.9737654320987654 0.9153645833333334 0.9606481481481481
1 0.8181423611111112 0.9783950617283951 0.8216145833333334 0.9830246913580247 0.8216145833333334 0.9884259259259259 0.8181423611111112 0.9911265432098766 0.8111979166666666 0.9849537037037037 0.8003472222222222 0.9845679012345679 0.8020833333333334 0.9795524691358025 0.8177083333333334 0.9783950617283951
1 0.7330729166666666 0.9841820987654321 0.7391493055555556 0.9841820987654321 0.7417534722222222 0.9872685185185185 0.7408854166666666 0.9918981481481481 0.7369791666666666 0.9930555555555556 0.7339409722222222 0.9903549382716049 0.7330729166666666 0.9845679012345679
1 0.6549479166666666 0.9124228395061729 0.6588541666666666 0.9147376543209876 0.66015625 0.9197530864197531 0.6558159722222222 0.9340277777777778 0.6427951388888888 0.9224537037037037 0.640625 0.9158950617283951 0.6410590277777778 0.9143518518518519 0.6475694444444444 0.9155092592592593 0.6545138888888888 0.9124228395061729
1 0.6263020833333334 0.9074074074074074 0.6310763888888888 0.9104938271604939 0.63671875 0.9054783950617284 0.6419270833333334 0.9066358024691358 0.6449652777777778 0.9166666666666666 0.6414930555555556 0.9251543209876543 0.6393229166666666 0.9251543209876543 0.6371527777777778 0.9193672839506173 0.6258680555555556 0.9112654320987654 0.6258680555555556 0.9077932098765432
1 0.6371527777777778 0.9054783950617284 0.6414930555555556 0.9066358024691358 0.6453993055555556 0.9147376543209876 0.640625 0.9282407407407407 0.6302083333333334 0.9255401234567902 0.6267361111111112 0.9224537037037037 0.6236979166666666 0.9135802469135802 0.6241319444444444 0.9077932098765432 0.6267361111111112 0.9070216049382716 0.6332465277777778 0.910108024691358 0.63671875 0.9058641975308642
1 0.6263020833333334 0.9066358024691358 0.6328125 0.910108024691358 0.6371527777777778 0.90625 0.6414930555555556 0.9074074074074074 0.6440972222222222 0.9158950617283951 0.6410590277777778 0.9274691358024691 0.6267361111111112 0.9274691358024691 0.6245659722222222 0.9255401234567902 0.6215277777777778 0.9147376543209876 0.6232638888888888 0.908179012345679 0.6258680555555556 0.9070216049382716
1 0.6206597222222222 0.9135802469135802 0.6254340277777778 0.9251543209876543 0.6202256944444444 0.935570987654321 0.6171875 0.933641975308642 0.6124131944444444 0.9228395061728395 0.6137152777777778 0.9147376543209876 0.6202256944444444 0.9135802469135802
1 0.6267361111111112 0.9070216049382716 0.6401909722222222 0.9205246913580247 0.640625 0.9255401234567902 0.6228298611111112 0.9286265432098766 0.6193576388888888 0.9251543209876543 0.6167534722222222 0.9290123456790124 0.6124131944444444 0.9216820987654321 0.6128472222222222 0.9178240740740741 0.6263020833333334 0.9070216049382716
1 0.5529513888888888 0.9807098765432098 0.55859375 0.96875 0.5642361111111112 0.964891975308642 0.5672743055555556 0.96875 0.5646701388888888 0.9807098765432098 0.5603298611111112 0.9864969135802469 0.5564236111111112 0.9861111111111112 0.5533854166666666 0.9810956790123457
1 0.5638020833333334 0.9571759259259259 0.5672743055555556 0.9552469135802469 0.5690104166666666 0.9564043209876543 0.5655381944444444 0.964891975308642 0.5542534722222222 0.9753086419753086 0.5473090277777778 0.9753086419753086 0.5438368055555556 0.9737654320987654 0.5434027777777778 0.9710648148148148 0.5460069444444444 0.966820987654321 0.5638020833333334 0.9575617283950617
1 0.6158854166666666 0.7908950617283951 0.6176215277777778 0.7928240740740741 0.6163194444444444 0.8016975308641975 0.6050347222222222 0.7974537037037037 0.6063368055555556 0.7924382716049383 0.6154513888888888 0.7908950617283951
1 0.4500868055555556 0.9664351851851852 0.4518229166666667 0.9702932098765432 0.4505208333333333 0.9772376543209876 0.4422743055555556 0.9845679012345679 0.4388020833333333 0.9841820987654321 0.4405381944444444 0.9699074074074074 0.4440104166666667 0.966820987654321 0.4496527777777778 0.9664351851851852
1 0.4574652777777778 0.9652777777777778 0.4631076388888889 0.9722222222222222 0.4596354166666667 0.9861111111111112 0.4500868055555556 0.9772376543209876 0.4422743055555556 0.9845679012345679 0.4388020833333333 0.9841820987654321 0.44140625 0.9691358024691358 0.4453125 0.9664351851851852 0.45703125 0.9652777777777778
1 0.4266493055555556 0.9907407407407407 0.4266493055555556 0.9996141975308642 0.4171006944444444 0.9996141975308642 0.4201388888888889 0.9911265432098766 0.4262152777777778 0.9907407407407407
1 0.4327256944444444 0.9899691358024691 0.4379340277777778 0.9911265432098766 0.4396701388888889 0.9996141975308642 0.4171006944444444 0.9996141975308642 0.4214409722222222 0.9899691358024691 0.4322916666666667 0.9899691358024691
1 0.8355034722222222 0.7083333333333334 0.8372395833333334 0.7098765432098766 0.8359375 0.7137345679012346 0.8307291666666666 0.7102623456790124 0.8315972222222222 0.7083333333333334 0.8350694444444444 0.7083333333333334
1 0.9631076388888888 0.591820987654321 0.9670138888888888 0.591820987654321 0.9678819444444444 0.5952932098765432 0.9596354166666666 0.6053240740740741 0.9600694444444444 0.6091820987654321 0.9652777777777778 0.6153549382716049 0.9600694444444444 0.6199845679012346 0.9565972222222222 0.6203703703703703 0.9392361111111112 0.6122685185185185 0.93359375 0.6045524691358025 0.9344618055555556 0.5987654320987654 0.9392361111111112 0.5941358024691358 0.9461805555555556 0.5933641975308642 0.9565972222222222 0.5968364197530864 0.9631076388888888 0.5922067901234568
1 0.7588975694444444 0.7079475308641975 0.017795138888888888 0.017746913580246913
1 0.8090277777777778 0.6122685185185185 0.828125 0.6141975308641975 0.8276909722222222 0.6226851851851852 0.8211805555555556 0.6311728395061729 0.8142361111111112 0.6253858024691358 0.8003472222222222 0.6277006172839507 0.7999131944444444 0.6126543209876543 0.80859375 0.6122685185185185
1 0.5299479166666666 0.7920524691358025 0.5447048611111112 0.7997685185185185 0.5447048611111112 0.8036265432098766 0.5394965277777778 0.8101851851851852 0.5299479166666666 0.8125 0.5238715277777778 0.8005401234567902 0.5243055555555556 0.7935956790123457 0.5295138888888888 0.7920524691358025
1 0.5338541666666666 0.7746913580246914 0.5412326388888888 0.779320987654321 0.5425347222222222 0.7827932098765432 0.5399305555555556 0.7878086419753086 0.5368923611111112 0.7885802469135802 0.5260416666666666 0.7881944444444444 0.5208333333333334 0.7827932098765432 0.5256076388888888 0.7758487654320988 0.5334201388888888 0.7746913580246914
1 0.5026041666666666 0.7789351851851852 0.5086805555555556 0.7824074074074074 0.5121527777777778 0.7893518518518519 0.51171875 0.8078703703703703 0.5099826388888888 0.8082561728395061 0.5047743055555556 0.8047839506172839 0.5 0.7928240740740741 0.4991319444444444 0.7804783950617284 0.5021701388888888 0.7789351851851852
1 0.4982638888888889 0.7808641975308642 0.5004340277777778 0.7962962962962963 0.4982638888888889 0.808641975308642 0.4917534722222222 0.8067129629629629 0.4887152777777778 0.7935956790123457 0.4908854166666667 0.7824074074074074 0.4939236111111111 0.7800925925925926 0.4978298611111111 0.7808641975308642
1 0.6927083333333334 0.5756172839506173 0.6987847222222222 0.5829475308641975 0.7096354166666666 0.5879629629629629 0.7096354166666666 0.5906635802469136 0.7026909722222222 0.5952932098765432 0.6827256944444444 0.5960648148148148 0.6783854166666666 0.5933641975308642 0.6749131944444444 0.5856481481481481 0.67578125 0.5817901234567902 0.6922743055555556 0.5756172839506173
1 0.5833333333333334 0.6022376543209876 0.5946180555555556 0.6026234567901234 0.59765625 0.6084104938271605 0.5950520833333334 0.6122685185185185 0.5833333333333334 0.6060956790123457 0.5833333333333334 0.6026234567901234
1 0.5698784722222222 0.6022376543209876 0.5933159722222222 0.6022376543209876 0.5972222222222222 0.6057098765432098 0.5954861111111112 0.6118827160493827 0.5876736111111112 0.6072530864197531 0.5811631944444444 0.6072530864197531 0.5763888888888888 0.6157407407407407 0.57421875 0.6149691358024691 0.5698784722222222 0.6026234567901234
1 0.5698784722222222 0.6022376543209876 0.5815972222222222 0.6022376543209876 0.5824652777777778 0.6041666666666666 0.5768229166666666 0.6157407407407407 0.5733506944444444 0.6134259259259259 0.5698784722222222 0.6026234567901234
1 0.3350694444444444 0.9614197530864198 0.33984375 0.9664351851851852 0.3394097222222222 0.9718364197530864 0.3177083333333333 0.9772376543209876 0.3125 0.9772376543209876 0.3172743055555556 0.96875 0.3246527777777778 0.9633487654320988 0.3346354166666667 0.9614197530864198
1 0.4361979166666667 0.6716820987654321 0.4392361111111111 0.6751543209876543 0.4392361111111111 0.6820987654320988 0.4266493055555556 0.6917438271604939 0.4197048611111111 0.6909722222222222 0.41796875 0.6882716049382716 0.4279513888888889 0.6751543209876543 0.4357638888888889 0.6716820987654321
1 0.2703993055555556 0.9567901234567902 0.2769097222222222 0.964891975308642 0.2756076388888889 0.9737654320987654 0.2725694444444444 0.9772376543209876 0.2690972222222222 0.9768518518518519 0.2677951388888889 0.9699074074074074 0.2651909722222222 0.9675925925925926 0.2495659722222222 0.9695216049382716 0.2456597222222222 0.966820987654321 0.2582465277777778 0.9598765432098766 0.2699652777777778 0.9567901234567902
1 0.2973090277777778 0.8364197530864198 0.3142361111111111 0.8383487654320988 0.3203125 0.841820987654321 0.3038194444444444 0.8665123456790124 0.2999131944444444 0.8638117283950617 0.3012152777777778 0.8452932098765432 0.2955729166666667 0.8387345679012346 0.296875 0.8364197530864198
1 0.3585069444444444 0.7029320987654321 0.3615451388888889 0.7048611111111112 0.3615451388888889 0.7079475308641975 0.3532986111111111 0.7091049382716049 0.3485243055555556 0.714891975308642 0.3450520833333333 0.7133487654320988 0.3433159722222222 0.7044753086419753 0.3580729166666667 0.7029320987654321
1 0.3454861111111111 0.7021604938271605 0.359375 0.7033179012345679 0.3619791666666667 0.7060185185185185 0.359375 0.7091049382716049 0.3532986111111111 0.7094907407407407 0.3489583333333333 0.714891975308642 0.3450520833333333 0.7141203703703703 0.3415798611111111 0.7091049382716049 0.3350694444444444 0.714891975308642 0.3315972222222222 0.7141203703703703 0.3250868055555556 0.7064043209876543 0.33203125 0.7025462962962963 0.3450520833333333 0.7021604938271605
1 0.3567708333333333 0.6759259259259259 0.359375 0.6778549382716049 0.3572048611111111 0.6863425925925926 0.3415798611111111 0.6952160493827161 0.3385416666666667 0.6952160493827161 0.3368055555555556 0.691358024691358 0.3433159722222222 0.6790123456790124 0.3563368055555556 0.6759259259259259
1 0.328125 0.7021604938271605 0.3328993055555556 0.7037037037037037 0.3350694444444444 0.7133487654320988 0.3298611111111111 0.7133487654320988 0.3276909722222222 0.7110339506172839 0.3172743055555556 0.7133487654320988 0.3203125 0.7029320987654321 0.3276909722222222 0.7025462962962963
1 0.3433159722222222 0.7017746913580247 0.3589409722222222 0.7033179012345679 0.3615451388888889 0.7067901234567902 0.359375 0.7087191358024691 0.3537326388888889 0.7087191358024691 0.3519965277777778 0.7133487654320988 0.3485243055555556 0.714891975308642 0.3415798611111111 0.7094907407407407 0.3350694444444444 0.7152777777777778 0.3285590277777778 0.7133487654320988 0.3255208333333333 0.7098765432098766 0.3216145833333333 0.7133487654320988 0.3177083333333333 0.7133487654320988 0.3211805555555556 0.7040895061728395 0.3428819444444444 0.7017746913580247
1 0.3333333333333333 0.6728395061728395 0.33984375 0.6751543209876543 0.3420138888888889 0.6786265432098766 0.3385416666666667 0.6925154320987654 0.3346354166666667 0.6963734567901234 0.3294270833333333 0.6948302469135802 0.3263888888888889 0.6832561728395061 0.328125 0.6732253086419753 0.3328993055555556 0.6728395061728395
1 0.328125 0.6739969135802469 0.3350694444444444 0.6736111111111112 0.3441840277777778 0.6778549382716049 0.3563368055555556 0.6763117283950617 0.359375 0.6786265432098766 0.3537326388888889 0.6890432098765432 0.3420138888888889 0.6959876543209876 0.3311631944444444 0.6967592592592593 0.3263888888888889 0.6832561728395061 0.328125 0.6743827160493827
1 0.2113715277777778 0.9008487654320988 0.21614583333333334 0.9008487654320988 0.22005208333333334 0.9058641975308642 0.22005208333333334 0.9112654320987654 0.21180555555555555 0.9220679012345679 0.20789930555555555 0.9224537037037037 0.2074652777777778 0.9116512345679012 0.2113715277777778 0.9012345679012346
1 0.2048611111111111 0.8950617283950617 0.20963541666666666 0.8985339506172839 0.21006944444444445 0.9039351851851852 0.20616319444444445 0.9093364197530864 0.19270833333333334 0.9185956790123457 0.1974826388888889 0.9008487654320988 0.20442708333333334 0.8950617283950617
1 0.296875 0.6685956790123457 0.3094618055555556 0.6751543209876543 0.3116319444444444 0.6786265432098766 0.3046875 0.6793981481481481 0.2986111111111111 0.6828703703703703 0.2934027777777778 0.6774691358024691 0.2821180555555556 0.6755401234567902 0.2829861111111111 0.6689814814814815 0.2868923611111111 0.6682098765432098 0.29296875 0.6709104938271605 0.2964409722222222 0.6689814814814815
1 0.2864583333333333 0.6685956790123457 0.2921006944444444 0.6712962962962963 0.2990451388888889 0.6697530864197531 0.3111979166666667 0.6786265432098766 0.3012152777777778 0.6840277777777778 0.2938368055555556 0.6948302469135802 0.2868923611111111 0.6925154320987654 0.2795138888888889 0.685570987654321 0.2790798611111111 0.6774691358024691 0.2825520833333333 0.6705246913580247 0.2860243055555556 0.6685956790123457
1 0.13368055555555555 0.9521604938271605 0.1384548611111111 0.9564043209876543 0.13758680555555555 0.9633487654320988 0.1332465277777778 0.9733796296296297 0.1232638888888889 0.9787808641975309 0.1193576388888889 0.9679783950617284 0.12065972222222222 0.9606481481481481 0.1271701388888889 0.9521604938271605 0.1332465277777778 0.9521604938271605
1 0.20399305555555555 0.6790123456790124 0.20833333333333334 0.6820987654320988 0.20833333333333334 0.6882716049382716 0.1974826388888889 0.6979166666666666 0.19270833333333334 0.6971450617283951 0.19227430555555555 0.6940586419753086 0.19618055555555555 0.6832561728395061 0.2035590277777778 0.6790123456790124
1 0.1171875 0.9579475308641975 0.1193576388888889 0.9598765432098766 0.12065972222222222 0.9741512345679012 0.1232638888888889 0.9772376543209876 0.11631944444444445 0.9868827160493827 0.11631944444444445 0.9938271604938271 0.10980902777777778 0.996141975308642 0.10546875 0.996141975308642 0.10243055555555555 0.9918981481481481 0.10546875 0.9795524691358025 0.09895833333333333 0.9745370370370371 0.09852430555555555 0.9702932098765432 0.109375 0.9579475308641975 0.11675347222222222 0.9579475308641975
1 0.11328125 0.7766203703703703 0.11848958333333333 0.7820216049382716 0.1189236111111111 0.7862654320987654 0.1115451388888889 0.8013117283950617 0.1076388888888889 0.8036265432098766 0.1032986111111111 0.8032407407407407 0.10546875 0.7874228395061729 0.11284722222222222 0.7766203703703703
1 0.12586805555555555 0.6797839506172839 0.13020833333333334 0.6932870370370371 0.11631944444444445 0.6963734567901234 0.11414930555555555 0.6940586419753086 0.11631944444444445 0.6817129629629629 0.1193576388888889 0.6786265432098766 0.1254340277777778 0.6797839506172839
1 0.1228298611111111 0.6647376543209876 0.13975694444444445 0.6739969135802469 0.14930555555555555 0.6755401234567902 0.1501736111111111 0.6786265432098766 0.14366319444444445 0.685570987654321 0.1371527777777778 0.6898148148148148 0.1328125 0.689429012345679 0.1271701388888889 0.6751543209876543 0.11762152777777778 0.6682098765432098 0.12239583333333333 0.6651234567901234
1 0.90234375 0.36959876543209874 0.9105902777777778 0.35725308641975306 0.921875 0.3541666666666667 0.9236111111111112 0.3557098765432099 0.9223090277777778 0.3630401234567901 0.9144965277777778 0.373070987654321 0.9079861111111112 0.375 0.9027777777777778 0.3699845679012346
1 0.4427083333333333 0.36689814814814814 0.4470486111111111 0.36766975308641975 0.4526909722222222 0.3784722222222222 0.4513888888888889 0.38310185185185186 0.4457465277777778 0.3873456790123457 0.4279513888888889 0.38773148148148145 0.4088541666666667 0.3800154320987654 0.4110243055555556 0.3765432098765432 0.41796875 0.373070987654321 0.4388020833333333 0.3753858024691358 0.4427083333333333 0.36728395061728397
1 0.2899305555555556 0.4591049382716049 0.2934027777777778 0.4702932098765432 0.2860243055555556 0.4799382716049383 0.2894965277777778 0.49189814814814814 0.2864583333333333 0.49151234567901236 0.2825520833333333 0.4868827160493827 0.2756076388888889 0.4876543209876543 0.2756076388888889 0.48032407407407407 0.2651909722222222 0.48032407407407407 0.2625868055555556 0.47723765432098764 0.2743055555555556 0.46103395061728397 0.2894965277777778 0.4591049382716049
1 0.9357638888888888 0.33603395061728397 0.9392361111111112 0.33526234567901236 0.9405381944444444 0.33796296296296297 0.9375 0.3441358024691358 0.9322916666666666 0.3449074074074074 0.9309895833333334 0.341820987654321 0.9357638888888888 0.33641975308641975
1 0.12413194444444445 0.6655092592592593 0.1388888888888889 0.6736111111111112 0.1488715277777778 0.6751543209876543 0.14973958333333334 0.6770833333333334 0.13975694444444445 0.689429012345679 0.12977430555555555 0.6944444444444444 0.12152777777777778 0.6925154320987654 0.12022569444444445 0.6890432098765432 0.1228298611111111 0.6847993827160493 0.1189236111111111 0.685570987654321 0.11848958333333333 0.6917438271604939 0.11588541666666667 0.6936728395061729 0.11805555555555555 0.6817129629629629 0.1267361111111111 0.6751543209876543 0.11762152777777778 0.6685956790123457 0.1189236111111111 0.6658950617283951 0.12369791666666667 0.6655092592592593
1 0.20616319444444445 0.4340277777777778 0.2170138888888889 0.4378858024691358 0.21961805555555555 0.4417438271604938 0.2170138888888889 0.44483024691358025 0.20789930555555555 0.44598765432098764 0.203125 0.44521604938271603 0.1957465277777778 0.435570987654321 0.20572916666666666 0.4340277777777778
1 0.5416666666666666 0.20640432098765432 0.5407986111111112 0.21334876543209877 0.5316840277777778 0.21296296296296297 0.5412326388888888 0.20640432098765432
1 0.4839409722222222 0.2006172839506173 0.48828125 0.21334876543209877 0.4700520833333333 0.21373456790123457 0.46875 0.21219135802469136 0.4691840277777778 0.20601851851851852 0.4774305555555556 0.2056327160493827 0.4835069444444444 0.2010030864197531
1 0.4500868055555556 0.20833333333333334 0.4544270833333333 0.22145061728395063 0.4609375 0.23070987654320987 0.4605034722222222 0.2345679012345679 0.44140625 0.23765432098765432 0.4322916666666667 0.24266975308641975 0.4305555555555556 0.23919753086419754 0.4353298611111111 0.2341820987654321 0.4340277777777778 0.23070987654320987 0.4405381944444444 0.22530864197530864 0.4453125 0.20910493827160495 0.4496527777777778 0.20833333333333334
1 0.2834201388888889 0.29205246913580246 0.2981770833333333 0.3001543209876543 0.2938368055555556 0.30324074074074076 0.2947048611111111 0.31790123456790126 0.29296875 0.32098765432098764 0.2829861111111111 0.3117283950617284 0.2760416666666667 0.3005401234567901 0.2777777777777778 0.2932098765432099 0.2829861111111111 0.29205246913580246
1 0.18619791666666666 0.37037037037037035 0.20572916666666666 0.3773148148148148 0.2113715277777778 0.38348765432098764 0.21006944444444445 0.3881172839506173 0.19270833333333334 0.3873456790123457 0.1736111111111111 0.3800154320987654 0.17491319444444445 0.3765432098765432 0.1814236111111111 0.3746141975308642 0.1857638888888889 0.37037037037037035
1 0.2634548611111111 0.2808641975308642 0.2686631944444444 0.2839506172839506 0.2747395833333333 0.2935956790123457 0.2743055555555556 0.29976851851851855 0.26953125 0.3028549382716049 0.2647569444444444 0.30092592592592593 0.2608506944444444 0.29475308641975306 0.2586805555555556 0.2824074074074074 0.2630208333333333 0.2808641975308642
1 0.3589409722222222 0.22183641975308643 0.36328125 0.23804012345679013 0.3576388888888889 0.24382716049382716 0.3528645833333333 0.24035493827160495 0.3519965277777778 0.2322530864197531 0.35546875 0.22183641975308643 0.3585069444444444 0.22183641975308643
1 0.9826388888888888 0.15432098765432098 0.9796006944444444 0.14814814814814814 0.9809027777777778 0.14390432098765432 0.9908854166666666 0.13310185185185186 0.9973958333333334 0.13001543209876543 0.9995659722222222 0.13001543209876543 0.9995659722222222 0.1597222222222222 0.9943576388888888 0.16049382716049382 0.9830729166666666 0.15432098765432098
1 0.5572916666666666 0.16126543209876543 0.5690104166666666 0.16473765432098766 0.5607638888888888 0.18016975308641975 0.5512152777777778 0.18248456790123457 0.5455729166666666 0.17592592592592593 0.5481770833333334 0.16820987654320987 0.5568576388888888 0.16165123456790123
1 0.5225694444444444 0.15856481481481483 0.5364583333333334 0.1709104938271605 0.5347222222222222 0.17631172839506173 0.5277777777777778 0.18132716049382716 0.515625 0.17939814814814814 0.5121527777777778 0.1720679012345679 0.5121527777777778 0.16782407407407407 0.5221354166666666 0.15856481481481483
1 0.4787326388888889 0.16280864197530864 0.4817708333333333 0.16435185185185186 0.4852430555555556 0.1732253086419753 0.4852430555555556 0.18209876543209877 0.4700520833333333 0.19174382716049382 0.4661458333333333 0.18904320987654322 0.4683159722222222 0.17824074074074073 0.47265625 0.1724537037037037 0.4743923611111111 0.16473765432098766 0.4782986111111111 0.16280864197530864
1 0.5021701388888888 0.14814814814814814 0.5060763888888888 0.15084876543209877 0.5108506944444444 0.16820987654320987 0.4913194444444444 0.1739969135802469 0.4861111111111111 0.1716820987654321 0.4861111111111111 0.16435185185185186 0.4965277777777778 0.15084876543209877 0.5017361111111112 0.14814814814814814
1 0.4561631944444444 0.1527777777777778 0.4613715277777778 0.1527777777777778 0.4670138888888889 0.1705246913580247 0.4665798611111111 0.17515432098765432 0.4600694444444444 0.18287037037037038 0.453125 0.17515432098765432 0.4518229166666667 0.1709104938271605 0.4561631944444444 0.15316358024691357
1 0.4913194444444444 0.1427469135802469 0.5052083333333334 0.15046296296296297 0.5047743055555556 0.1554783950617284 0.5013020833333334 0.15432098765432098 0.4917534722222222 0.16203703703703703 0.4774305555555556 0.16280864197530864 0.4739583333333333 0.16512345679012347 0.4696180555555556 0.16049382716049382 0.4683159722222222 0.14351851851851852 0.4717881944444444 0.1431327160493827 0.4774305555555556 0.14776234567901234 0.4839409722222222 0.1431327160493827 0.4908854166666667 0.1427469135802469
1 0.4283854166666667 0.16087962962962962 0.4292534722222222 0.16435185185185186 0.4440104166666667 0.17708333333333334 0.4435763888888889 0.18248456790123457 0.4392361111111111 0.1886574074074074 0.4357638888888889 0.19020061728395063 0.4262152777777778 0.18518518518518517 0.4171006944444444 0.17554012345679013 0.41796875 0.1716820987654321 0.42578125 0.1716820987654321 0.4249131944444444 0.16743827160493827 0.4279513888888889 0.16126543209876543
1 0.4092881944444444 0.16435185185185186 0.4118923611111111 0.16859567901234568 0.4053819444444444 0.18209876543209877 0.4014756944444444 0.18479938271604937 0.3988715277777778 0.18209876543209877 0.3993055555555556 0.1697530864197531 0.4040798611111111 0.16473765432098766 0.4088541666666667 0.16435185185185186
1 0.4253472222222222 0.15393518518518517 0.43359375 0.16820987654320987 0.4327256944444444 0.1716820987654321 0.4288194444444444 0.1739969135802469 0.4214409722222222 0.16820987654320987 0.4210069444444444 0.15432098765432098 0.4249131944444444 0.15393518518518517
1 0.4253472222222222 0.15393518518518517 0.4331597222222222 0.16820987654320987 0.4288194444444444 0.1728395061728395 0.4249131944444444 0.1720679012345679 0.4214409722222222 0.16820987654320987 0.4205729166666667 0.15432098765432098 0.4249131944444444 0.15393518518518517
1 0.3971354166666667 0.16782407407407407 0.4058159722222222 0.16435185185185186 0.4114583333333333 0.16589506172839505 0.4053819444444444 0.18209876543209877 0.4014756944444444 0.18479938271604937 0.3897569444444444 0.17824074074074073 0.3901909722222222 0.16358024691358025 0.3940972222222222 0.16358024691358025 0.3967013888888889 0.16782407407407407
1 0.5581597222222222 0.09645061728395062 0.5711805555555556 0.10570987654320987 0.5659722222222222 0.10609567901234568 0.5572916666666666 0.10455246913580248 0.5555555555555556 0.09837962962962964 0.5577256944444444 0.09645061728395062
1 0.4526909722222222 0.11033950617283951 0.4592013888888889 0.11226851851851852 0.4661458333333333 0.11921296296296297 0.4661458333333333 0.12307098765432099 0.4622395833333333 0.125 0.4474826388888889 0.11998456790123457 0.4526909722222222 0.11072530864197531
1 0.5477430555555556 0.07445987654320987 0.5512152777777778 0.0775462962962963 0.55078125 0.08140432098765432 0.5438368055555556 0.08719135802469136 0.5399305555555556 0.08641975308641975 0.5377604166666666 0.0783179012345679 0.54296875 0.07407407407407407 0.5473090277777778 0.07445987654320987
1 0.1154513888888889 0.4409722222222222 0.1232638888888889 0.44135802469135804 0.13368055555555555 0.4529320987654321 0.1501736111111111 0.45601851851851855 0.15147569444444445 0.46103395061728397 0.1488715277777778 0.4691358024691358 0.15494791666666666 0.4737654320987654 0.1545138888888889 0.47723765432098764 0.1462673611111111 0.47183641975308643 0.1401909722222222 0.4710648148148148 0.1332465277777778 0.46566358024691357 0.1228298611111111 0.46412037037037035 0.11588541666666667 0.4533179012345679 0.1154513888888889 0.44135802469135804
1 0.12803819444444445 0.3680555555555556 0.1384548611111111 0.37191358024691357 0.1440972222222222 0.36574074074074076 0.1480034722222222 0.36574074074074076 0.15321180555555555 0.38040123456790126 0.15104166666666666 0.38348765432098764 0.14583333333333334 0.3846450617283951 0.1332465277777778 0.38155864197530864 0.1193576388888889 0.3715277777777778 0.12022569444444445 0.36844135802469136 0.12760416666666666 0.3680555555555556
1 0.0920138888888889 0.3618827160493827 0.10069444444444445 0.36959876543209874 0.10286458333333333 0.3765432098765432 0.1015625 0.38040123456790126 0.08854166666666667 0.3873456790123457 0.08116319444444445 0.3800154320987654 0.07682291666666667 0.36574074074074076 0.078125 0.3626543209876543 0.0915798611111111 0.3618827160493827
1 0.3901909722222222 0.16165123456790123 0.3975694444444444 0.16743827160493827 0.3993055555555556 0.1743827160493827 0.3988715277777778 0.18248456790123457 0.390625 0.18094135802469136 0.3884548611111111 0.1720679012345679 0.3901909722222222 0.16203703703703703
1 0.4422743055555556 0.09683641975308642 0.4470486111111111 0.09876543209876543 0.4535590277777778 0.1091820987654321 0.44921875 0.11844135802469136 0.4457465277777778 0.11998456790123457 0.4392361111111111 0.11728395061728394 0.4375 0.11304012345679013 0.4361979166666667 0.09799382716049383 0.4418402777777778 0.09683641975308642
1 0.6375868055555556 0.056712962962962965 0.640625 0.059799382716049385 0.6410590277777778 0.06751543209876543 0.6336805555555556 0.06751543209876543 0.6293402777777778 0.06442901234567901 0.6297743055555556 0.05709876543209876 0.6371527777777778 0.056712962962962965
1 0.4926215277777778 0.0775462962962963 0.010416666666666666 0.020061728395061727
1 0.02734375 0.7797067901234568 0.038628472222222224 0.7928240740740741 0.029079861111111112 0.7986111111111112 0.020399305555555556 0.7939814814814815 0.013454861111111112 0.7966820987654321 0.010416666666666666 0.7955246913580247 0.009982638888888888 0.7862654320987654 0.026909722222222224 0.7797067901234568
1 0 0.5115740740740741 0.004774305555555556 0.5146604938271605 0.005642361111111111 0.5216049382716049 0.008246527777777778 0.5243055555555556 0.019965277777777776 0.5254629629629629 0.010850694444444444 0.5497685185185185 0.004774305555555556 0.5489969135802469 0 0.5416666666666666 0 0.5119598765432098
1 0.053385416666666664 0.3618827160493827 0.062065972222222224 0.3765432098765432 0.06032986111111111 0.38425925925925924 0.053385416666666664 0.3819444444444444 0.047309027777777776 0.3726851851851852 0.04904513888888889 0.3626543209876543 0.05295138888888889 0.3618827160493827
1 0.022569444444444444 0.41975308641975306 0.03602430555555555 0.4212962962962963 0.038628472222222224 0.4278549382716049 0.03689236111111111 0.43132716049382713 0.018229166666666668 0.42862654320987653 0.017795138888888888 0.4216820987654321 0.022135416666666668 0.41975308641975306
1 0.5364583333333334 0.06925154320987655 0.010416666666666666 0.02199074074074074
1 0.5503472222222222 0.05092592592592592 0.5533854166666666 0.05324074074074074 0.5581597222222222 0.052083333333333336 0.5607638888888888 0.05864197530864197 0.5603298611111112 0.06365740740740741 0.5581597222222222 0.06442901234567901 0.5460069444444444 0.06404320987654322 0.5416666666666666 0.06172839506172839 0.5499131944444444 0.05092592592592592
1 0.2482638888888889 0.2650462962962963 0.2495659722222222 0.2689043209876543 0.2421875 0.279320987654321 0.2365451388888889 0.2808641975308642 0.23046875 0.279320987654321 0.2339409722222222 0.2689043209876543 0.2478298611111111 0.2650462962962963
1 0.2105034722222222 0.26967592592592593 0.2265625 0.27199074074074076 0.2282986111111111 0.27584876543209874 0.22569444444444445 0.2808641975308642 0.2165798611111111 0.2808641975308642 0.21006944444444445 0.27237654320987653 0.2105034722222222 0.2700617283950617
1 0.2560763888888889 0.1423611111111111 0.2634548611111111 0.15432098765432098 0.2534722222222222 0.1566358024691358 0.2504340277777778 0.15432098765432098 0.2556423611111111 0.1423611111111111
1 0.2732204861111111 0.14486882716049382 0.017795138888888888 0.022762345679012346
1 0.4353298611111111 0.060570987654320986 0.4401041666666667 0.06867283950617284 0.4388020833333333 0.07908950617283951 0.4344618055555556 0.0798611111111111 0.4309895833333333 0.07291666666666667 0.4309895833333333 0.06365740740740741 0.4322916666666667 0.06095679012345679 0.4348958333333333 0.06095679012345679
1 0.4038628472222222 0.07677469135802469 0.012586805555555556 0.018518518518518517
1 0.4392361111111111 0.047453703703703706 0.4440104166666667 0.047453703703703706 0.4500868055555556 0.060570987654320986 0.4453125 0.06751543209876543 0.4422743055555556 0.06905864197530864 0.4401041666666667 0.06712962962962964 0.4361979166666667 0.06095679012345679 0.4392361111111111 0.047839506172839504
1 0.3450520833333333 0.0628858024691358 0.3524305555555556 0.07291666666666667 0.3537326388888889 0.0779320987654321 0.3519965277777778 0.08140432098765432 0.3407118055555556 0.08526234567901235 0.3355034722222222 0.0779320987654321 0.3428819444444444 0.07098765432098765 0.3428819444444444 0.06404320987654322 0.3446180555555556 0.06327160493827161
1 0.3450520833333333 0.061342592592592594 0.35546875 0.07445987654320987 0.3524305555555556 0.08101851851851852 0.3485243055555556 0.08333333333333333 0.3407118055555556 0.08140432098765432 0.3450520833333333 0.0779320987654321 0.3415798611111111 0.07445987654320987 0.3420138888888889 0.062114197530864196 0.3446180555555556 0.061342592592592594
1 0.3567708333333333 0.06770833333333333 0.010416666666666666 0.02044753086419753
1 0.4908854166666667 0.03009259259259259 0.4939236111111111 0.03665123456790124 0.4943576388888889 0.047453703703703706 0.4895833333333333 0.05131172839506173 0.4865451388888889 0.05015432098765432 0.4861111111111111 0.041666666666666664 0.4869791666666667 0.030864197530864196 0.4904513888888889 0.03009259259259259
1 0.47265625 0.030864197530864196 0.4787326388888889 0.038580246913580245 0.4774305555555556 0.044753086419753084 0.4652777777777778 0.03973765432098766 0.4657118055555556 0.022376543209876542 0.4696180555555556 0.022376543209876542 0.4722222222222222 0.030864197530864196
1 0.4678819444444444 0.021219135802469136 0.4704861111111111 0.022762345679012346 0.4713541666666667 0.03009259259259259 0.4778645833333333 0.03780864197530864 0.4774305555555556 0.04436728395061729 0.4600694444444444 0.03973765432098766 0.4622395833333333 0.036265432098765434 0.4622395833333333 0.02546296296296296 0.4674479166666667 0.021219135802469136
1 0.4565972222222222 0.019290123456790122 0.4635416666666667 0.025848765432098766 0.4644097222222222 0.03973765432098766 0.4574652777777778 0.03973765432098766 0.4539930555555556 0.03587962962962963 0.4561631944444444 0.019675925925925927
1 0.9409722222222222 0.3279320987654321 0.9427083333333334 0.3402777777777778 0.9522569444444444 0.33912037037037035 0.9587673611111112 0.33603395061728397 0.9561631944444444 0.3306327160493827
1 0.8177083333333334 0.7916666666666666 0.81640625 0.7932098765432098 0.8194444444444444 0.7970679012345679 0.8250868055555556 0.8001543209876543 0.8268229166666666 0.7978395061728395 0.8255208333333334 0.7928240740740741
1 0.3697916666666667 0.35455246913580246 0.3693576388888889 0.3560956790123457 0.3745659722222222 0.3591820987654321 0.37890625 0.3591820987654321 0.3776041666666667 0.35532407407407407
1 0.4075520833333333 0.27507716049382713 0.4075520833333333 0.2816358024691358 0.4140625 0.2820216049382716 0.4144965277777778 0.279320987654321 0.4114583333333333 0.27353395061728397