1 0.8142361111111112 0.9785879629629629 0.8185763888888888 0.9834104938271605 0.8157552083333334 0.9868827160493827 0.7990451388888888 0.9845679012345679 0.8005642361111112 0.9803240740740741 0.8140190972222222 0.9785879629629629
1 0.6510416666666666 0.9137731481481481 0.6577690972222222 0.9203317901234568 0.6569010416666666 0.935570987654321 0.6512586805555556 0.9365354938271605 0.6475694444444444 0.9400077160493827 0.6338975694444444 0.9322916666666666 0.6332465277777778 0.9251543209876543 0.6373697916666666 0.9149305555555556 0.6508246527777778 0.9137731481481481
1 0.6788194444444444 0.8580246913580247 0.6851128472222222 0.8690200617283951 0.6822916666666666 0.8863811728395061 0.6788194444444444 0.8879243827160493 0.6703559027777778 0.8699845679012346 0.6742621527777778 0.8595679012345679 0.6786024305555556 0.8580246913580247
1 0.9529079861111112 0.5871913580246914 0.9585503472222222 0.5920138888888888 0.9565972222222222 0.6039737654320988 0.9635416666666666 0.6172839506172839 0.9605034722222222 0.6190200617283951 0.9563802083333334 0.6178626543209876 0.9322916666666666 0.6024305555555556 0.9357638888888888 0.5883487654320988 0.9392361111111112 0.5881558641975309 0.9427083333333334 0.5927854938271605 0.9526909722222222 0.5873842592592593
1 0.8003472222222222 0.6128472222222222 0.8179253472222222 0.6126543209876543 0.8224826388888888 0.6145833333333334 0.8250868055555556 0.6201774691358025 0.8172743055555556 0.6228780864197531 0.8140190972222222 0.6309799382716049 0.8094618055555556 0.6257716049382716 0.8003472222222222 0.6278935185185185 0.7977430555555556 0.6267361111111112 0.802734375 0.6199845679012346 0.8005642361111112 0.6130401234567902
1 0.9481336805555556 0.35127314814814814 0.9594184027777778 0.35300925925925924 0.9672309027777778 0.3591820987654321 0.9661458333333334 0.3620756172839506 0.9563802083333334 0.3636188271604938 0.953125 0.3715277777777778 0.94921875 0.3699845679012346 0.9427083333333334 0.3582175925925926 0.9427083333333334 0.3524305555555556 0.9479166666666666 0.35127314814814814
1 0.6404079861111112 0.9029706790123457 0.6404079861111112 0.9141589506172839 0.6304253472222222 0.923804012345679 0.6265190972222222 0.921875 0.6278211805555556 0.9114583333333334 0.6369357638888888 0.9031635802469136 0.6401909722222222 0.9029706790123457
1 0.5407986111111112 0.9592978395061729 0.5631510416666666 0.9672067901234568 0.5642361111111112 0.9701003086419753 0.556640625 0.9762731481481481 0.546875 0.9909336419753086 0.5440538194444444 0.9915123456790124 0.5440538194444444 0.9704861111111112 0.5375434027777778 0.9602623456790124 0.5405815972222222 0.9592978395061729
1 0.6866319444444444 0.5777391975308642 0.6961805555555556 0.5806327160493827 0.7020399305555556 0.5850694444444444 0.705078125 0.5920138888888888 0.7000868055555556 0.595679012345679 0.6786024305555556 0.5925925925925926 0.6775173611111112 0.5815972222222222 0.6820746527777778 0.5775462962962963 0.6864149305555556 0.5777391975308642
1 0.8174913194444444 0.03510802469135803 0.8309461805555556 0.03993055555555555 0.8296440972222222 0.04764660493827161 0.8246527777777778 0.05015432098765432 0.8053385416666666 0.0466820987654321 0.8070746527777778 0.038580246913580245 0.8140190972222222 0.034722222222222224 0.8172743055555556 0.03510802469135803
1 0.4227430555555556 0.9893904320987654 0.435546875 0.9913194444444444 0.4318576388888889 0.9998070987654321 0.4194878472222222 0.9998070987654321 0.4171006944444444 0.9911265432098766 0.4225260416666667 0.9893904320987654
1 0.439453125 0.9627700617283951 0.4440104166666667 0.9673996913580247 0.4483506944444444 0.9809027777777778 0.4450954861111111 0.982445987654321 0.4390190972222222 0.9799382716049383 0.4333767361111111 0.9828317901234568 0.4255642361111111 0.9702932098765432 0.4259982638888889 0.966820987654321 0.4290364583333333 0.9631558641975309 0.4392361111111111 0.9627700617283951
1 0.5054253472222222 0.7783564814814815 0.5091145833333334 0.7797067901234568 0.5121527777777778 0.7849151234567902 0.5106336805555556 0.8034336419753086 0.4993489583333333 0.8090277777777778 0.4958767361111111 0.8072916666666666 0.4908854166666667 0.7939814814814815 0.4913194444444444 0.7881944444444444 0.4943576388888889 0.7824074074074074 0.5052083333333334 0.7783564814814815
1 0.5383029513888888 0.6872106481481481 0.025390625 0.01832561728395062
1 0.3255208333333333 0.9596836419753086 0.3365885416666667 0.9635416666666666 0.3404947916666667 0.9670138888888888 0.3389756944444444 0.9741512345679012 0.3350694444444444 0.9764660493827161 0.3285590277777778 0.9743441358024691 0.3203125 0.9749228395061729 0.3155381944444444 0.9708719135802469 0.3207465277777778 0.9600694444444444 0.3253038194444444 0.9596836419753086
1 0.5826822916666666 0.6083140432098766 0.026475694444444444 0.01253858024691358
1 0.4424913194444444 0.6714891975308642 0.4457465277777778 0.6745756172839507 0.4461805555555556 0.6807484567901234 0.4331597222222222 0.6911651234567902 0.427734375 0.6888503086419753 0.4264322916666667 0.6857638888888888 0.435546875 0.6728395061728395 0.4422743055555556 0.6714891975308642
1 0.2586805555555556 0.9533179012345679 0.2621527777777778 0.9533179012345679 0.2662760416666667 0.9625771604938271 0.2651909722222222 0.9673996913580247 0.2584635416666667 0.9745370370370371 0.2549913194444444 0.9749228395061729 0.2530381944444444 0.966820987654321 0.2586805555555556 0.9535108024691358
1 0.3109809027777778 0.8321759259259259 0.3159722222222222 0.8352623456790124 0.3179253472222222 0.8460648148148148 0.3157552083333333 0.8489583333333334 0.3075086805555556 0.8512731481481481 0.3025173611111111 0.8489583333333334 0.3025173611111111 0.8452932098765432 0.3064236111111111 0.8350694444444444 0.3107638888888889 0.8321759259259259
1 0.3322482638888889 0.7023533950617284 0.3426649305555556 0.7065972222222222 0.3383246527777778 0.7096836419753086 0.3413628472222222 0.7133487654320988 0.3348524305555556 0.7143132716049383 0.3309461805555556 0.7119984567901234 0.3187934027777778 0.7156635802469136 0.314453125 0.7156635802469136 0.3138020833333333 0.7135416666666666 0.3194444444444444 0.7104552469135802 0.3220486111111111 0.7037037037037037 0.33203125 0.7023533950617284
1 0.3322482638888889 0.6726466049382716 0.3394097222222222 0.6799768518518519 0.3409288194444444 0.6932870370370371 0.3352864583333333 0.6971450617283951 0.3311631944444444 0.6961805555555556 0.3257378472222222 0.6824845679012346 0.328125 0.6743827160493827 0.33203125 0.6726466049382716
1 0.21375868055555555 0.8913966049382716 0.21940104166666666 0.8939043209876543 0.2204861111111111 0.8987268518518519 0.2170138888888889 0.9037422839506173 0.2105034722222222 0.9066358024691358 0.205078125 0.904320987654321 0.20421006944444445 0.8973765432098766 0.21354166666666666 0.8913966049382716
1 0.2625868055555556 0.7764274691358025 0.2658420138888889 0.7789351851851852 0.267578125 0.7870370370370371 0.2645399305555556 0.8038194444444444 0.2621527777777778 0.8065200617283951 0.2545572916666667 0.8038194444444444 0.2536892361111111 0.7893518518518519 0.2554253472222222 0.7827932098765432 0.2623697916666667 0.7764274691358025
1 0.20008680555555555 0.8962191358024691 0.20421006944444445 0.9000771604938271 0.20638020833333334 0.9153163580246914 0.1996527777777778 0.9122299382716049 0.19249131944444445 0.9137731481481481 0.19444444444444445 0.8987268518518519 0.19986979166666666 0.8962191358024691
1 0.2966579861111111 0.6626157407407407 0.3138020833333333 0.6707175925925926 0.3146701388888889 0.6749614197530864 0.3138020833333333 0.6797839506172839 0.2983940972222222 0.6799768518518519 0.2934027777777778 0.6849922839506173 0.2901475694444444 0.6842206790123457 0.2803819444444444 0.6678240740740741 0.2827690972222222 0.6658950617283951 0.2890625 0.6697530864197531 0.2934027777777778 0.669945987654321 0.2966579861111111 0.6628086419753086
1 0.2109375 0.6736111111111112 0.22005208333333334 0.6753472222222222 0.22178819444444445 0.6820987654320988 0.21006944444444445 0.6925154320987654 0.20225694444444445 0.6917438271604939 0.20203993055555555 0.6840277777777778 0.19661458333333334 0.6780478395061729 0.2107204861111111 0.6736111111111112
1 0.2899305555555556 0.45891203703703703 0.2966579861111111 0.466820987654321 0.2970920138888889 0.47087191358024694 0.2934027777777778 0.47781635802469136 0.287109375 0.4818672839506173 0.2864583333333333 0.48919753086419754 0.2819010416666667 0.48726851851851855 0.2736545138888889 0.4739583333333333 0.2727864583333333 0.4675925925925926 0.2762586805555556 0.46026234567901236 0.2897135416666667 0.45891203703703703
1 0.24110243055555555 0.4288194444444444 0.2437065972222222 0.44521604938271603 0.234375 0.44579475308641975 0.2306857638888889 0.44405864197530864 0.234375 0.4340277777777778 0.2378472222222222 0.42959104938271603 0.24110243055555555 0.42901234567901236
1 0.4503038194444444 0.22241512345679013 0.4594184027777778 0.22743055555555555 0.4602864583333333 0.2318672839506173 0.4594184027777778 0.23746141975308643 0.4542100694444444 0.24035493827160495 0.4529079861111111 0.24537037037037038 0.4496527777777778 0.24710648148148148 0.4435763888888889 0.2353395061728395 0.4368489583333333 0.23051697530864199 0.4442274305555556 0.22376543209876543 0.4500868055555556 0.22241512345679013
1 0.48828125 0.2023533950617284 0.4906684027777778 0.203125 0.4900173611111111 0.21219135802469136 0.4835069444444444 0.21373456790123457 0.4791666666666667 0.21334876543209877 0.48046875 0.20987654320987653 0.4880642361111111 0.2023533950617284
1 0.14453125 0.6778549382716049 0.14778645833333334 0.6792052469135802 0.14713541666666666 0.6863425925925926 0.130859375 0.6961805555555556 0.1267361111111111 0.6959876543209876 0.1291232638888889 0.6834490740740741 0.1391059027777778 0.6780478395061729 0.1443142361111111 0.6778549382716049
1 0.1898871527777778 0.3697916666666667 0.20247395833333334 0.3759645061728395 0.20789930555555555 0.38329475308641975 0.20594618055555555 0.3869598765432099 0.19639756944444445 0.3904320987654321 0.19270833333333334 0.3900462962962963 0.18359375 0.38310185185185186 0.1896701388888889 0.3697916666666667
1 0.2842881944444444 0.2916666666666667 0.2897135416666667 0.2932098765432099 0.2990451388888889 0.3005401234567901 0.2829861111111111 0.310570987654321 0.2751736111111111 0.3080632716049383 0.265625 0.3132716049382716 0.2641059027777778 0.3107638888888889 0.2747395833333333 0.294945987654321 0.2840711805555556 0.2916666666666667
1 0.2688802083333333 0.2804783950617284 0.2743055555555556 0.2932098765432099 0.2730034722222222 0.3011188271604938 0.265625 0.30304783950617287 0.2619357638888889 0.2970679012345679 0.2638888888888889 0.283179012345679 0.2686631944444444 0.2806712962962963
1 0.11328125 0.6711033950617284 0.12825520833333334 0.6709104938271605 0.13736979166666666 0.6655092592592593 0.13975694444444445 0.675733024691358 0.1267361111111111 0.6859567901234568 0.11957465277777778 0.6819058641975309 0.1134982638888889 0.6751543209876543 0.1130642361111111 0.6711033950617284
1 0.13975694444444445 0.36844135802469136 0.15321180555555555 0.37982253086419754 0.15147569444444445 0.38599537037037035 0.14735243055555555 0.3873456790123457 0.140625 0.3854166666666667 0.12608506944444445 0.3732638888888889 0.13411458333333334 0.3663194444444444 0.1371527777777778 0.36593364197530864 0.13953993055555555 0.36844135802469136
1 0.4702690972222222 0.21412037037037038 0.4600694444444444 0.20640432098765432 0.4672309027777778 0.203125 0.4735243055555556 0.21006944444444445 0.4733072916666667 0.21334876543209877 0.4704861111111111 0.21392746913580246
1 0.5648871527777778 0.16319444444444445 0.56640625 0.16531635802469136 0.5631510416666666 0.17862654320987653 0.55078125 0.1840277777777778 0.5464409722222222 0.18209876543209877 0.544921875 0.17496141975308643 0.5538194444444444 0.16628086419753085 0.5646701388888888 0.16319444444444445
1 0.5062934027777778 0.16338734567901234 0.5154079861111112 0.16435185185185186 0.5212673611111112 0.171875 0.5225694444444444 0.17978395061728394 0.5164930555555556 0.18209876543209877 0.498046875 0.17457561728395063 0.4971788194444444 0.1716820987654321 0.5017361111111112 0.16512345679012347 0.5060763888888888 0.16338734567901234
1 0.4609375 0.16473765432098766 0.4672309027777778 0.16724537037037038 0.4696180555555556 0.1724537037037037 0.4670138888888889 0.17727623456790123 0.4581163194444444 0.18016975308641975 0.4522569444444444 0.17920524691358025 0.4494357638888889 0.17515432098765432 0.4529079861111111 0.16724537037037038 0.4607204861111111 0.16473765432098766
1 0.4366319444444444 0.1712962962962963 0.4474826388888889 0.17804783950617284 0.4479166666666667 0.18344907407407407 0.431640625 0.18595679012345678 0.4255642361111111 0.18942901234567902 0.4229600694444444 0.18904320987654322 0.4227430555555556 0.1861496913580247 0.4251302083333333 0.17978395061728394 0.4307725694444444 0.171875 0.4364149305555556 0.1712962962962963
1 0.4253472222222222 0.16010802469135801 0.4322916666666667 0.16165123456790123 0.4342447916666667 0.16473765432098766 0.4314236111111111 0.16820987654320987 0.4312065972222222 0.17515432098765432 0.4255642361111111 0.18113425925925927 0.4216579861111111 0.17939814814814814 0.4197048611111111 0.1739969135802469 0.4229600694444444 0.16145833333333334 0.4251302083333333 0.16010802469135801
1 0.5746527777777778 0.09606481481481481 0.5755208333333334 0.10300925925925926 0.5718315972222222 0.10590277777777778 0.5611979166666666 0.10455246913580248 0.5594618055555556 0.09837962962962964 0.560546875 0.09645061728395062 0.5744357638888888 0.09606481481481481
1 0.408203125 0.16628086419753085 0.4114583333333333 0.16801697530864199 0.4108072916666667 0.1716820987654321 0.4045138888888889 0.18229166666666666 0.3997395833333333 0.1849922839506173 0.3940972222222222 0.18229166666666666 0.3958333333333333 0.17515432098765432 0.4079861111111111 0.16628086419753085
1 0.3902994791666667 0.17370756172839505 0.010633680555555556 0.01986882716049383
1 0.4546440972222222 0.11496913580246913 0.4637586805555556 0.11554783950617284 0.4709201388888889 0.10609567901234568 0.4737413194444444 0.10609567901234568 0.4748263888888889 0.1091820987654321 0.4748263888888889 0.11998456790123457 0.470703125 0.12654320987654322 0.45703125 0.12885802469135801 0.4524739583333333 0.12692901234567902 0.4496527777777778 0.12133487654320987 0.4503038194444444 0.11766975308641975 0.4544270833333333 0.11496913580246913
1 0.026041666666666668 0.7797067901234568 0.04014756944444445 0.8003472222222222 0.04014756944444445 0.8042052469135802 0.03125 0.8038194444444444 0.024956597222222224 0.8001543209876543 0.021484375 0.7822145061728395 0.022569444444444444 0.7797067901234568 0.025824652777777776 0.7797067901234568
1 0.07508680555555555 0.3643904320987654 0.09635416666666667 0.3809799382716049 0.0954861111111111 0.3873456790123457 0.08875868055555555 0.39351851851851855 0.07465277777777778 0.3784722222222222 0.07183159722222222 0.36921296296296297 0.07486979166666667 0.3643904320987654
1 0.546875 0.07388117283950617 0.5512152777777778 0.0779320987654321 0.5533854166666666 0.08429783950617284 0.5516493055555556 0.08738425925925926 0.5475260416666666 0.08834876543209877 0.5407986111111112 0.08680555555555555 0.5381944444444444 0.08159722222222222 0.5466579861111112 0.07388117283950617
1 0.4772135416666667 0.07253086419753087 0.4845920138888889 0.0779320987654321 0.4919704861111111 0.0783179012345679 0.4915364583333333 0.08680555555555555 0.4733072916666667 0.08854166666666667 0.4769965277777778 0.07272376543209877
1 0.5466579861111112 0.05941358024691358 0.5492621527777778 0.0642361111111111 0.5464409722222222 0.07388117283950617 0.5401475694444444 0.08043981481481481 0.5353732638888888 0.08140432098765432 0.533203125 0.07465277777777778 0.5431857638888888 0.05960648148148148 0.5464409722222222 0.05960648148148148
1 0.5538194444444444 0.050347222222222224 0.5557725694444444 0.06404320987654322 0.5499131944444444 0.06442901234567901 0.5453559027777778 0.057484567901234566 0.5455729166666666 0.05381944444444445 0.5536024305555556 0.050540123456790126
1 0.4014756944444444 0.06867283950617284 0.404296875 0.07156635802469136 0.4051649305555556 0.0775462962962963 0.4047309027777778 0.08487654320987655 0.4014756944444444 0.08680555555555555 0.3975694444444444 0.08584104938271606 0.3960503472222222 0.08236882716049383 0.3975694444444444 0.06905864197530864 0.4012586805555556 0.06867283950617284
1 0.3498263888888889 0.07330246913580248 0.3548177083333333 0.0763888888888889 0.3548177083333333 0.08140432098765432 0.3517795138888889 0.08468364197530864 0.3452690972222222 0.08603395061728394 0.3370225694444444 0.08506944444444445 0.3328993055555556 0.08140432098765432 0.3324652777777778 0.0779320987654321 0.3383246527777778 0.07388117283950617 0.349609375 0.07330246913580248
1 0.24869791666666666 0.2652391975308642 0.24500868055555555 0.2808641975308642 0.23741319444444445 0.2795138888888889 0.22526041666666666 0.2829861111111111 0.2202690972222222 0.2818287037037037 0.216796875 0.2716049382716049 0.22764756944444445 0.2706404320987654 0.23763020833333334 0.27411265432098764 0.24153645833333334 0.2652391975308642 0.2484809027777778 0.2652391975308642
1 0.4539930555555556 0.0470679012345679 0.4594184027777778 0.05150462962962963 0.4633246527777778 0.047453703703703706 0.4659288194444444 0.05709876543209876 0.4652777777777778 0.06442901234567901 0.45703125 0.06886574074074074 0.4513888888888889 0.06751543209876543 0.4494357638888889 0.061535493827160496 0.451171875 0.048804012345679014 0.4537760416666667 0.0470679012345679
1 0.2109375 0.06385030864197531 0.2172309027777778 0.06577932098765432 0.21961805555555555 0.07040895061728394 0.2191840277777778 0.078125 0.21354166666666666 0.08236882716049383 0.20963541666666666 0.08121141975308642 0.2052951388888889 0.07118055555555555 0.20594618055555555 0.06442901234567901 0.2107204861111111 0.06385030864197531
1 0.4930555555555556 0.033179012345679014 0.4954427083333333 0.036265432098765434 0.4947916666666667 0.05073302469135803 0.4915364583333333 0.05324074074074074 0.4861111111111111 0.05092592592592592 0.4848090277777778 0.03973765432098766 0.4880642361111111 0.03414351851851852 0.4928385416666667 0.033179012345679014
1 0.4674479166666667 0.022183641975308643 0.4772135416666667 0.026234567901234566 0.4787326388888889 0.032407407407407406 0.4776475694444444 0.03973765432098766 0.4674479166666667 0.044174382716049385 0.4626736111111111 0.041859567901234566 0.4596354166666667 0.03452932098765432 0.4609375 0.029513888888888888 0.4672309027777778 0.022183641975308643
1 0.4110243055555556 0.3726851851851852 0.4105902777777778 0.3732638888888889 0.4151475694444444 0.38040123456790126 0.4168836805555556 0.3873456790123457 0.4205729166666667 0.390625 0.4249131944444444 0.3915895061728395 0.4288194444444444 0.3912037037037037 0.4368489583333333 0.3863811728395062 0.4379340277777778 0.38406635802469136 0.4379340277777778 0.37982253086419754 0.4353298611111111 0.3759645061728395 0.421875 0.37017746913580246 0.4144965277777778 0.3707561728395062
1 0.3055555555555556 0.35108024691358025 0.3042534722222222 0.3524305555555556 0.3062065972222222 0.3591820987654321 0.3072916666666667 0.3597608024691358 0.3114149305555556 0.3591820987654321 0.3122829861111111 0.357445987654321 0.3122829861111111 0.35223765432098764 0.3083767361111111 0.3506944444444444
1 0.4097222222222222 0.2795138888888889 0.4086371527777778 0.2827932098765432 0.4108072916666667 0.283179012345679 0.4253472222222222 0.2829861111111111 0.4266493055555556 0.2795138888888889 0.4251302083333333 0.27584876543209874 0.4216579861111111 0.27141203703703703 0.4149305555555556 0.2725694444444444 0.4114583333333333 0.2762345679012346
1 0.1169704861111111 0.44695216049382713 0.11675347222222222 0.45003858024691357 0.11848958333333333 0.4565972222222222 0.12152777777777778 0.46315586419753085 0.1304253472222222 0.4702932098765432 0.13346354166666666 0.47183641975308643 0.13671875 0.4712577160493827 0.13736979166666666 0.470679012345679 0.1371527777777778 0.4681712962962963 0.1330295138888889 0.45968364197530864 0.1306423611111111 0.44521604938271603 0.12999131944444445 0.44463734567901236 0.12369791666666667 0.44502314814814814 0.11957465277777778 0.44309413580246915
1 0.1293402777777778 0.4645061728395062 0.12890625 0.4672067901234568 0.13020833333333334 0.47087191358024694 0.13346354166666666 0.4731867283950617 0.1371527777777778 0.4731867283950617 0.1484375 0.4689429012345679 0.15104166666666666 0.46566358024691357 0.15169270833333334 0.46026234567901236 0.1501736111111111 0.45775462962962965 0.14713541666666666 0.4565972222222222 0.130859375 0.4627700617283951
1 0.021701388888888888 0.4168595679012346 0.021701388888888888 0.423804012345679 0.022786458333333332 0.42901234567901236 0.032769097222222224 0.4322916666666667 0.039713541666666664 0.43287037037037035 0.04405381944444445 0.4322916666666667 0.04383680555555555 0.4288194444444444 0.037760416666666664 0.4185956790123457 0.03624131944444445 0.41724537037037035 0.032769097222222224 0.41608796296296297 0.025607638888888888 0.41570216049382713 0.022786458333333332 0.41473765432098764
1 0.1171875 0.7926311728395061 0.1169704861111111 0.8005401234567902 0.11827256944444445 0.8034336419753086 0.11979166666666667 0.8040123456790124 0.123046875 0.8024691358024691 0.12434895833333333 0.7964891975308642 0.12999131944444445 0.7868441358024691 0.12977430555555555 0.7829861111111112 0.1267361111111111 0.779320987654321 0.12369791666666667 0.7785493827160493 0.11805555555555555 0.779320987654321
1 0.10850694444444445 0.7843364197530864 0.107421875 0.7972608024691358 0.1056857638888889 0.800733024691358 0.1056857638888889 0.8045910493827161 0.11284722222222222 0.8040123456790124 0.11480034722222222 0.8018904320987654 0.11762152777777778 0.7905092592592593 0.1174045138888889 0.779320987654321 0.11631944444444445 0.7783564814814815 0.11263020833333333 0.7783564814814815 0.11046006944444445 0.7800925925925926
1 0.1328125 0.9699074074074074 0.13346354166666666 0.972608024691358 0.1369357638888889 0.9755015432098766 0.140625 0.9747299382716049 0.14171006944444445 0.9735725308641975 0.142578125 0.9702932098765432 0.140625 0.96875 0.1362847222222222 0.9685570987654321 0.13389756944444445 0.9689429012345679
1 0.77734375 0.9826388888888888 0.7771267361111112 0.984375 0.7795138888888888 0.9893904320987654 0.7829861111111112 0.9911265432098766 0.7842881944444444 0.988233024691358 0.7836371527777778 0.9828317901234568 0.7795138888888888 0.9807098765432098
1 0.822265625 0.9785879629629629 0.822265625 0.9818672839506173 0.8244357638888888 0.9861111111111112 0.8279079861111112 0.9851466049382716 0.8285590277777778 0.9809027777777778 0.8274739583333334 0.9783950617283951 0.8240017361111112 0.9776234567901234
1 0.6265190972222222 0.7895447530864198 0.6276041666666666 0.7932098765432098 0.6286892361111112 0.7941743827160493 0.6373697916666666 0.8001543209876543 0.6404079861111112 0.8011188271604939 0.6414930555555556 0.8003472222222222 0.6421440972222222 0.7943672839506173 0.6404079861111112 0.7912808641975309 0.6369357638888888 0.7908950617283951 0.6334635416666666 0.7891589506172839 0.6302083333333334 0.7885802469135802
1 0.6041666666666666 0.7937885802469136 0.6043836805555556 0.7978395061728395 0.60546875 0.7986111111111112 0.6091579861111112 0.7986111111111112 0.6124131944444444 0.7934027777777778 0.6119791666666666 0.7907021604938271 0.611328125 0.7899305555555556 0.6087239583333334 0.7897376543209876 0.6059027777777778 0.7912808641975309
1 0.5707465277777778 0.7922453703703703 0.5703125 0.7935956790123457 0.5709635416666666 0.7947530864197531 0.57421875 0.7974537037037037 0.578125 0.7970679012345679 0.58203125 0.7951388888888888 0.5846354166666666 0.7961033950617284 0.5865885416666666 0.7959104938271605 0.5894097222222222 0.7937885802469136 0.5883246527777778 0.7918595679012346 0.5857204861111112 0.7908950617283951 0.5744357638888888 0.7903163580246914
1 0.6273871527777778 0.05709876543209876 0.6267361111111112 0.06095679012345679 0.6278211805555556 0.06327160493827161 0.6278211805555556 0.06751543209876543 0.6299913194444444 0.07098765432098765 0.6371527777777778 0.07098765432098765 0.6434461805555556 0.06963734567901235 0.6447482638888888 0.06520061728395062 0.6438802083333334 0.056712962962962965 0.6401909722222222 0.057484567901234566 0.6297743055555556 0.05555555555555555
1 0.2510850694444444 0.15239197530864199 0.2502170138888889 0.1554783950617284 0.2515190972222222 0.15817901234567902 0.2732204861111111 0.1587577160493827 0.2795138888888889 0.1574074074074074 0.2823350694444444 0.15470679012345678 0.2803819444444444 0.15065586419753085 0.2766927083333333 0.14949845679012347 0.2549913194444444 0.14853395061728394
1 0.2840711805555556 0.10474537037037036 0.2834201388888889 0.10590277777777778 0.2892795138888889 0.10860339506172839 0.2916666666666667 0.10821759259259259 0.2931857638888889 0.10609567901234568 0.2897135416666667 0.10223765432098765 0.2864583333333333 0.10262345679012345