1 0.9184027777777778 0.9616126543209876 0.9251302083333334 0.9672067901234568 0.9288194444444444 0.9772376543209876 0.9201388888888888 0.9799382716049383 0.9192708333333334 0.9880401234567902 0.9114583333333334 0.9955632716049383 0.9079861111111112 0.9942129629629629 0.8984375 0.9704861111111112 0.9077690972222222 0.9683641975308642 0.9131944444444444 0.9623842592592593 0.9181857638888888 0.9616126543209876
1 0.6512586805555556 0.9133873456790124 0.6577690972222222 0.9203317901234568 0.6573350694444444 0.935570987654321 0.6508246527777778 0.9359567901234568 0.6475694444444444 0.9396219135802469 0.6438802083333334 0.939429012345679 0.6349826388888888 0.9328703703703703 0.6345486111111112 0.9288194444444444 0.6401909722222222 0.9160879629629629 0.6510416666666666 0.9133873456790124
1 0.6786024305555556 0.8576388888888888 0.6848958333333334 0.8680555555555556 0.6820746527777778 0.8858024691358025 0.6792534722222222 0.8881172839506173 0.6705729166666666 0.8699845679012346 0.6720920138888888 0.8628472222222222 0.6753472222222222 0.8582175925925926 0.6783854166666666 0.8576388888888888
1 0.5397135416666666 0.9581404320987654 0.544921875 0.9621913580246914 0.5575086805555556 0.9646990740740741 0.5633680555555556 0.9699074074074074 0.5466579861111112 0.9911265432098766 0.5436197916666666 0.9918981481481481 0.5438368055555556 0.9701003086419753 0.5373263888888888 0.9600694444444444 0.5394965277777778 0.9581404320987654
1 0.4229600694444444 0.9891975308641975 0.4359809027777778 0.9913194444444444 0.4322916666666667 0.9949845679012346 0.4320746527777778 0.9998070987654321 0.4194878472222222 0.9998070987654321 0.4168836805555556 0.9911265432098766 0.4227430555555556 0.9891975308641975
1 0.4342447916666667 0.9612268518518519 0.4442274305555556 0.9672067901234568 0.4483506944444444 0.980516975308642 0.4463975694444444 0.9828317901234568 0.4409722222222222 0.9820601851851852 0.4390190972222222 0.9772376543209876 0.4364149305555556 0.9816743827160493 0.4322916666666667 0.9826388888888888 0.4309895833333333 0.9810956790123457 0.4253472222222222 0.9691358024691358 0.4286024305555556 0.9633487654320988 0.4340277777777778 0.9612268518518519
1 0.9370659722222222 0.5875771604938271 0.943359375 0.5931712962962963 0.9466145833333334 0.5933641975308642 0.9529079861111112 0.5883487654320988 0.9609375 0.5920138888888888 0.9559461805555556 0.6049382716049383 0.9578993055555556 0.6107253086419753 0.9639756944444444 0.6161265432098766 0.9600694444444444 0.6199845679012346 0.9327256944444444 0.6024305555555556 0.9368489583333334 0.5875771604938271
1 0.5052083333333334 0.7781635802469136 0.5093315972222222 0.7798996913580247 0.5123697916666666 0.7860725308641975 0.5086805555555556 0.8057484567901234 0.5047743055555556 0.8063271604938271 0.5021701388888888 0.8005401234567902 0.5004340277777778 0.7827932098765432 0.5049913194444444 0.7783564814814815
1 0.4991319444444444 0.7806712962962963 0.5028211805555556 0.7858796296296297 0.5034722222222222 0.8038194444444444 0.5017361111111112 0.8088348765432098 0.4989149305555556 0.8097993827160493 0.4945746527777778 0.8080632716049383 0.4908854166666667 0.7937885802469136 0.4932725694444444 0.7829861111111112 0.4989149305555556 0.7806712962962963
1 0.3352864583333333 0.9629629629629629 0.3400607638888889 0.966820987654321 0.3404947916666667 0.970679012345679 0.3350694444444444 0.9760802469135802 0.3279079861111111 0.9729938271604939 0.3209635416666667 0.9747299382716049 0.3153211805555556 0.9708719135802469 0.3179253472222222 0.9646990740740741 0.3274739583333333 0.9621913580246914 0.3350694444444444 0.9629629629629629
1 0.8153211805555556 0.6124614197530864 0.8200954861111112 0.6149691358024691 0.8231336805555556 0.6232638888888888 0.8177083333333334 0.6240354938271605 0.8140190972222222 0.6305941358024691 0.8072916666666666 0.6251929012345679 0.8009982638888888 0.6277006172839507 0.7975260416666666 0.6263503086419753 0.8023003472222222 0.6197916666666666 0.7990451388888888 0.6128472222222222 0.8151041666666666 0.6124614197530864
1 0.6875 0.5779320987654321 0.6974826388888888 0.5815972222222222 0.7048611111111112 0.5883487654320988 0.7042100694444444 0.5922067901234568 0.6994357638888888 0.5951003086419753 0.689453125 0.5920138888888888 0.6822916666666666 0.59375 0.6779513888888888 0.5920138888888888 0.6779513888888888 0.5810185185185185 0.6822916666666666 0.5775462962962963 0.6872829861111112 0.5779320987654321
1 0.546875 0.6780478395061729 0.5505642361111112 0.6811342592592593 0.5486111111111112 0.6892361111111112 0.5301649305555556 0.6961805555555556 0.525390625 0.6957947530864198 0.5258246527777778 0.6915509259259259 0.5364583333333334 0.6819058641975309 0.5466579861111112 0.6780478395061729
1 0.6041666666666666 0.6026234567901234 0.6119791666666666 0.6057098765432098 0.5848524305555556 0.607445987654321 0.5785590277777778 0.6145833333333334 0.5696614583333334 0.6057098765432098 0.5700954861111112 0.6024305555555556 0.6039496527777778 0.6026234567901234
1 0.4405381944444444 0.6714891975308642 0.4455295138888889 0.6741898148148148 0.4466145833333333 0.6799768518518519 0.4333767361111111 0.6909722222222222 0.4251302083333333 0.6857638888888888 0.4290364583333333 0.6838348765432098 0.4351128472222222 0.6732253086419753 0.4403211805555556 0.6714891975308642
1 0.2643229166666667 0.9567901234567902 0.2734375 0.9623842592592593 0.2725694444444444 0.9716435185185185 0.2690972222222222 0.972608024691358 0.2619357638888889 0.9691358024691358 0.2552083333333333 0.9751157407407407 0.2521701388888889 0.9670138888888888 0.2534722222222222 0.9635416666666666 0.2586805555555556 0.9577546296296297 0.2641059027777778 0.9567901234567902
1 0.3120659722222222 0.8342978395061729 0.3170572916666667 0.8387345679012346 0.3179253472222222 0.845679012345679 0.3075086805555556 0.8518518518518519 0.3003472222222222 0.8483796296296297 0.3064236111111111 0.8352623456790124 0.3118489583333333 0.8342978395061729
1 0.3368055555555556 0.7029320987654321 0.3372395833333333 0.7135416666666666 0.3307291666666667 0.7118055555555556 0.3181423611111111 0.7154706790123457 0.3138020833333333 0.7133487654320988 0.3194444444444444 0.7104552469135802 0.3233506944444444 0.7027391975308642 0.3365885416666667 0.7029320987654321
1 0.341796875 0.6649305555555556 0.3478732638888889 0.671875 0.3487413194444444 0.6788194444444444 0.3409288194444444 0.683641975308642 0.3413628472222222 0.6934799382716049 0.3357204861111111 0.6965663580246914 0.3313802083333333 0.6956018518518519 0.3263888888888889 0.6786265432098766 0.3350694444444444 0.6687885802469136 0.3415798611111111 0.6649305555555556
1 0.21375868055555555 0.8902391975308642 0.2191840277777778 0.8937114197530864 0.2202690972222222 0.8977623456790124 0.21028645833333334 0.9083719135802469 0.20616319444444445 0.9045138888888888 0.2048611111111111 0.8973765432098766 0.2087673611111111 0.8908179012345679 0.21354166666666666 0.8902391975308642
1 0.2619357638888889 0.7777777777777778 0.2677951388888889 0.7862654320987654 0.2619357638888889 0.8076774691358025 0.2586805555555556 0.8082561728395061 0.2560763888888889 0.8049768518518519 0.2536892361111111 0.7899305555555556 0.2573784722222222 0.7795138888888888 0.26171875 0.7779706790123457
1 0.20008680555555555 0.8964120370370371 0.2046440972222222 0.9008487654320988 0.20638020833333334 0.9149305555555556 0.1996527777777778 0.9122299382716049 0.19270833333333334 0.9133873456790124 0.1918402777777778 0.9116512345679012 0.19422743055555555 0.8979552469135802 0.19986979166666666 0.8964120370370371
1 0.2975260416666667 0.6626157407407407 0.3142361111111111 0.671875 0.3142361111111111 0.6788194444444444 0.3001302083333333 0.6795910493827161 0.2934027777777778 0.6834490740740741 0.2899305555555556 0.6824845679012346 0.2808159722222222 0.6682098765432098 0.2829861111111111 0.6670524691358025 0.2864583333333333 0.6697530864197531 0.2931857638888889 0.669945987654321 0.2973090277777778 0.6626157407407407
1 0.21028645833333334 0.6734182098765432 0.21983506944444445 0.6753472222222222 0.22200520833333334 0.6820987654320988 0.2133246527777778 0.6905864197530864 0.20811631944444445 0.6925154320987654 0.20247395833333334 0.6923225308641975 0.2016059027777778 0.6832561728395061 0.19661458333333334 0.6776620370370371 0.21006944444444445 0.6734182098765432
1 0.2901475694444444 0.45717592592592593 0.29296875 0.45891203703703703 0.2973090277777778 0.4704861111111111 0.2936197916666667 0.47685185185185186 0.2866753472222222 0.4807098765432099 0.2866753472222222 0.4893904320987654 0.28125 0.4861111111111111 0.2736545138888889 0.4737654320987654 0.2732204861111111 0.46315586419753085 0.2760416666666667 0.45987654320987653 0.2829861111111111 0.46045524691358025 0.2899305555555556 0.45717592592592593
1 0.2280815972222222 0.42862654320987653 0.2322048611111111 0.43614969135802467 0.2417534722222222 0.4427083333333333 0.24131944444444445 0.44598765432098764 0.22721354166666666 0.4444444444444444 0.2230902777777778 0.43209876543209874 0.22786458333333334 0.42862654320987653
1 0.4535590277777778 0.22299382716049382 0.4596354166666667 0.22723765432098766 0.4598524305555556 0.2355324074074074 0.4503038194444444 0.24729938271604937 0.4435763888888889 0.2353395061728395 0.4366319444444444 0.23070987654320987 0.4444444444444444 0.22376543209876543 0.4533420138888889 0.22299382716049382
1 0.4895833333333333 0.2029320987654321 0.4893663194444444 0.21315586419753085 0.4811197916666667 0.21392746913580246 0.478515625 0.21334876543209877 0.48046875 0.20987654320987653 0.4865451388888889 0.203125 0.4893663194444444 0.2029320987654321
1 0.4670138888888889 0.2023533950617284 0.4735243055555556 0.21006944444444445 0.4728732638888889 0.21334876543209877 0.4670138888888889 0.21315586419753085 0.4611545138888889 0.20698302469135801 0.466796875 0.2025462962962963
1 0.5648871527777778 0.16319444444444445 0.5666232638888888 0.16493055555555555 0.5629340277777778 0.17881944444444445 0.5509982638888888 0.18383487654320987 0.546875 0.18248456790123457 0.544921875 0.17901234567901234 0.546875 0.1724537037037037 0.5538194444444444 0.16608796296296297 0.5646701388888888 0.16319444444444445
1 0.5141059027777778 0.16415895061728394 0.5225694444444444 0.17418981481481483 0.5225694444444444 0.17997685185185186 0.5190972222222222 0.18209876543209877 0.5121527777777778 0.18171296296296297 0.5002170138888888 0.17515432098765432 0.5030381944444444 0.16473765432098766 0.5138888888888888 0.16415895061728394
1 0.4359809027777778 0.1707175925925926 0.447265625 0.17689043209876543 0.4476996527777778 0.18383487654320987 0.4318576388888889 0.18595679012345678 0.4253472222222222 0.18942901234567902 0.4225260416666667 0.18904320987654322 0.4249131944444444 0.17901234567901234 0.4305555555555556 0.1711033950617284 0.4357638888888889 0.1707175925925926
1 0.4253472222222222 0.16049382716049382 0.4322916666666667 0.16145833333333334 0.4344618055555556 0.16473765432098766 0.4305555555555556 0.1753472222222222 0.4253472222222222 0.18209876543209877 0.4197048611111111 0.1753472222222222 0.4205729166666667 0.16801697530864199 0.4251302083333333 0.16049382716049382
1 0.4090711805555556 0.16666666666666666 0.4112413194444444 0.16820987654320987 0.4108072916666667 0.1714891975308642 0.4045138888888889 0.18287037037037038 0.4010416666666667 0.18518518518518517 0.3971354166666667 0.18518518518518517 0.3940972222222222 0.18229166666666666 0.3958333333333333 0.17515432098765432 0.4088541666666667 0.16666666666666666
1 0.5728081597222222 0.1011766975308642 0.012803819444444444 0.010223765432098766
1 0.4772135416666667 0.10648148148148148 0.4772135416666667 0.11921296296296297 0.4735243055555556 0.12364969135802469 0.4670138888888889 0.12654320987654322 0.4520399305555556 0.12827932098765432 0.4490017361111111 0.12249228395061729 0.4496527777777778 0.11284722222222222 0.4635416666666667 0.11516203703703703 0.4769965277777778 0.10667438271604938
1 0.546875 0.0763888888888889 0.5542534722222222 0.08198302469135803 0.5544704861111112 0.08757716049382716 0.5514322916666666 0.08892746913580248 0.5397135416666666 0.08603395061728394 0.5384114583333334 0.08121141975308642 0.5431857638888888 0.07677469135802469 0.5466579861111112 0.0763888888888889
1 0.2829861111111111 0.2918595679012346 0.2897135416666667 0.29301697530864196 0.298828125 0.3003472222222222 0.2918836805555556 0.30536265432098764 0.2805989583333333 0.32060185185185186 0.2788628472222222 0.32137345679012347 0.2762586805555556 0.31790123456790126 0.2760416666666667 0.29822530864197533 0.2786458333333333 0.2935956790123457 0.2827690972222222 0.29205246913580246
1 0.1892361111111111 0.3699845679012346 0.20638020833333334 0.3800154320987654 0.2065972222222222 0.3869598765432099 0.20030381944444445 0.388695987654321 0.18229166666666666 0.3836805555555556 0.185546875 0.3707561728395062 0.1890190972222222 0.3699845679012346
1 0.2690972222222222 0.2808641975308642 0.2747395833333333 0.2932098765432099 0.2747395833333333 0.2966820987654321 0.2690972222222222 0.30401234567901236 0.2654079861111111 0.30324074074074076 0.26171875 0.29552469135802467 0.2643229166666667 0.28337191358024694 0.2688802083333333 0.2808641975308642
1 0.11675347222222222 0.7785493827160493 0.12000868055555555 0.7824074074074074 0.11783854166666667 0.8013117283950617 0.11631944444444445 0.8036265432098766 0.10590277777777778 0.8057484567901234 0.1091579861111111 0.7820216049382716 0.11263020833333333 0.7787422839506173 0.11653645833333333 0.7785493827160493
1 0.14171006944444445 0.6774691358024691 0.14713541666666666 0.6790123456790124 0.14713541666666666 0.6857638888888888 0.1440972222222222 0.6890432098765432 0.1362847222222222 0.6909722222222222 0.1284722222222222 0.6961805555555556 0.12630208333333334 0.6959876543209876 0.12803819444444445 0.6892361111111112 0.12608506944444445 0.6842206790123457 0.14149305555555555 0.6774691358024691
1 0.11284722222222222 0.6707175925925926 0.1265190972222222 0.6712962962962963 0.13368055555555555 0.6668595679012346 0.1369357638888889 0.6672453703703703 0.13932291666666666 0.6743827160493827 0.1382378472222222 0.6784336419753086 0.1265190972222222 0.6859567901234568 0.123046875 0.685570987654321 0.1134982638888889 0.6751543209876543 0.11263020833333333 0.6709104938271605
1 0.13780381944444445 0.36593364197530864 0.1525607638888889 0.3784722222222222 0.1527777777777778 0.38387345679012347 0.1486545138888889 0.3871527777777778 0.140625 0.38522376543209874 0.126953125 0.3732638888888889 0.12890625 0.3697916666666667 0.13758680555555555 0.36593364197530864
1 0.026041666666666668 0.779320987654321 0.038628472222222224 0.8001543209876543 0.029513888888888888 0.8024691358024691 0.022352430555555556 0.7951388888888888 0.021484375 0.7827932098765432 0.022569444444444444 0.7797067901234568 0.025824652777777776 0.779320987654321
1 0.076171875 0.36477623456790126 0.09874131944444445 0.37808641975308643 0.09765625 0.3836805555555556 0.0920138888888889 0.3913966049382716 0.08854166666666667 0.3908179012345679 0.08333333333333333 0.38503086419753085 0.07660590277777778 0.38290895061728397 0.072265625 0.3697916666666667 0.0724826388888889 0.36612654320987653 0.0759548611111111 0.36477623456790126
1 0.240234375 0.26157407407407407 0.2465277777777778 0.2652391975308642 0.2437065972222222 0.27237654320987653 0.2445746527777778 0.2802854938271605 0.24131944444444445 0.28337191358024694 0.22374131944444445 0.2802854938271605 0.2209201388888889 0.2762345679012346 0.22374131944444445 0.2700617283950617 0.234375 0.2613811728395062 0.2400173611111111 0.26157407407407407
1 0.3904079861111111 0.16338734567901234 0.3953993055555556 0.1743827160493827 0.3938802083333333 0.18248456790123457 0.3891059027777778 0.18325617283950618 0.3856336805555556 0.17824074074074073 0.3869357638888889 0.16454475308641975 0.3901909722222222 0.16358024691358025
1 0.5436197916666666 0.0628858024691358 0.5473090277777778 0.06442901234567901 0.5470920138888888 0.07098765432098765 0.5447048611111112 0.0777391975308642 0.5399305555555556 0.08256172839506173 0.5342881944444444 0.08101851851851852 0.5329861111111112 0.07368827160493827 0.5434027777777778 0.0628858024691358
1 0.4774305555555556 0.07368827160493827 0.4841579861111111 0.0777391975308642 0.4919704861111111 0.078125 0.4928385416666667 0.08314043209876543 0.4908854166666667 0.08680555555555555 0.4741753472222222 0.08931327160493827 0.4739583333333333 0.07445987654320987 0.4772135416666667 0.07368827160493827
1 0.4016927083333333 0.06886574074074074 0.4045138888888889 0.07291666666666667 0.4053819444444444 0.08294753086419752 0.4010416666666667 0.08661265432098765 0.3967013888888889 0.08449074074074074 0.3960503472222222 0.0775462962962963 0.3977864583333333 0.07060185185185185 0.4014756944444444 0.06886574074074074
1 0.3489583333333333 0.07233796296296297 0.353515625 0.07465277777777778 0.3543836805555556 0.08179012345679013 0.3509114583333333 0.08506944444444445 0.3422309027777778 0.08622685185185185 0.3335503472222222 0.08236882716049383 0.3326822916666667 0.07716049382716049 0.3383246527777778 0.07349537037037036 0.3487413194444444 0.07233796296296297
1 0 0.5119598765432098 0.001953125 0.5121527777777778 0.0078125 0.5233410493827161 0.022569444444444444 0.5229552469135802 0.026258680555555556 0.5254629629629629 0.022352430555555556 0.5439814814814815 0.015625 0.543016975308642 0.008897569444444444 0.5378086419753086 0 0.5395447530864198 0 0.5121527777777778
1 0.4537760416666667 0.0470679012345679 0.4565972222222222 0.04976851851851852 0.4635416666666667 0.047453703703703706 0.4650607638888889 0.05092592592592592 0.4657118055555556 0.06404320987654322 0.4578993055555556 0.06886574074074074 0.4518229166666667 0.06751543209876543 0.4496527777777778 0.06114969135802469 0.4509548611111111 0.048996913580246916 0.4535590277777778 0.0470679012345679
1 0.4917534722222222 0.03298611111111111 0.4952256944444444 0.03665123456790124 0.4947916666666667 0.050540123456790126 0.4917534722222222 0.05304783950617284 0.4867621527777778 0.052083333333333336 0.484375 0.04378858024691358 0.4861111111111111 0.036458333333333336 0.4915364583333333 0.03298611111111111
1 0.4691840277777778 0.022569444444444444 0.4769965277777778 0.025270061728395063 0.4789496527777778 0.032214506172839504 0.4772135416666667 0.03993055555555555 0.4704861111111111 0.04378858024691358 0.4624565972222222 0.04050925925925926 0.4594184027777778 0.03356481481481482 0.4654947916666667 0.022955246913580248 0.4689670138888889 0.022569444444444444
1 0.41015625 0.37287808641975306 0.4147135416666667 0.37962962962962965 0.4162326388888889 0.3873456790123457 0.4181857638888889 0.3894675925925926 0.4240451388888889 0.3910108024691358 0.4279513888888889 0.3912037037037037 0.4320746527777778 0.38850308641975306 0.4357638888888889 0.3871527777777778 0.4368489583333333 0.38580246913580246 0.4379340277777778 0.3836805555555556 0.4375 0.3802083333333333 0.4361979166666667 0.3765432098765432 0.4342447916666667 0.3751929012345679 0.4279513888888889 0.3742283950617284 0.4190538194444444 0.37114197530864196 0.4138454861111111 0.37114197530864196