1 0.8146701388888888 0.9785879629629629 0.8185763888888888 0.9822530864197531 0.8177083333333334 0.9876543209876543 0.8079427083333334 0.9857253086419753 0.8001302083333334 0.9870756172839507 0.7986111111111112 0.9847608024691358 0.8003472222222222 0.9795524691358025 0.814453125 0.9785879629629629
1 0.9565972222222222 0.589891975308642 0.9602864583333334 0.5943287037037037 0.9565972222222222 0.6082175925925926 0.9639756944444444 0.6161265432098766 0.9600694444444444 0.6195987654320988 0.9357638888888888 0.6037808641975309 0.9329427083333334 0.5993441358024691 0.9357638888888888 0.5935570987654321 0.9453125 0.5939429012345679 0.953125 0.5895061728395061 0.9563802083333334 0.589891975308642
1 0.8129340277777778 0.6122685185185185 0.8209635416666666 0.6130401234567902 0.8255208333333334 0.6161265432098766 0.8246527777777778 0.621141975308642 0.8185763888888888 0.6234567901234568 0.8174913194444444 0.6294367283950617 0.8148871527777778 0.6302083333333334 0.810546875 0.6265432098765432 0.8009982638888888 0.6282793209876543 0.7990451388888888 0.626929012345679 0.802734375 0.6197916666666666 0.7994791666666666 0.6163194444444444 0.7999131944444444 0.6128472222222222 0.8127170138888888 0.6122685185185185
1 0.9405381944444444 0.3277391975308642 0.9459635416666666 0.33024691358024694 0.9576822916666666 0.3298611111111111 0.962890625 0.33796296296296297 0.9756944444444444 0.33912037037037035 0.9739583333333334 0.34510030864197533 0.9670138888888888 0.3506944444444444 0.947265625 0.35358796296296297 0.9420572916666666 0.3524305555555556 0.9435763888888888 0.3454861111111111 0.9381510416666666 0.3420138888888889 0.9340277777777778 0.3315972222222222 0.9351128472222222 0.3277391975308642 0.9403211805555556 0.3277391975308642
1 0.6371527777777778 0.9039351851851852 0.6388888888888888 0.9110725308641975 0.6421440972222222 0.9137731481481481 0.6510416666666666 0.9133873456790124 0.6573350694444444 0.9182098765432098 0.65625 0.935570987654321 0.6458333333333334 0.9396219135802469 0.6336805555555556 0.9334490740740741 0.6334635416666666 0.9209104938271605 0.6297743055555556 0.9112654320987654 0.634765625 0.9114583333333334 0.6334635416666666 0.9077932098765432 0.6369357638888888 0.9041280864197531
1 0.6788194444444444 0.8580246913580247 0.6831597222222222 0.8626543209876543 0.6853298611111112 0.8694058641975309 0.6809895833333334 0.8879243827160493 0.6779513888888888 0.8869598765432098 0.6705729166666666 0.8701774691358025 0.671875 0.8626543209876543 0.6753472222222222 0.8584104938271605 0.6786024305555556 0.8580246913580247
1 0.5397135416666666 0.9581404320987654 0.5457899305555556 0.9627700617283951 0.564453125 0.9670138888888888 0.5640190972222222 0.9704861111111112 0.5564236111111112 0.9762731481481481 0.5470920138888888 0.9903549382716049 0.5431857638888888 0.9911265432098766 0.5438368055555556 0.9699074074074074 0.5386284722222222 0.9633487654320988 0.5375434027777778 0.9594907407407407 0.5394965277777778 0.9583333333333334
1 0.4266493055555556 0.9897762345679012 0.4359809027777778 0.9915123456790124 0.4359809027777778 0.9998070987654321 0.4188368055555556 0.9998070987654321 0.4173177083333333 0.9911265432098766 0.4264322916666667 0.9897762345679012
1 0.4329427083333333 0.9606481481481481 0.4390190972222222 0.9625771604938271 0.4442274305555556 0.9672067901234568 0.4485677083333333 0.980516975308642 0.4463975694444444 0.9828317901234568 0.4407552083333333 0.9818672839506173 0.4390190972222222 0.9776234567901234 0.4357638888888889 0.9818672839506173 0.4309895833333333 0.9810956790123457 0.4253472222222222 0.9697145061728395 0.4288194444444444 0.9627700617283951 0.4327256944444444 0.9606481481481481
1 0.4995659722222222 0.7806712962962963 0.5028211805555556 0.7827932098765432 0.5054253472222222 0.8036265432098766 0.5026041666666666 0.8080632716049383 0.4984809027777778 0.8097993827160493 0.4947916666666667 0.8080632716049383 0.4906684027777778 0.7908950617283951 0.4934895833333333 0.7829861111111112 0.4993489583333333 0.7806712962962963
1 0.3315972222222222 0.9621913580246914 0.3402777777777778 0.966820987654321 0.3404947916666667 0.9702932098765432 0.3348524305555556 0.9764660493827161 0.328125 0.9724151234567902 0.3205295138888889 0.9749228395061729 0.3148871527777778 0.9704861111111112 0.3172743055555556 0.9670138888888888 0.3313802083333333 0.9621913580246914
1 0.5473090277777778 0.6782407407407407 0.55078125 0.6817129629629629 0.548828125 0.6888503086419753 0.5305989583333334 0.6961805555555556 0.5256076388888888 0.6959876543209876 0.5256076388888888 0.6923225308641975 0.5368923611111112 0.6817129629629629 0.5470920138888888 0.6782407407407407
1 0.58203125 0.6016589506172839 0.5950520833333334 0.6018518518518519 0.6011284722222222 0.6039737654320988 0.6059027777777778 0.6120756172839507 0.6056857638888888 0.6163194444444444 0.6022135416666666 0.6149691358024691 0.5970052083333334 0.6080246913580247 0.5900607638888888 0.6060956790123457 0.5796440972222222 0.6066743827160493 0.578125 0.6155478395061729 0.5690104166666666 0.6057098765432098 0.5690104166666666 0.6024305555555556 0.5818142361111112 0.6016589506172839
1 0.443359375 0.6720679012345679 0.4463975694444444 0.6805555555555556 0.4329427083333333 0.6911651234567902 0.4275173611111111 0.6857638888888888 0.4312065972222222 0.6788194444444444 0.4359809027777778 0.6726466049382716 0.4431423611111111 0.6720679012345679
1 0.2643229166666667 0.9571759259259259 0.2727864583333333 0.9610339506172839 0.2730034722222222 0.9704861111111112 0.2688802083333333 0.972608024691358 0.2621527777777778 0.96875 0.2554253472222222 0.9749228395061729 0.2521701388888889 0.9670138888888888 0.2536892361111111 0.9635416666666666 0.2586805555555556 0.9581404320987654 0.2641059027777778 0.9571759259259259
1 0.3129340277777778 0.8342978395061729 0.3174913194444444 0.8369984567901234 0.3177083333333333 0.8414351851851852 0.3107638888888889 0.8501157407407407 0.3029513888888889 0.8489583333333334 0.3031684027777778 0.841820987654321 0.3064236111111111 0.8356481481481481 0.3127170138888889 0.8342978395061729
1 0.6859809027777778 0.5777391975308642 0.7035590277777778 0.5858410493827161 0.7035590277777778 0.5906635802469136 0.6968315972222222 0.5945216049382716 0.689453125 0.5914351851851852 0.6825086805555556 0.59375 0.6781684027777778 0.5920138888888888 0.677734375 0.5815972222222222 0.6812065972222222 0.578125 0.6857638888888888 0.5777391975308642
1 0.333984375 0.7025462962962963 0.3381076388888889 0.7054398148148148 0.3387586805555556 0.7135416666666666 0.3311631944444444 0.7116126543209876 0.3174913194444444 0.7154706790123457 0.3142361111111111 0.7152777777777778 0.3138020833333333 0.7133487654320988 0.3194444444444444 0.7104552469135802 0.3229166666666667 0.703125 0.3337673611111111 0.7025462962962963
1 0.3420138888888889 0.6658950617283951 0.34765625 0.6716820987654321 0.3474392361111111 0.6770833333333334 0.33984375 0.6853780864197531 0.3411458333333333 0.6950231481481481 0.3352864583333333 0.6967592592592593 0.3309461805555556 0.6959876543209876 0.326171875 0.6788194444444444 0.3361545138888889 0.6682098765432098 0.341796875 0.6658950617283951
1 0.2584635416666667 0.7785493827160493 0.2621527777777778 0.7779706790123457 0.2677951388888889 0.7860725308641975 0.2619357638888889 0.8070987654320988 0.2575954861111111 0.8074845679012346 0.2549913194444444 0.8016975308641975 0.25390625 0.7872299382716049 0.2584635416666667 0.7787422839506173
1 0.296875 0.6630015432098766 0.3142361111111111 0.6709104938271605 0.3142361111111111 0.6790123456790124 0.2994791666666667 0.6797839506172839 0.2934027777777778 0.6834490740740741 0.2899305555555556 0.6830632716049383 0.2805989583333333 0.6682098765432098 0.2827690972222222 0.6668595679012346 0.2864583333333333 0.6697530864197531 0.2931857638888889 0.6703317901234568 0.2957899305555556 0.6684027777777778 0.2966579861111111 0.6631944444444444
1 0.2109375 0.673804012345679 0.2202690972222222 0.6753472222222222 0.22200520833333334 0.6822916666666666 0.21028645833333334 0.6925154320987654 0.20247395833333334 0.6915509259259259 0.2016059027777778 0.6830632716049383 0.1968315972222222 0.6778549382716049 0.2107204861111111 0.673804012345679
1 0.2923177083333333 0.4583333333333333 0.2970920138888889 0.4702932098765432 0.2936197916666667 0.47723765432098764 0.2868923611111111 0.48128858024691357 0.2864583333333333 0.4888117283950617 0.2808159722222222 0.4866898148148148 0.2736545138888889 0.4739583333333333 0.2723524305555556 0.4650848765432099 0.2760416666666667 0.46026234567901236 0.2921006944444444 0.4583333333333333
1 0.22743055555555555 0.42901234567901236 0.232421875 0.43614969135802467 0.2419704861111111 0.4427083333333333 0.2419704861111111 0.44598765432098764 0.22721354166666666 0.4444444444444444 0.22330729166666666 0.4322916666666667 0.22721354166666666 0.42920524691358025
1 0.4496527777777778 0.22260802469135801 0.4581163194444444 0.22608024691358025 0.4602864583333333 0.23070987654320987 0.4592013888888889 0.23746141975308643 0.4544270833333333 0.24054783950617284 0.4524739583333333 0.24537037037037038 0.4496527777777778 0.24729938271604937 0.4437934027777778 0.2355324074074074 0.4366319444444444 0.23070987654320987 0.4444444444444444 0.22376543209876543 0.4494357638888889 0.22280092592592593
1 0.2853732638888889 0.29205246913580246 0.2957899305555556 0.296875 0.2986111111111111 0.3005401234567901 0.2758246527777778 0.3184799382716049 0.2723524305555556 0.3177083333333333 0.2756076388888889 0.2957175925925926 0.2786458333333333 0.2924382716049383 0.28515625 0.29205246913580246
1 0.185546875 0.3697916666666667 0.1892361111111111 0.3699845679012346 0.19596354166666666 0.3748070987654321 0.2016059027777778 0.3751929012345679 0.20789930555555555 0.38310185185185186 0.20616319444444445 0.3871527777777778 0.1996527777777778 0.388695987654321 0.18272569444444445 0.38445216049382713 0.185546875 0.3699845679012346
1 0.2690972222222222 0.2810570987654321 0.2747395833333333 0.29301697530864196 0.2734375 0.2991898148148148 0.2690972222222222 0.30401234567901236 0.2634548611111111 0.30092592592592593 0.2615017361111111 0.2941743827160494 0.2641059027777778 0.28433641975308643 0.2688802083333333 0.2810570987654321
1 0.1169704861111111 0.7785493827160493 0.1265190972222222 0.7795138888888888 0.12977430555555555 0.7864583333333334 0.12217881944444445 0.8036265432098766 0.10655381944444445 0.8051697530864198 0.10503472222222222 0.8036265432098766 0.1091579861111111 0.7827932098765432 0.11197916666666667 0.779320987654321 0.11675347222222222 0.7785493827160493
1 0.14149305555555555 0.6778549382716049 0.14735243055555555 0.6793981481481481 0.14735243055555555 0.685570987654321 0.12760416666666666 0.6963734567901234 0.12608506944444445 0.6956018518518519 0.1284722222222222 0.6886574074074074 0.12630208333333334 0.683641975308642 0.14127604166666666 0.6778549382716049
1 0.1369357638888889 0.6672453703703703 0.13932291666666666 0.6745756172839507 0.1382378472222222 0.6786265432098766 0.1267361111111111 0.6838348765432098 0.11848958333333333 0.6799768518518519 0.11176215277777778 0.6716820987654321 0.12608506944444445 0.6712962962962963 0.13671875 0.6672453703703703
1 0.13736979166666666 0.36574074074074076 0.15234375 0.3782793209876543 0.1527777777777778 0.3836805555555556 0.1486545138888889 0.3871527777777778 0.140625 0.38483796296296297 0.1265190972222222 0.3732638888888889 0.13346354166666666 0.3663194444444444 0.1371527777777778 0.36574074074074076
1 0.4889322916666667 0.2029320987654321 0.4911024305555556 0.20543981481481483 0.4895833333333333 0.21334876543209877 0.4817708333333333 0.21392746913580246 0.4789496527777778 0.21334876543209877 0.48046875 0.20987654320987653 0.4887152777777778 0.2029320987654321
1 0.5646701388888888 0.16338734567901234 0.5666232638888888 0.16531635802469136 0.5629340277777778 0.17881944444444445 0.5509982638888888 0.18364197530864199 0.546875 0.18229166666666666 0.544921875 0.17881944444444445 0.546875 0.1724537037037037 0.5536024305555556 0.16608796296296297 0.564453125 0.16338734567901234
1 0.5119357638888888 0.16358024691358025 0.5193142361111112 0.16820987654320987 0.5227864583333334 0.17515432098765432 0.5223524305555556 0.18036265432098766 0.5121527777777778 0.18209876543209877 0.4973958333333333 0.17496141975308643 0.4956597222222222 0.1714891975308642 0.5002170138888888 0.16473765432098766 0.51171875 0.16377314814814814
1 0.4611545138888889 0.16435185185185186 0.4676649305555556 0.16743827160493827 0.4700520833333333 0.171875 0.466796875 0.17650462962962962 0.4602864583333333 0.18016975308641975 0.4524739583333333 0.17939814814814814 0.4490017361111111 0.17515432098765432 0.4526909722222222 0.16763117283950618 0.4609375 0.16435185185185186
1 0.4346788194444444 0.1707175925925926 0.4444444444444444 0.17476851851851852 0.4481336805555556 0.18229166666666666 0.4427083333333333 0.1853780864197531 0.4303385416666667 0.1863425925925926 0.4253472222222222 0.18942901234567902 0.4229600694444444 0.18904320987654322 0.4246961805555556 0.17901234567901234 0.4305555555555556 0.1711033950617284 0.4344618055555556 0.1707175925925926
1 0.4253472222222222 0.16049382716049382 0.4322916666666667 0.16145833333333334 0.4340277777777778 0.16396604938271606 0.4314236111111111 0.17515432098765432 0.4255642361111111 0.18171296296296297 0.4214409722222222 0.17920524691358025 0.4194878472222222 0.1720679012345679 0.4251302083333333 0.16049382716049382
1 0.4079861111111111 0.16628086419753085 0.4112413194444444 0.16801697530864199 0.4110243055555556 0.1716820987654321 0.4040798611111111 0.18306327160493827 0.3967013888888889 0.1849922839506173 0.3938802083333333 0.18229166666666666 0.3943142361111111 0.17901234567901234 0.3960503472222222 0.17418981481481483 0.4077690972222222 0.16647376543209877
1 0.3902994791666667 0.1736111111111111 0.010633680555555556 0.020061728395061727
1 0.4737413194444444 0.10648148148148148 0.4793836805555556 0.1091820987654321 0.4743923611111111 0.12287808641975309 0.4670138888888889 0.1261574074074074 0.4624565972222222 0.12345679012345678 0.4624565972222222 0.11959876543209877 0.4737413194444444 0.10667438271604938
1 0.546875 0.07445987654320987 0.5538194444444444 0.08063271604938271 0.5536024305555556 0.08912037037037036 0.541015625 0.08719135802469136 0.5373263888888888 0.08159722222222222 0.5434027777777778 0.07484567901234568 0.5466579861111112 0.07445987654320987
1 0.4774305555555556 0.07330246913580248 0.4845920138888889 0.0779320987654321 0.4913194444444444 0.0783179012345679 0.4930555555555556 0.08236882716049383 0.4898003472222222 0.08719135802469136 0.4767795138888889 0.08680555555555555 0.4741753472222222 0.08834876543209877 0.47265625 0.08834876543209877 0.474609375 0.08159722222222222 0.4735243055555556 0.07445987654320987 0.4772135416666667 0.07330246913580248
1 0.023871527777777776 0.779320987654321 0.027994791666666668 0.7808641975308642 0.037109375 0.7966820987654321 0.035590277777777776 0.8003472222222222 0.04079861111111111 0.8067129629629629 0.037109375 0.8088348765432098 0.029513888888888888 0.8059413580246914 0.024088541666666668 0.8001543209876543 0.021050347222222224 0.7829861111111112 0.023654513888888888 0.779320987654321
1 0 0.5108024691358025 0.0030381944444444445 0.5121527777777778 0.008246527777777778 0.5235339506172839 0.026041666666666668 0.5248842592592593 0.025173611111111112 0.5327932098765432 0.019748263888888888 0.5426311728395061 0.014322916666666666 0.5428240740740741 0.009114583333333334 0.5376157407407407 0 0.5410879629629629 0 0.5109953703703703
1 0.076171875 0.36496913580246915 0.09830729166666667 0.3800154320987654 0.0920138888888889 0.3929398148148148 0.07725694444444445 0.38445216049382713 0.072265625 0.3699845679012346 0.0724826388888889 0.36612654320987653 0.0759548611111111 0.36496913580246915
1 0.4025607638888889 0.06905864197530864 0.4053819444444444 0.08333333333333333 0.4010416666666667 0.08641975308641975 0.3971354166666667 0.08506944444444445 0.3960503472222222 0.0775462962962963 0.3977864583333333 0.07040895061728394 0.40234375 0.06905864197530864
1 0.3506944444444444 0.07310956790123457 0.35546875 0.0777391975308642 0.3543836805555556 0.08198302469135803 0.3504774305555556 0.08506944444444445 0.3426649305555556 0.08584104938271606 0.3333333333333333 0.08236882716049383 0.3318142361111111 0.0779320987654321 0.3383246527777778 0.07388117283950617 0.3504774305555556 0.07310956790123457
1 0.4537760416666667 0.047260802469135804 0.4565972222222222 0.051118827160493825 0.4637586805555556 0.047453703703703706 0.4663628472222222 0.060378086419753084 0.4635416666666667 0.06616512345679013 0.4565972222222222 0.06944444444444445 0.4513888888888889 0.06770833333333333 0.4494357638888889 0.06076388888888889 0.451171875 0.048996913580246916 0.4535590277777778 0.047260802469135804
1 0.2380642361111111 0.2662037037037037 0.2482638888888889 0.2667824074074074 0.24934895833333334 0.26851851851851855 0.24544270833333334 0.2797067901234568 0.24110243055555555 0.28125 0.22395833333333334 0.28125 0.21983506944444445 0.2785493827160494 0.220703125 0.265625 0.2341579861111111 0.26273148148148145 0.2378472222222222 0.2662037037037037
1 0.21419270833333334 0.0642361111111111 0.21809895833333334 0.06674382716049383 0.21940104166666666 0.07156635802469136 0.21875 0.07908950617283951 0.21397569444444445 0.08217592592592593 0.208984375 0.08101851851851852 0.2052951388888889 0.07156635802469136 0.2068142361111111 0.06558641975308642 0.21397569444444445 0.0642361111111111
1 0.4921875 0.03279320987654321 0.4945746527777778 0.03433641975308642 0.4952256944444444 0.040123456790123455 0.4945746527777778 0.050540123456790126 0.4915364583333333 0.05343364197530864 0.4858940972222222 0.05073302469135803 0.4841579861111111 0.03973765432098766 0.4876302083333333 0.03452932098765432 0.4919704861111111 0.03279320987654321
1 0.4678819444444444 0.022376543209876542 0.4754774305555556 0.024498456790123458 0.4789496527777778 0.032214506172839504 0.4774305555555556 0.03993055555555555 0.470703125 0.04398148148148148 0.4635416666666667 0.04205246913580247 0.4596354166666667 0.036265432098765434 0.4600694444444444 0.03125 0.4676649305555556 0.022376543209876542
1 0.4110243055555556 0.3717206790123457 0.4095052083333333 0.3734567901234568 0.4131944444444444 0.3773148148148148 0.4144965277777778 0.3800154320987654 0.4157986111111111 0.3879243827160494 0.4171006944444444 0.3898533950617284 0.4249131944444444 0.3913966049382716 0.4288194444444444 0.3913966049382716 0.4322916666666667 0.388695987654321 0.4359809027777778 0.3871527777777778 0.4372829861111111 0.3856095679012346 0.4381510416666667 0.38387345679012347 0.4375 0.37808641975308643 0.4370659722222222 0.3767361111111111 0.4340277777777778 0.3746141975308642 0.4322916666666667 0.3738425925925926 0.427734375 0.37364969135802467 0.41796875 0.3707561728395062 0.4142795138888889 0.3707561728395062
1 0.3049045138888889 0.35146604938271603 0.3046875 0.3559027777777778 0.3057725694444444 0.3584104938271605 0.3072916666666667 0.3595679012345679 0.3107638888888889 0.3591820987654321 0.3120659722222222 0.3559027777777778 0.3118489583333333 0.35165895061728397 0.3077256944444444 0.34992283950617287
1 0.4075520833333333 0.28530092592592593 0.4075520833333333 0.2864583333333333 0.421875 0.28742283950617287 0.4236111111111111 0.2849151234567901 0.4262152777777778 0.2835648148148148 0.4264322916666667 0.2824074074074074 0.4212239583333333 0.27469135802469136 0.4186197916666667 0.27353395061728397 0.4147135416666667 0.27334104938271603 0.4114583333333333 0.27565586419753085 0.4103732638888889 0.2804783950617284 0.408203125 0.2829861111111111
1 0.5525173611111112 0.09702932098765432 0.5523003472222222 0.10223765432098765 0.5538194444444444 0.10435956790123457 0.5601128472222222 0.10648148148148148 0.5618489583333334 0.10609567901234568 0.5625 0.10204475308641975 0.5614149305555556 0.09876543209876543 0.5601128472222222 0.09780092592592593 0.5538194444444444 0.09645061728395062
1 0.4806857638888889 0.16550925925925927 0.4778645833333333 0.1722608024691358 0.4711371527777778 0.1753472222222222 0.4739583333333333 0.18557098765432098 0.4813368055555556 0.1857638888888889 0.4828559027777778 0.1849922839506173 0.4915364583333333 0.18460648148148148 0.4937065972222222 0.18229166666666666 0.4945746527777778 0.17881944444444445 0.4947916666666667 0.17457561728395063 0.4939236111111111 0.171875 0.4876302083333333 0.16493055555555555 0.4830729166666667 0.16473765432098766
1 0.4596354166666667 0.18479938271604937 0.4598524305555556 0.1900077160493827 0.4635416666666667 0.1900077160493827 0.4674479166666667 0.1865354938271605 0.4822048611111111 0.1857638888888889 0.4854600694444444 0.18229166666666666 0.4806857638888889 0.17804783950617284 0.4761284722222222 0.17824074074074073 0.4700520833333333 0.17708333333333334 0.4635416666666667 0.17881944444444445 0.4620225694444444 0.18016975308641975
1 0.5642361111111112 0.10030864197530864 0.5642361111111112 0.10667438271604938 0.5661892361111112 0.1076388888888889 0.5711805555555556 0.10783179012345678 0.576171875 0.10648148148148148 0.5776909722222222 0.10435956790123457 0.5796440972222222 0.10397376543209877 0.58203125 0.09837962962962964 0.5807291666666666 0.09587191358024691 0.5772569444444444 0.09529320987654322 0.5670572916666666 0.09741512345679013
1 0.533203125 0.07542438271604938 0.5329861111111112 0.0785108024691358 0.5347222222222222 0.08121141975308642 0.5403645833333334 0.08449074074074074 0.5416666666666666 0.08179012345679013 0.5453559027777778 0.0777391975308642 0.5455729166666666 0.06365740740740741 0.5431857638888888 0.0625 0.5397135416666666 0.0642361111111111 0.53515625 0.07079475308641975
1 0.5473090277777778 0.05459104938271605 0.546875 0.05844907407407408 0.5481770833333334 0.0630787037037037 0.5529513888888888 0.06520061728395062 0.5557725694444444 0.06462191358024691 0.5564236111111112 0.06404320987654322 0.5564236111111112 0.060570987654320986 0.5546875 0.05073302469135803 0.5533854166666666 0.050347222222222224 0.5499131944444444 0.052083333333333336
1 0.5355902777777778 0.05304783950617284 0.5353732638888888 0.05381944444444445 0.5377604166666666 0.056712962962962965 0.5392795138888888 0.060378086419753084 0.5394965277777778 0.06500771604938271 0.5434027777777778 0.06712962962962964 0.5473090277777778 0.06385030864197531 0.5481770833333334 0.06095679012345679 0.5477430555555556 0.05381944444444445 0.5423177083333334 0.052083333333333336 0.5364583333333334 0.051890432098765434
1 0.6325954861111112 0.06404320987654322 0.6323784722222222 0.06751543209876543 0.6334635416666666 0.06847993827160494 0.6410590277777778 0.06886574074074074 0.6438802083333334 0.06693672839506173 0.6438802083333334 0.061342592592592594 0.6421440972222222 0.060378086419753084 0.6404079861111112 0.06018518518518518 0.6373697916666666 0.061535493827160496 0.6336805555555556 0.060570987654320986
1 0.1918402777777778 0.9058641975308642 0.1909722222222222 0.9118441358024691 0.19249131944444445 0.9137731481481481 0.19856770833333334 0.9128086419753086 0.2026909722222222 0.9149305555555556 0.205078125 0.9147376543209876 0.20572916666666666 0.9064429012345679 0.2068142361111111 0.904320987654321 0.2065972222222222 0.8971836419753086 0.1957465277777778 0.8954475308641975 0.19401041666666666 0.8973765432098766
1 0.7758246527777778 0.9807098765432098 0.7762586805555556 0.984375 0.7795138888888888 0.9899691358024691 0.7829861111111112 0.9915123456790124 0.7847222222222222 0.9878472222222222 0.7836371527777778 0.9826388888888888 0.7795138888888888 0.9801311728395061
1 0.8248697916666666 0.9774305555555556 0.8209635416666666 0.9774305555555556 0.8213975694444444 0.982445987654321 0.82421875 0.9886188271604939 0.828125 0.9890046296296297 0.8302951388888888 0.9876543209876543 0.8296440972222222 0.9841820987654321 0.8272569444444444 0.9785879629629629
1 0.6254340277777778 0.7897376543209876 0.6267361111111112 0.7932098765432098 0.6302083333333334 0.7951388888888888 0.6362847222222222 0.8009259259259259 0.638671875 0.8013117283950617 0.6399739583333334 0.800733024691358 0.6384548611111112 0.7941743827160493 0.6336805555555556 0.7899305555555556 0.630859375 0.7889660493827161
1 0.6048177083333334 0.793016975308642 0.6052517361111112 0.798804012345679 0.6078559027777778 0.8013117283950617 0.609375 0.8016975308641975 0.6119791666666666 0.7964891975308642 0.6121961805555556 0.7924382716049383 0.6091579861111112 0.7903163580246914 0.6059027777777778 0.7914737654320988
1 0.5700954861111112 0.7912808641975309 0.5700954861111112 0.7935956790123457 0.57421875 0.796875 0.5779079861111112 0.796875 0.5792100694444444 0.7951388888888888 0.5807291666666666 0.7945601851851852 0.5872395833333334 0.7955246913580247 0.5885416666666666 0.794945987654321 0.5889756944444444 0.7935956790123457 0.587890625 0.7918595679012346 0.5848524305555556 0.7903163580246914 0.5783420138888888 0.7893518518518519 0.5709635416666666 0.7897376543209876
1 0.3346354166666667 0.7029320987654321 0.3337673611111111 0.7135416666666666 0.3385416666666667 0.7170138888888888 0.3452690972222222 0.7164351851851852 0.3465711805555556 0.7106481481481481 0.3493923611111111 0.7065972222222222 0.3526475694444444 0.7064043209876543 0.3572048611111111 0.7085262345679012 0.3591579861111111 0.7104552469135802 0.3628472222222222 0.7118055555555556 0.36328125 0.7064043209876543 0.359375 0.7027391975308642 0.3370225694444444 0.7023533950617284
1 0.11653645833333333 0.4486882716049383 0.11957465277777778 0.4583333333333333 0.12261284722222222 0.46334876543209874 0.13194444444444445 0.4704861111111111 0.1332465277777778 0.4710648148148148 0.1365017361111111 0.4704861111111111 0.130859375 0.44502314814814814 0.12999131944444445 0.44425154320987653 0.1271701388888889 0.44425154320987653 0.12348090277777778 0.44540895061728397 0.1193576388888889 0.44560185185185186 0.11783854166666667 0.44637345679012347
1 0.12890625 0.4650848765432099 0.12999131944444445 0.47087191358024694 0.13346354166666666 0.4731867283950617 0.1369357638888889 0.4731867283950617 0.14735243055555555 0.4702932098765432 0.1484375 0.4693287037037037 0.15125868055555555 0.4645061728395062 0.15169270833333334 0.45968364197530864 0.1501736111111111 0.4575617283950617 0.14713541666666666 0.4564043209876543 0.14322916666666666 0.4583333333333333 0.1304253472222222 0.46219135802469136
1 0.021267361111111112 0.4176311728395062 0.021050347222222224 0.4230324074074074 0.022352430555555556 0.42862654320987653 0.026475694444444444 0.43016975308641975 0.03927951388888889 0.4324845679012346 0.04188368055555555 0.4315200617283951 0.04275173611111111 0.42843364197530864 0.039496527777777776 0.4166666666666667 0.036458333333333336 0.41531635802469136 0.033203125 0.419945987654321 0.03139474826388889 0.42052469135802467 0.02734375 0.41975308641975306 0.022786458333333332 0.4166666666666667