1 0.9181857638888888 0.9612268518518519 0.9253472222222222 0.9675925925925926 0.9283854166666666 0.9770447530864198 0.9205729166666666 0.980516975308642 0.9188368055555556 0.9886188271604939 0.9116753472222222 0.9955632716049383 0.9079861111111112 0.9932484567901234 0.9040798611111112 0.9857253086419753 0.8990885416666666 0.9704861111111112 0.908203125 0.9685570987654321 0.9125434027777778 0.9629629629629629 0.91796875 0.9612268518518519
1 0.6778428819444444 0.8729745370370371 0.014539930555555556 0.030671296296296297
1 0.5412326388888888 0.9596836419753086 0.5466579861111112 0.9629629629629629 0.5635850694444444 0.9670138888888888 0.5635850694444444 0.9702932098765432 0.556640625 0.9764660493827161 0.5503472222222222 0.9866898148148148 0.5434027777777778 0.9915123456790124 0.5436197916666666 0.9699074074074074 0.5373263888888888 0.9602623456790124 0.541015625 0.9596836419753086
1 0.4220920138888889 0.9891975308641975 0.4338107638888889 0.9913194444444444 0.4333767361111111 0.9998070987654321 0.4186197916666667 0.9998070987654321 0.4171006944444444 0.9911265432098766 0.421875 0.9891975308641975
1 0.4361979166666667 0.9619984567901234 0.4440104166666667 0.9670138888888888 0.4481336805555556 0.980516975308642 0.4463975694444444 0.9826388888888888 0.4420572916666667 0.982445987654321 0.4390190972222222 0.9795524691358025 0.4322916666666667 0.9826388888888888 0.4253472222222222 0.9704861111111112 0.4288194444444444 0.9629629629629629 0.4359809027777778 0.9619984567901234
1 0.953125 0.5860339506172839 0.9600694444444444 0.5923996913580247 0.9563802083333334 0.6064814814814815 0.9633246527777778 0.6174768518518519 0.9600694444444444 0.6195987654320988 0.9563802083333334 0.6182484567901234 0.9327256944444444 0.6022376543209876 0.9357638888888888 0.5866126543209876 0.9390190972222222 0.5873842592592593 0.943359375 0.5925925925925926 0.9529079861111112 0.5862268518518519
1 0.8122829861111112 0.6124614197530864 0.8211805555555556 0.6138117283950617 0.8246527777777778 0.6192129629629629 0.8231336805555556 0.6221064814814815 0.8170572916666666 0.623070987654321 0.8142361111111112 0.6309799382716049 0.8075086805555556 0.6253858024691358 0.80078125 0.6277006172839507 0.7973090277777778 0.6267361111111112 0.8033854166666666 0.6197916666666666 0.8012152777777778 0.6126543209876543 0.8120659722222222 0.6124614197530864
1 0.3287760416666667 0.9621913580246914 0.3355034722222222 0.9629629629629629 0.3400607638888889 0.966820987654321 0.3400607638888889 0.9714506172839507 0.3350694444444444 0.9762731481481481 0.3285590277777778 0.972608024691358 0.3207465277777778 0.9753086419753086 0.3157552083333333 0.9704861111111112 0.3170572916666667 0.9666280864197531 0.3285590277777778 0.9621913580246914
1 0.6861979166666666 0.5775462962962963 0.6963975694444444 0.5806327160493827 0.703125 0.5866126543209876 0.7048611111111112 0.5920138888888888 0.6996527777777778 0.5952932098765432 0.6783854166666666 0.5922067901234568 0.677734375 0.5817901234567902 0.6814236111111112 0.578125 0.6859809027777778 0.5775462962962963
1 0.5470920138888888 0.6782407407407407 0.5509982638888888 0.6820987654320988 0.548828125 0.6890432098765432 0.5301649305555556 0.6961805555555556 0.5260416666666666 0.6959876543209876 0.5256076388888888 0.6923225308641975 0.5314670138888888 0.6859567901234568 0.5392795138888888 0.6803626543209876 0.546875 0.6782407407407407
1 0.57421875 0.6020447530864198 0.5941840277777778 0.6028163580246914 0.5987413194444444 0.6165123456790124 0.59375 0.6161265432098766 0.5815972222222222 0.6072530864197531 0.578125 0.6145833333333334 0.5694444444444444 0.6059027777777778 0.5687934027777778 0.6022376543209876 0.5740017361111112 0.6020447530864198
1 0.4429253472222222 0.671875 0.4459635416666667 0.6755401234567902 0.4459635416666667 0.6807484567901234 0.4331597222222222 0.6911651234567902 0.427734375 0.6890432098765432 0.4262152777777778 0.6857638888888888 0.4359809027777778 0.6728395061728395 0.4427083333333333 0.671875
1 0.2625868055555556 0.9562114197530864 0.2725694444444444 0.9600694444444444 0.2732204861111111 0.9702932098765432 0.2688802083333333 0.9722222222222222 0.2621527777777778 0.9689429012345679 0.2586805555555556 0.9747299382716049 0.2549913194444444 0.9743441358024691 0.2543402777777778 0.9635416666666666 0.2584635416666667 0.9564043209876543 0.2623697916666667 0.9562114197530864
1 0.3090277777777778 0.8312114197530864 0.3170572916666667 0.8381558641975309 0.318359375 0.8454861111111112 0.3159722222222222 0.8489583333333334 0.3075086805555556 0.8520447530864198 0.3012152777777778 0.8487654320987654 0.3046875 0.8315972222222222 0.3088107638888889 0.8312114197530864
1 0.3274739583333333 0.7023533950617284 0.3415798611111111 0.7038966049382716 0.3452690972222222 0.7065972222222222 0.3448350694444444 0.7133487654320988 0.3350694444444444 0.7145061728395061 0.3311631944444444 0.7118055555555556 0.3181423611111111 0.7154706790123457 0.314453125 0.7152777777777778 0.3140190972222222 0.7131558641975309 0.3192274305555556 0.7108410493827161 0.3229166666666667 0.7029320987654321 0.3272569444444444 0.7023533950617284
1 0.3420138888888889 0.6660879629629629 0.3474392361111111 0.6716820987654321 0.3472222222222222 0.6755401234567902 0.3396267361111111 0.6844135802469136 0.3409288194444444 0.6959876543209876 0.3363715277777778 0.6971450617283951 0.3311631944444444 0.6957947530864198 0.3263888888888889 0.6786265432098766 0.3385416666666667 0.6662808641975309 0.341796875 0.6660879629629629
1 0.21571180555555555 0.8913966049382716 0.2202690972222222 0.8952546296296297 0.2202690972222222 0.9010416666666666 0.21028645833333334 0.9068287037037037 0.20594618055555555 0.9045138888888888 0.2052951388888889 0.8981481481481481 0.2113715277777778 0.8919753086419753 0.21549479166666666 0.8913966049382716
1 0.2619357638888889 0.7781635802469136 0.267578125 0.7880015432098766 0.2619357638888889 0.8061342592592593 0.2591145833333333 0.8074845679012346 0.2554253472222222 0.8032407407407407 0.25390625 0.7862654320987654 0.2584635416666667 0.7785493827160493 0.26171875 0.7781635802469136
1 0.2009548611111111 0.8962191358024691 0.20399305555555555 0.9002700617283951 0.20638020833333334 0.9149305555555556 0.1996527777777778 0.9118441358024691 0.19270833333333334 0.9145447530864198 0.1916232638888889 0.9130015432098766 0.19466145833333334 0.8979552469135802 0.2007378472222222 0.8962191358024691
1 0.2973090277777778 0.6633873456790124 0.3140190972222222 0.6709104938271605 0.3142361111111111 0.6790123456790124 0.310546875 0.6811342592592593 0.2973090277777778 0.6801697530864198 0.2901475694444444 0.685570987654321 0.2808159722222222 0.6682098765432098 0.2827690972222222 0.6662808641975309 0.2860243055555556 0.6695601851851852 0.2934027777777778 0.6701388888888888 0.2970920138888889 0.6633873456790124
1 0.21158854166666666 0.673804012345679 0.2202690972222222 0.6753472222222222 0.22200520833333334 0.6822916666666666 0.20985243055555555 0.6925154320987654 0.2026909722222222 0.6919367283950617 0.20182291666666666 0.6834490740740741 0.19661458333333334 0.6786265432098766 0.19618055555555555 0.6753472222222222 0.2113715277777778 0.673804012345679
1 0.2905815972222222 0.45794753086419754 0.2970920138888889 0.470679012345679 0.2934027777777778 0.47723765432098764 0.2864583333333333 0.4809027777777778 0.2864583333333333 0.4893904320987654 0.2808159722222222 0.4866898148148148 0.2738715277777778 0.4739583333333333 0.2725694444444444 0.4652777777777778 0.2758246527777778 0.45987654320987653 0.2827690972222222 0.46045524691358025 0.2903645833333333 0.45794753086419754
1 0.22743055555555555 0.42920524691358025 0.2319878472222222 0.4359567901234568 0.2419704861111111 0.4427083333333333 0.2419704861111111 0.44598765432098764 0.2269965277777778 0.4444444444444444 0.2224392361111111 0.43209876543209874 0.22721354166666666 0.42939814814814814
1 0.9392361111111112 0.3275462962962963 0.9524739583333334 0.33024691358024694 0.9565972222222222 0.3292824074074074 0.9626736111111112 0.3377700617283951 0.9759114583333334 0.3393132716049383 0.9765625 0.341820987654321 0.9702690972222222 0.34934413580246915 0.9555121527777778 0.35378086419753085 0.9424913194444444 0.3524305555555556 0.9418402777777778 0.3452932098765432 0.9381510416666666 0.3425925925925926 0.9340277777777778 0.3314043209876543 0.9351128472222222 0.3279320987654321 0.9390190972222222 0.3275462962962963
1 0.4535590277777778 0.22318672839506173 0.4598524305555556 0.22781635802469136 0.4600694444444444 0.2349537037037037 0.4498697916666667 0.2474922839506173 0.4440104166666667 0.23591820987654322 0.4372829861111111 0.23051697530864199 0.4442274305555556 0.22376543209876543 0.4533420138888889 0.22318672839506173
1 0.4889322916666667 0.2029320987654321 0.4911024305555556 0.20736882716049382 0.4900173611111111 0.21315586419753085 0.4878472222222222 0.21412037037037038 0.4787326388888889 0.21334876543209877 0.4850260416666667 0.2044753086419753 0.4887152777777778 0.2029320987654321
1 0.5646701388888888 0.16300154320987653 0.5668402777777778 0.16493055555555555 0.5640190972222222 0.17746913580246915 0.560546875 0.18113425925925927 0.55078125 0.18460648148148148 0.5462239583333334 0.18209876543209877 0.544921875 0.17515432098765432 0.5536024305555556 0.16608796296296297 0.564453125 0.16300154320987653
1 0.5052083333333334 0.16319444444444445 0.5160590277777778 0.16493055555555555 0.5223524305555556 0.1739969135802469 0.5223524305555556 0.18036265432098766 0.5123697916666666 0.18190586419753085 0.4982638888888889 0.17496141975308643 0.498046875 0.17033179012345678 0.5049913194444444 0.16338734567901234
1 0.4622395833333333 0.16454475308641975 0.4694010416666667 0.16820987654320987 0.4704861111111111 0.1726466049382716 0.4680989583333333 0.17631172839506173 0.4605034722222222 0.18016975308641975 0.4526909722222222 0.17959104938271606 0.44921875 0.17515432098765432 0.4533420138888889 0.16685956790123457 0.4620225694444444 0.16454475308641975
1 0.4338107638888889 0.1705246913580247 0.4446614583333333 0.17496141975308643 0.4479166666666667 0.17862654320987653 0.4481336805555556 0.18287037037037038 0.4459635416666667 0.18518518518518517 0.4333767361111111 0.1857638888888889 0.4255642361111111 0.1892361111111111 0.421875 0.18904320987654322 0.4246961805555556 0.17901234567901234 0.4288194444444444 0.171875 0.43359375 0.1705246913580247
1 0.4255642361111111 0.16068672839506173 0.4325086805555556 0.16145833333333334 0.4340277777777778 0.16435185185185186 0.4309895833333333 0.17496141975308643 0.4255642361111111 0.18152006172839505 0.4216579861111111 0.17959104938271606 0.4197048611111111 0.1730324074074074 0.4227430555555556 0.16222993827160495 0.4253472222222222 0.16068672839506173
1 0.4774305555555556 0.13773148148148148 0.498046875 0.14756944444444445 0.5073784722222222 0.14679783950617284 0.5049913194444444 0.16068672839506173 0.5017361111111112 0.16222993827160495 0.4704861111111111 0.16242283950617284 0.4696180555555556 0.15084876543209877 0.4772135416666667 0.13792438271604937
1 0.5746527777777778 0.09606481481481481 0.5763888888888888 0.09972993827160494 0.5733506944444444 0.10570987654320987 0.5625 0.10513117283950617 0.5596788194444444 0.09799382716049383 0.5698784722222222 0.09857253086419752 0.5744357638888888 0.09625771604938271
1 0.4092881944444444 0.16685956790123457 0.4112413194444444 0.16820987654320987 0.4105902777777778 0.1716820987654321 0.4045138888888889 0.18267746913580246 0.4008246527777778 0.18518518518518517 0.3971354166666667 0.18518518518518517 0.3938802083333333 0.18229166666666666 0.3958333333333333 0.17457561728395063 0.4090711805555556 0.16685956790123457
1 0.3904079861111111 0.16377314814814814 0.3953993055555556 0.17457561728395063 0.3940972222222222 0.18209876543209877 0.3910590277777778 0.18364197530864199 0.3871527777777778 0.18190586419753085 0.3849826388888889 0.17573302469135801 0.3869357638888889 0.16435185185185186 0.3901909722222222 0.16377314814814814
1 0.4752604166666667 0.10609567901234568 0.4769965277777778 0.11400462962962964 0.4728732638888889 0.1232638888888889 0.4672309027777778 0.12692901234567902 0.4565972222222222 0.12905092592592593 0.4516059027777778 0.12654320987654322 0.4503038194444444 0.11728395061728394 0.4529079861111111 0.11535493827160494 0.4635416666666667 0.11535493827160494 0.4750434027777778 0.10609567901234568
1 0.5466579861111112 0.07426697530864197 0.5538194444444444 0.08121141975308642 0.5538194444444444 0.08950617283950617 0.5425347222222222 0.08777006172839506 0.5397135416666666 0.08526234567901235 0.5384114583333334 0.08101851851851852 0.5464409722222222 0.07445987654320987
1 0.5466579861111112 0.0623070987654321 0.5481770833333334 0.06404320987654322 0.5466579861111112 0.07465277777777778 0.5379774305555556 0.08217592592592593 0.533203125 0.0785108024691358 0.5340711805555556 0.07156635802469136 0.5427517361111112 0.0625 0.5464409722222222 0.0623070987654321
1 0.1857638888888889 0.3699845679012346 0.189453125 0.3699845679012346 0.19618055555555555 0.3755787037037037 0.203125 0.3765432098765432 0.20811631944444445 0.38348765432098764 0.2068142361111111 0.3869598765432099 0.19986979166666666 0.388695987654321 0.18250868055555555 0.38406635802469136 0.1857638888888889 0.37017746913580246
1 0.283203125 0.29070216049382713 0.2901475694444444 0.2932098765432099 0.2981770833333333 0.3003472222222222 0.2829861111111111 0.3119212962962963 0.2756076388888889 0.30960648148148145 0.2690972222222222 0.3142361111111111 0.2667100694444444 0.3140432098765432 0.2662760416666667 0.3107638888888889 0.2764756944444444 0.2934027777777778 0.2829861111111111 0.29070216049382713
1 0.2688802083333333 0.2806712962962963 0.2743055555555556 0.29301697530864196 0.2723524305555556 0.30092592592592593 0.2654079861111111 0.30304783950617287 0.26171875 0.2964891975308642 0.2643229166666667 0.2829861111111111 0.2686631944444444 0.2808641975308642
1 0.11328125 0.7758487654320988 0.11610243055555555 0.7760416666666666 0.1193576388888889 0.7800925925925926 0.1265190972222222 0.7791280864197531 0.1293402777777778 0.7866512345679012 0.123046875 0.8024691358024691 0.1095920138888889 0.8061342592592593 0.10894097222222222 0.7829861111111112 0.1130642361111111 0.7758487654320988
1 0.14539930555555555 0.6782407407407407 0.1484375 0.6820987654320988 0.1469184027777778 0.6861496913580247 0.12999131944444445 0.6959876543209876 0.12608506944444445 0.6822916666666666 0.1401909722222222 0.6774691358024691 0.14518229166666666 0.6782407407407407
1 0.13346354166666666 0.6664737654320988 0.1382378472222222 0.6682098765432098 0.1388888888888889 0.6761188271604939 0.1267361111111111 0.6830632716049383 0.1189236111111111 0.6807484567901234 0.11197916666666667 0.671875 0.126953125 0.6711033950617284 0.13346354166666666 0.6666666666666666
1 0.13736979166666666 0.36477623456790126 0.15321180555555555 0.3800154320987654 0.15234375 0.3846450617283951 0.1484375 0.3871527777777778 0.1404079861111111 0.38503086419753085 0.1271701388888889 0.3732638888888889 0.1291232638888889 0.36959876543209874 0.1371527777777778 0.36477623456790126
1 0.4774305555555556 0.07272376543209877 0.4809027777777778 0.07233796296296297 0.4915364583333333 0.08101851851851852 0.4930555555555556 0.08487654320987655 0.4913194444444444 0.08873456790123457 0.478515625 0.08487654320987655 0.4774305555555556 0.07291666666666667
1 0.026041666666666668 0.779320987654321 0.035590277777777776 0.7934027777777778 0.035807291666666664 0.8001543209876543 0.040364583333333336 0.8036265432098766 0.036675347222222224 0.8063271604938271 0.024305555555555556 0.8001543209876543 0.021701388888888888 0.7824074074074074 0.022569444444444444 0.7795138888888888 0.025824652777777776 0.779320987654321
1 0.0802951388888889 0.36824845679012347 0.08680555555555555 0.3732638888888889 0.08854166666666667 0.3775077160493827 0.09917534722222222 0.3800154320987654 0.091796875 0.3939043209876543 0.0763888888888889 0.38136574074074076 0.07269965277777778 0.3690200617283951 0.0744357638888889 0.36612654320987653 0.080078125 0.36824845679012347
1 0.4019097222222222 0.06867283950617284 0.4045138888888889 0.07291666666666667 0.4053819444444444 0.08333333333333333 0.4014756944444444 0.08641975308641975 0.3971354166666667 0.08487654320987655 0.3958333333333333 0.07735339506172839 0.3975694444444444 0.06925154320987655 0.4016927083333333 0.06867283950617284
1 0.3489583333333333 0.07291666666666667 0.3539496527777778 0.07503858024691358 0.3548177083333333 0.08140432098765432 0.3504774305555556 0.08506944444444445 0.3430989583333333 0.08603395061728394 0.3368055555555556 0.08487654320987655 0.330078125 0.078125 0.3385416666666667 0.07388117283950617 0.3487413194444444 0.07291666666666667
1 0 0.5111882716049383 0.0032552083333333335 0.5121527777777778 0.008463541666666666 0.5235339506172839 0.023220486111111112 0.5231481481481481 0.026258680555555556 0.5252700617283951 0.022352430555555556 0.5439814814814815 0.019314236111111112 0.5414737654320988 0.015407986111111112 0.5426311728395061 0.008897569444444444 0.5380015432098766 0 0.5403163580246914 0 0.5113811728395061
1 0.4518229166666667 0.046875 0.4565972222222222 0.04996141975308642 0.4635416666666667 0.047453703703703706 0.4657118055555556 0.05806327160493827 0.4633246527777778 0.06655092592592593 0.4563802083333333 0.06905864197530864 0.4520399305555556 0.06828703703703703 0.4494357638888889 0.06076388888888889 0.4518229166666667 0.0470679012345679
1 0.4924045138888889 0.03298611111111111 0.4952256944444444 0.03568672839506173 0.4947916666666667 0.05073302469135803 0.4913194444444444 0.05343364197530864 0.4856770833333333 0.050540123456790126 0.4848090277777778 0.03973765432098766 0.4876302083333333 0.03452932098765432 0.4921875 0.03298611111111111
1 0.4678819444444444 0.022183641975308643 0.4763454861111111 0.025655864197530864 0.4787326388888889 0.032407407407407406 0.4774305555555556 0.03993055555555555 0.470703125 0.04398148148148148 0.4659288194444444 0.04359567901234568 0.4596354166666667 0.036265432098765434 0.4600694444444444 0.031057098765432098 0.4652777777777778 0.022762345679012346 0.4676649305555556 0.022183641975308643
1 0.2445746527777778 0.2633101851851852 0.24305555555555555 0.27295524691358025 0.24500868055555555 0.2797067901234568 0.2287326388888889 0.2820216049382716 0.22395833333333334 0.2820216049382716 0.22135416666666666 0.2795138888888889 0.21961805555555555 0.2621527777777778 0.22960069444444445 0.2689043209876543 0.2443576388888889 0.2633101851851852
1 0.4105902777777778 0.3722993827160494 0.4097222222222222 0.3734567901234568 0.4125434027777778 0.3765432098765432 0.4142795138888889 0.3800154320987654 0.4155815972222222 0.3869598765432099 0.4177517361111111 0.3896604938271605 0.4249131944444444 0.3913966049382716 0.4288194444444444 0.3912037037037037 0.4364149305555556 0.3863811728395062 0.4377170138888889 0.38348765432098764 0.4375 0.3819444444444444 0.4359809027777778 0.3773148148148148 0.4342447916666667 0.3757716049382716 0.4322916666666667 0.3748070987654321 0.427734375 0.3744212962962963 0.4188368055555556 0.37094907407407407 0.4147135416666667 0.37094907407407407
1 0.3053385416666667 0.35223765432098764 0.3044704861111111 0.3559027777777778 0.3057725694444444 0.3595679012345679 0.3107638888888889 0.3605324074074074 0.3151041666666667 0.3591820987654321 0.3131510416666667 0.3568672839506173 0.3151041666666667 0.3489583333333333 0.3072916666666667 0.35030864197530864
1 0.4108072916666667 0.2760416666666667 0.4099392361111111 0.2802854938271605 0.4077690972222222 0.2827932098765432 0.408203125 0.28337191358024694 0.4184027777777778 0.2835648148148148 0.4214409722222222 0.28260030864197533 0.4253472222222222 0.28260030864197533 0.4264322916666667 0.279320987654321 0.4253472222222222 0.27835648148148145 0.4223090277777778 0.27025462962962965 0.4184027777777778 0.2706404320987654 0.4144965277777778 0.27218364197530864
1 0.1169704861111111 0.44695216049382713 0.11653645833333333 0.4496527777777778 0.1208767361111111 0.46141975308641975 0.123046875 0.46412037037037035 0.13020833333333334 0.4672067901234568 0.13346354166666666 0.46334876543209874 0.1332465277777778 0.4564043209876543 0.1310763888888889 0.4513888888888889 0.13020833333333334 0.44502314814814814 0.12261284722222222 0.44463734567901236 0.11979166666666667 0.44309413580246915
1 0.1291232638888889 0.4650848765432099 0.12890625 0.4672067901234568 0.12999131944444445 0.4699074074074074 0.1332465277777778 0.47280092592592593 0.1371527777777778 0.47280092592592593 0.1404079861111111 0.47087191358024694 0.1443142361111111 0.4714506172839506 0.14735243055555555 0.4704861111111111 0.1508246527777778 0.466820987654321 0.1519097222222222 0.4637345679012346 0.15169270833333334 0.45968364197530864 0.1506076388888889 0.45775462962962965 0.14735243055555555 0.4564043209876543 0.13780381944444445 0.46084104938271603 0.13216145833333334 0.4618055555555556 0.12977430555555555 0.4635416666666667
1 0.028428819444444444 0.421875 0.027777777777777776 0.4288194444444444 0.032769097222222224 0.43209876543209874 0.040364583333333336 0.43287037037037035 0.045355902777777776 0.4315200617283951 0.048394097222222224 0.4220679012345679 0.046875 0.4184027777777778 0.043402777777777776 0.41878858024691357 0.036458333333333336 0.4224537037037037 0.03407118055555555 0.4226466049382716 0.029513888888888888 0.4203317901234568
1 0.6293402777777778 0.7907021604938271 0.6291232638888888 0.7934027777777778 0.6373697916666666 0.8003472222222222 0.640625 0.8015046296296297 0.6423611111111112 0.8001543209876543 0.6423611111111112 0.7941743827160493 0.640625 0.7914737654320988 0.6341145833333334 0.7893518518518519 0.6306423611111112 0.7895447530864198
1 0.6043836805555556 0.7957175925925926 0.6043836805555556 0.8001543209876543 0.6059027777777778 0.800733024691358 0.6115451388888888 0.7982253086419753 0.6150173611111112 0.7932098765432098 0.6126302083333334 0.7910879629629629 0.6091579861111112 0.7903163580246914 0.6063368055555556 0.7926311728395061
1 0.5707465277777778 0.7922453703703703 0.5709635416666666 0.7941743827160493 0.57421875 0.796875 0.5770399305555556 0.7966820987654321 0.5809461805555556 0.794945987654321 0.5848524305555556 0.7961033950617284 0.5870225694444444 0.7959104938271605 0.5885416666666666 0.7941743827160493 0.5885416666666666 0.7932098765432098 0.5863715277777778 0.7914737654320988 0.5809461805555556 0.7903163580246914 0.5737847222222222 0.7901234567901234
1 0.505859375 0.779320987654321 0.5108506944444444 0.7829861111111112 0.5086805555555556 0.8032407407407407 0.5015190972222222 0.8096064814814815 0.4984809027777778 0.8097993827160493 0.4952256944444444 0.8076774691358025 0.4908854166666667 0.7945601851851852 0.4913194444444444 0.7872299382716049 0.4947916666666667 0.7820216049382716 0.5056423611111112 0.779320987654321
1 0.6478255208333333 0.9264255401234568 0.027421875 0.023431712962962963
1 0.6392881944444445 0.06506172839506172 0.01585720486111111 0.016321373456790123
1 0.7744194878472223 0.981845100308642 0.7828036024305556 0.9916450617283951 0.7855983072916666 0.9870183256172841 0.781533203125 0.9805860339506173
1 0.7990451388888888 0.9812885802469136 0.7986111111111112 0.984375 0.8003472222222222 0.9857253086419753 0.8092447916666666 0.984375 0.8125 0.9809027777777778 0.8098958333333334 0.9793595679012346 0.8062065972222222 0.9787808641975309 0.8003472222222222 0.9799382716049383
1 0.8211805555555556 0.9793595679012346 0.8209635416666666 0.9810956790123457 0.8226996527777778 0.9849537037037037 0.8244357638888888 0.9864969135802469 0.8276909722222222 0.9857253086419753 0.8283420138888888 0.9841820987654321 0.8266059027777778 0.9793595679012346 0.8248697916666666 0.9783950617283951 0.8220486111111112 0.9785879629629629
1 0.8116319444444444 0.9803240740740741 0.8116319444444444 0.9837962962962963 0.8125 0.9857253086419753 0.8138020833333334 0.9868827160493827 0.8166232638888888 0.986304012345679 0.8177083333333334 0.9847608024691358 0.8172743055555556 0.9801311728395061 0.8140190972222222 0.9783950617283951