1 0.4494357638888889 0.11959876543209877 0.44921875 0.1232638888888889 0.4509548611111111 0.1267361111111111 0.453125 0.12885802469135801 0.4702690972222222 0.1263503086419753 0.4748263888888889 0.12249228395061729 0.4765625 0.11631944444444445 0.478515625 0.11304012345679013 0.4787326388888889 0.1091820987654321 0.4772135416666667 0.10725308641975309 0.4739583333333333 0.10725308641975309 0.4709201388888889 0.11149691358024691 0.466796875 0.11535493827160494 0.4633246527777778 0.11670524691358025 0.4529079861111111 0.11651234567901235
1 0.4739583333333333 0.07445987654320987 0.4754774305555556 0.08198302469135803 0.4728732638888889 0.08815586419753087 0.4737413194444444 0.08969907407407407 0.4835069444444444 0.08738425925925926 0.4880642361111111 0.08834876543209877 0.4926215277777778 0.08661265432098765 0.4932725694444444 0.08101851851851852 0.4917534722222222 0.0777391975308642 0.4861111111111111 0.078125 0.4817708333333333 0.07696759259259259 0.4774305555555556 0.07426697530864197
1 0.3962673611111111 0.07291666666666667 0.3949652777777778 0.0779320987654321 0.3951822916666667 0.08236882716049383 0.3962673611111111 0.08545524691358025 0.4008246527777778 0.08738425925925926 0.404296875 0.08699845679012345 0.4075520833333333 0.08564814814814815 0.4084201388888889 0.08487654320987655 0.4049479166666667 0.07175925925925926 0.4006076388888889 0.06886574074074074 0.3975694444444444 0.06983024691358025
1 0.330078125 0.078125 0.3296440972222222 0.08198302469135803 0.3315972222222222 0.08449074074074074 0.3350694444444444 0.08661265432098765 0.3422309027777778 0.08796296296296297 0.3530815972222222 0.08584104938271606 0.3548177083333333 0.08333333333333333 0.3563368055555556 0.0775462962962963 0.3559027777777778 0.07445987654320987 0.3550347222222222 0.07368827160493827 0.3522135416666667 0.07233796296296297 0.3489583333333333 0.07214506172839506 0.3450520833333333 0.07079475308641975 0.3411458333333333 0.07156635802469136 0.3335503472222222 0.07465277777777778 0.3313802083333333 0.07581018518518519
1 0.4496527777777778 0.05767746913580247 0.4496527777777778 0.0623070987654321 0.4513888888888889 0.06712962962962964 0.4529079861111111 0.06886574074074074 0.4572482638888889 0.06905864197530864 0.4637586805555556 0.06693672839506173 0.4657118055555556 0.06462191358024691 0.4661458333333333 0.061921296296296294 0.4654947916666667 0.05459104938271605 0.4637586805555556 0.047453703703703706 0.4615885416666667 0.047839506172839504 0.4583333333333333 0.04996141975308642 0.4568142361111111 0.04996141975308642 0.4535590277777778 0.046875 0.4524739583333333 0.046875 0.451171875 0.04938271604938271
1 0.4598524305555556 0.0314429012345679 0.4596354166666667 0.03684413580246913 0.4633246527777778 0.04301697530864197 0.4700520833333333 0.04456018518518518 0.4774305555555556 0.044174382716049385 0.4806857638888889 0.04513888888888889 0.4793836805555556 0.02970679012345679 0.4772135416666667 0.02488425925925926 0.4743923611111111 0.023726851851851853 0.4650607638888889 0.022569444444444444 0.4639756944444444 0.023148148148148147
1 0.4867621527777778 0.03684413580246913 0.4854600694444444 0.03973765432098766 0.486328125 0.050540123456790126 0.4884982638888889 0.052662037037037035 0.4930555555555556 0.05304783950617284 0.4945746527777778 0.05150462962962963 0.4950086805555556 0.048996913580246916 0.4952256944444444 0.03568672839506173 0.4945746527777778 0.03356481481481482 0.4911024305555556 0.032407407407407406 0.4880642361111111 0.034722222222222224
1 0.5423177083333334 0.0779320987654321 0.541015625 0.08294753086419752 0.5425347222222222 0.08834876543209877 0.5434027777777778 0.08912037037037036 0.5501302083333334 0.08834876543209877 0.552734375 0.08526234567901235 0.5525173611111112 0.08198302469135803 0.5509982638888888 0.07908950617283951 0.546875 0.07561728395061729 0.5434027777777778 0.0763888888888889
1 0.5423177083333334 0.08410493827160494 0.5421006944444444 0.08506944444444445 0.5434027777777778 0.08622685185185185 0.5501302083333334 0.08661265432098765 0.5529513888888888 0.08506944444444445 0.5501302083333334 0.08005401234567901 0.5496961805555556 0.08159722222222222 0.5479600694444444 0.08294753086419752 0.5462239583333334 0.08352623456790123 0.5434027777777778 0.08314043209876543
1 0.5329861111111112 0.07677469135802469 0.5329861111111112 0.0798611111111111 0.5355902777777778 0.08159722222222222 0.5407986111111112 0.08063271604938271 0.5436197916666666 0.0779320987654321 0.5464409722222222 0.0787037037037037 0.5483940972222222 0.078125 0.5477430555555556 0.07407407407407407 0.5501302083333334 0.06751543209876543 0.5501302083333334 0.0642361111111111 0.5447048611111112 0.05941358024691358 0.5431857638888888 0.059027777777777776
1 0.5477430555555556 0.05459104938271605 0.5473090277777778 0.05864197530864197 0.548828125 0.06404320987654322 0.5499131944444444 0.06481481481481481 0.5546875 0.0642361111111111 0.5562065972222222 0.060378086419753084 0.5553385416666666 0.053626543209876545 0.5542534722222222 0.05131172839506173 0.5536024305555556 0.05073302469135803 0.5499131944444444 0.05227623456790124
1 0.5364583333333334 0.05285493827160494 0.5362413194444444 0.05381944444444445 0.5386284722222222 0.05632716049382716 0.5407986111111112 0.06404320987654322 0.5431857638888888 0.06597222222222222 0.5464409722222222 0.06481481481481481 0.546875 0.0630787037037037 0.5455729166666666 0.05787037037037037 0.5460069444444444 0.053626543209876545 0.5436197916666666 0.05246913580246913
1 0.552734375 0.09818672839506173 0.552734375 0.10243055555555555 0.5546875 0.10397376543209877 0.560546875 0.10628858024691358 0.5635850694444444 0.10570987654320987 0.5631510416666666 0.10204475308641975 0.560546875 0.09915123456790123 0.5538194444444444 0.09741512345679013
1 0.5677083333333334 0.10262345679012345 0.5666232638888888 0.10570987654320987 0.5677083333333334 0.10628858024691358 0.5757378472222222 0.10609567901234568 0.5768229166666666 0.10358796296296297 0.5768229166666666 0.09780092592592593 0.5750868055555556 0.09645061728395062 0.5729166666666666 0.09702932098765432 0.5698784722222222 0.09895833333333333
1 0.6332465277777778 0.06404320987654322 0.6334635416666666 0.06790123456790123 0.640625 0.06867283950617284 0.6438802083333334 0.06712962962962964 0.6438802083333334 0.062114197530864196 0.6432291666666666 0.06076388888888889 0.6412760416666666 0.05999228395061729 0.6341145833333334 0.0625
1 0.3860677083333333 0.16589506172839505 0.3849826388888889 0.171875 0.3854166666666667 0.17881944444444445 0.3871527777777778 0.18229166666666666 0.3914930555555556 0.18344907407407407 0.3938802083333333 0.18209876543209877 0.3951822916666667 0.17881944444444445 0.3956163194444444 0.17476851851851852 0.3949652777777778 0.1720679012345679 0.3904079861111111 0.16396604938271606 0.3871527777777778 0.16377314814814814
1 0.3953993055555556 0.18016975308641975 0.3949652777777778 0.18306327160493827 0.3962673611111111 0.1857638888888889 0.4008246527777778 0.18557098765432098 0.404296875 0.18325617283950618 0.4075520833333333 0.17496141975308643 0.4103732638888889 0.1716820987654321 0.4108072916666667 0.16820987654320987 0.4073350694444444 0.16724537037037038 0.3997395833333333 0.1726466049382716
1 0.419921875 0.1707175925925926 0.419921875 0.17554012345679013 0.4214409722222222 0.17843364197530864 0.4255642361111111 0.18016975308641975 0.4288194444444444 0.17515432098765432 0.4303385416666667 0.1709104938271605 0.4303385416666667 0.16801697530864199 0.4322916666666667 0.16570216049382716 0.4322916666666667 0.16435185185185186 0.42578125 0.16165123456790123 0.4246961805555556 0.16184413580246915
1 0.4320746527777778 0.17708333333333334 0.4307725694444444 0.17862654320987653 0.4314236111111111 0.1857638888888889 0.4403211805555556 0.18595679012345678 0.4457465277777778 0.18518518518518517 0.4468315972222222 0.18422067901234568 0.4476996527777778 0.18229166666666666 0.4468315972222222 0.17862654320987653 0.4437934027777778 0.1753472222222222 0.4357638888888889 0.17496141975308643
1 0.4390190972222222 0.22781635802469136 0.4383680555555556 0.2309027777777778 0.4407552083333333 0.2322530864197531 0.4442274305555556 0.23591820987654322 0.4483506944444444 0.24189814814814814 0.4494357638888889 0.24614197530864199 0.4503038194444444 0.24614197530864199 0.4520399305555556 0.24479166666666666 0.4533420138888889 0.24093364197530864 0.4592013888888889 0.23746141975308643 0.4600694444444444 0.2345679012345679 0.4600694444444444 0.22743055555555555 0.4563802083333333 0.22511574074074073 0.4485677083333333 0.22337962962962962 0.4424913194444444 0.22530864197530864
1 0.4620225694444444 0.20601851851851852 0.4618055555555556 0.20698302469135801 0.466796875 0.21334876543209877 0.4713541666666667 0.21412037037037038 0.4741753472222222 0.21412037037037038 0.4754774305555556 0.21334876543209877 0.4735243055555556 0.20987654320987653 0.4676649305555556 0.20466820987654322 0.466796875 0.2042824074074074
1 0.4819878472222222 0.20949074074074073 0.4796006944444444 0.21315586419753085 0.48046875 0.21412037037037038 0.4893663194444444 0.21334876543209877 0.4904513888888889 0.21199845679012347 0.4911024305555556 0.20833333333333334 0.4906684027777778 0.2042824074074074 0.4874131944444444 0.2033179012345679
1 0.4500868055555556 0.1728395061728395 0.4496527777777778 0.17515432098765432 0.4529079861111111 0.17959104938271606 0.4600694444444444 0.18055555555555555 0.4626736111111111 0.17843364197530864 0.4641927083333333 0.17554012345679013 0.4620225694444444 0.16878858024691357 0.4565972222222222 0.16570216049382716 0.4526909722222222 0.16782407407407407
1 0.544921875 0.17515432098765432 0.5447048611111112 0.17901234567901234 0.5466579861111112 0.18267746913580246 0.5501302083333334 0.18441358024691357 0.5533854166666666 0.18267746913580246 0.5549045138888888 0.17901234567901234 0.5555555555555556 0.16743827160493827 0.5536024305555556 0.16666666666666666 0.5514322916666666 0.16801697530864199 0.5464409722222222 0.1724537037037037
1 0.5560700954861111 0.17267264660493828 0.5549750434027777 0.17680729166666667 0.5541536458333334 0.18045563271604936 0.5570746527777778 0.18209876543209877 0.5607638888888888 0.18094135802469136 0.5640190972222222 0.17746913580246915 0.5668402777777778 0.16493055555555555 0.5655381944444444 0.16358024691358025 0.5638020833333334 0.16319444444444445 0.5598958333333334 0.16493055555555555
1 0.5130848524305556 0.16561940586419754 0.5119898003472222 0.16561940586419754 0.5141059027777778 0.17939814814814814 0.5160590277777778 0.18113425925925927 0.5184461805555556 0.18190586419753085 0.5221354166666666 0.18074845679012347 0.5232204861111112 0.17881944444444445 0.5227864583333334 0.17496141975308643 0.5193142361111112 0.16801697530864199 0.5151909722222222 0.16377314814814814 0.5119357638888888 0.16338734567901234
1 0.5021701388888888 0.16493055555555555 0.5037760416666667 0.1695108024691358 0.5045974392361111 0.17218614969135804 0.5040496961805556 0.17267264660493828 0.5047743055555556 0.17881944444444445 0.5119357638888888 0.18171296296296297 0.5154079861111112 0.18152006172839505 0.5169270833333334 0.17824074074074073 0.5154079861111112 0.1716820987654321 0.513671875 0.1701388888888889 0.5125868055555556 0.16763117283950618 0.5082465277777778 0.16435185185185186 0.5049913194444444 0.16358024691358025
1 0.4802517361111111 0.16743827160493827 0.4837892795138889 0.17315914351851852 0.48515820312499996 0.1753479938271605 0.4873485243055556 0.17607773919753086 0.4878472222222222 0.17862654320987653 0.4950147569444444 0.1824014274691358 0.4985740017361111 0.1814284336419753 0.4963107638888889 0.1753472222222222 0.49609375 0.171875 0.4919704861111111 0.16473765432098766 0.4837239583333333 0.16435185185185186 0.4819878472222222 0.16493055555555555
1 0.4665798611111111 0.17843364197530864 0.4680989583333333 0.18171296296296297 0.4663628472222222 0.1853780864197531 0.466796875 0.18595679012345678 0.4817708333333333 0.18595679012345678 0.4950086805555556 0.18229166666666666 0.4950086805555556 0.17804783950617284 0.4939236111111111 0.17515432098765432 0.4915364583333333 0.1730324074074074 0.4878472222222222 0.1716820987654321 0.4806857638888889 0.1714891975308642 0.4776475694444444 0.17418981481481483 0.4702690972222222 0.17418981481481483
1 0.4105902777777778 0.37287808641975306 0.4136284722222222 0.3767361111111111 0.416015625 0.38348765432098764 0.4162326388888889 0.3871527777777778 0.4175347222222222 0.388695987654321 0.4246961805555556 0.3910108024691358 0.4286024305555556 0.3910108024691358 0.4359809027777778 0.38676697530864196 0.4370659722222222 0.38425925925925924 0.4366319444444444 0.3802083333333333 0.4351128472222222 0.37712191358024694 0.4327256944444444 0.3753858024691358 0.427734375 0.375 0.4227430555555556 0.3722993827160494 0.4186197916666667 0.37114197530864196 0.4140625 0.37114197530864196
1 0.26171875 0.29128086419753085 0.2619357638888889 0.29822530864197533 0.2645399305555556 0.30343364197530864 0.2738715277777778 0.3072916666666667 0.2834201388888889 0.30844907407407407 0.2897135416666667 0.30671296296296297 0.2944878472222222 0.3038194444444444 0.2979600694444444 0.3005401234567901 0.2951388888888889 0.2966820987654321 0.2864583333333333 0.2916666666666667 0.2790798611111111 0.29050925925925924 0.2760416666666667 0.29205246913580246 0.2723524305555556 0.28703703703703703 0.2710503472222222 0.2827932098765432 0.2690972222222222 0.2814429012345679 0.2654079861111111 0.2818287037037037 0.2643229166666667 0.2827932098765432
1 0.18446180555555555 0.373070987654321 0.18446180555555555 0.3767361111111111 0.18077256944444445 0.38329475308641975 0.18229166666666666 0.3856095679012346 0.18684895833333334 0.3856095679012346 0.193359375 0.3881172839506173 0.1994357638888889 0.38927469135802467 0.2052951388888889 0.3888888888888889 0.2092013888888889 0.3871527777777778 0.208984375 0.38329475308641975 0.2055121527777778 0.37808641975308643 0.20203993055555555 0.3748070987654321 0.1976996527777778 0.3732638888888889 0.19270833333333334 0.37287808641975306 0.189453125 0.3707561728395062 0.1857638888888889 0.3707561728395062
1 0.22374131944444445 0.43094135802469136 0.2224392361111111 0.4324845679012346 0.22547743055555555 0.4382716049382716 0.22526041666666666 0.4425154320987654 0.22743055555555555 0.44463734567901236 0.2302517361111111 0.44540895061728397 0.2424045138888889 0.44598765432098764 0.2419704861111111 0.4425154320987654 0.2328559027777778 0.4369212962962963 0.22764756944444445 0.43036265432098764
1 0.2760416666666667 0.4675925925925926 0.2725694444444444 0.4702932098765432 0.2734375 0.47685185185185186 0.2816840277777778 0.48900462962962965 0.2862413194444444 0.49054783950617287 0.2888454861111111 0.4903549382716049 0.2899305555555556 0.4878472222222222 0.2914496527777778 0.4868827160493827 0.2925347222222222 0.4866898148148148 0.2966579861111111 0.48842592592592593 0.2996961805555556 0.4859182098765432 0.3031684027777778 0.4855324074074074 0.3044704861111111 0.4845679012345679 0.3055555555555556 0.47800925925925924 0.3051215277777778 0.47588734567901236 0.3036024305555556 0.47357253086419754 0.30078125 0.47434413580246915 0.2986111111111111 0.47280092592592593 0.2986111111111111 0.47087191358024694 0.2966579861111111 0.46739969135802467 0.29296875 0.4679783950617284 0.2892795138888889 0.4660493827160494 0.2858072916666667 0.4670138888888889 0.2827690972222222 0.4662422839506173 0.2799479166666667 0.4677854938271605
1 0.1273871527777778 0.37191358024691357 0.126953125 0.373070987654321 0.13368055555555555 0.3794367283950617 0.14388020833333334 0.38676697530864196 0.14778645833333334 0.3873456790123457 0.15234375 0.3854166666666667 0.15321180555555555 0.38387345679012347 0.15321180555555555 0.37982253086419754 0.15147569444444445 0.3761574074074074 0.142578125 0.37114197530864196 0.1371527777777778 0.36651234567901236 0.1286892361111111 0.36959876543209874
1 0.1312934027777778 0.4660493827160494 0.1306423611111111 0.4670138888888889 0.13151041666666666 0.47010030864197533 0.13346354166666666 0.47164351851851855 0.1365017361111111 0.4710648148148148 0.13932291666666666 0.4695216049382716 0.1440972222222222 0.4699074074074074 0.14735243055555555 0.4689429012345679 0.14952256944444445 0.4670138888888889 0.15104166666666666 0.46412037037037035 0.15104166666666666 0.45852623456790126 0.14735243055555555 0.45717592592592593 0.1391059027777778 0.46084104938271603
1 0.11762152777777778 0.4488811728395062 0.119140625 0.4567901234567901 0.1228298611111111 0.46315586419753085 0.12608506944444445 0.4654706790123457 0.130859375 0.466820987654321 0.1343315972222222 0.4637345679012346 0.13411458333333334 0.4565972222222222 0.13172743055555555 0.4525462962962963 0.130859375 0.44579475308641975 0.12999131944444445 0.44483024691358025 0.12630208333333334 0.44463734567901236 0.12000868055555555 0.44598765432098764
1 0.0015190972222222222 0.5119598765432098 0 0.5119598765432098 0 0.5354938271604939 0.0015190972222222222 0.5354938271604939 0.002387152777777778 0.5378086419753086 0.004123263888888889 0.5385802469135802 0.008246527777777778 0.5368441358024691 0.01171875 0.5376157407407407 0.015407986111111112 0.5416666666666666 0.018880208333333332 0.5426311728395061 0.022569444444444444 0.5383873456790124 0.024956597222222224 0.5327932098765432 0.026041666666666668 0.529320987654321 0.026041666666666668 0.5250771604938271 0.023003472222222224 0.5233410493827161 0.016710069444444444 0.5244984567901234 0.007595486111111111 0.5239197530864198 0.005208333333333333 0.5192901234567902 0.004991319444444444 0.5150462962962963
1 0.1957465277777778 0.6747685185185185 0.19618055555555555 0.6788194444444444 0.20182291666666666 0.6828703703703703 0.2029079861111111 0.685570987654321 0.203125 0.6896219135802469 0.2068142361111111 0.6898148148148148 0.20985243055555555 0.6871141975308642 0.2133246527777778 0.6890432098765432 0.21375868055555555 0.6875 0.21809895833333334 0.6857638888888888 0.22200520833333334 0.6820987654320988 0.22200520833333334 0.6786265432098766 0.2202690972222222 0.6749614197530864 0.21006944444444445 0.6726466049382716 0.2033420138888889 0.675733024691358
1 0.11263020833333333 0.6711033950617284 0.11197916666666667 0.6716820987654321 0.11263020833333333 0.6734182098765432 0.1193576388888889 0.6824845679012346 0.12434895833333333 0.685570987654321 0.12760416666666666 0.6905864197530864 0.12782118055555555 0.6934799382716049 0.1291232638888889 0.6959876543209876 0.1304253472222222 0.6959876543209876 0.1365017361111111 0.691358024691358 0.14366319444444445 0.6890432098765432 0.14756944444444445 0.6838348765432098 0.14735243055555555 0.6793981481481481 0.13997395833333334 0.6763117283950617 0.1369357638888889 0.6678240740740741 0.13389756944444445 0.6678240740740741 0.130859375 0.6707175925925926 0.12434895833333333 0.6722608024691358
1 0.279296875 0.6662808641975309 0.2788628472222222 0.6685956790123457 0.2805989583333333 0.6716820987654321 0.2862413194444444 0.6793981481481481 0.2901475694444444 0.6820987654320988 0.2934027777777778 0.6822916666666666 0.3038194444444444 0.675733024691358 0.3014322916666667 0.6728395061728395 0.3016493055555556 0.6705246913580247 0.3038194444444444 0.6682098765432098 0.3012152777777778 0.6670524691358025 0.3005642361111111 0.6647376543209876 0.2962239583333333 0.6637731481481481 0.294921875 0.6651234567901234 0.2940538194444444 0.6687885802469136 0.2901475694444444 0.6697530864197531 0.2862413194444444 0.6691743827160493 0.2829861111111111 0.6647376543209876 0.28125 0.6649305555555556
1 0.2964409722222222 0.6645447530864198 0.2957899305555556 0.6751543209876543 0.2986111111111111 0.6786265432098766 0.3103298611111111 0.6809413580246914 0.3142361111111111 0.6797839506172839 0.3148871527777778 0.6747685185185185 0.3138020833333333 0.6703317901234568 0.3033854166666667 0.6666666666666666 0.3003472222222222 0.6643518518518519 0.296875 0.6639660493827161
1 0.333984375 0.6709104938271605 0.3335503472222222 0.6726466049382716 0.3352864583333333 0.6759259259259259 0.3439670138888889 0.6776620370370371 0.34765625 0.6774691358024691 0.3493923611111111 0.6759259259259259 0.3489583333333333 0.671875 0.3478732638888889 0.6701388888888888 0.341796875 0.6645447530864198 0.3383246527777778 0.6660879629629629
1 0.3263888888888889 0.6788194444444444 0.3268229166666667 0.685570987654321 0.3307291666666667 0.6961805555555556 0.333984375 0.6973379629629629 0.337890625 0.6961805555555556 0.3407118055555556 0.6927083333333334 0.3396267361111111 0.6884645061728395 0.3400607638888889 0.6782407407407407 0.3394097222222222 0.6768904320987654 0.3348524305555556 0.6724537037037037 0.3283420138888889 0.6749614197530864
1 0.3498263888888889 0.7027391975308642 0.3491753472222222 0.7033179012345679 0.3530815972222222 0.7065972222222222 0.357421875 0.7081404320987654 0.359375 0.7100694444444444 0.3626302083333333 0.7110339506172839 0.3624131944444444 0.7062114197530864 0.3602430555555556 0.7037037037037037 0.3559027777777778 0.7027391975308642
1 0.3237847222222222 0.703125 0.3198784722222222 0.7104552469135802 0.3138020833333333 0.7133487654320988 0.3142361111111111 0.7146990740740741 0.3218315972222222 0.7150848765432098 0.328125 0.7123842592592593 0.3315972222222222 0.7119984567901234 0.3342013888888889 0.7146990740740741 0.3383246527777778 0.7160493827160493 0.3452690972222222 0.7154706790123457 0.3459201388888889 0.7091049382716049 0.3472222222222222 0.7065972222222222 0.3472222222222222 0.703125 0.3428819444444444 0.7038966049382716 0.3385416666666667 0.7019675925925926
1 0.4288194444444444 0.685570987654321 0.4286024305555556 0.6890432098765432 0.4305555555555556 0.6905864197530864 0.4320746527777778 0.6915509259259259 0.4364149305555556 0.6907793209876543 0.4398871527777778 0.6867283950617284 0.4466145833333333 0.6819058641975309 0.4474826388888889 0.6786265432098766 0.4463975694444444 0.6749614197530864 0.4446614583333333 0.6726466049382716 0.4424913194444444 0.6711033950617284 0.4396701388888889 0.6711033950617284 0.4357638888888889 0.6730324074074074 0.4318576388888889 0.6778549382716049 0.4307725694444444 0.6820987654320988
1 0.5249565972222222 0.6921296296296297 0.5251736111111112 0.6959876543209876 0.529296875 0.6967592592592593 0.5431857638888888 0.6929012345679012 0.546875 0.6911651234567902 0.5486111111111112 0.6898148148148148 0.5509982638888888 0.6859567901234568 0.5514322916666666 0.6820987654320988 0.5505642361111112 0.6788194444444444 0.5475260416666666 0.6772762345679012 0.5412326388888888 0.6788194444444444 0.5355902777777778 0.6820987654320988
1 0.10807291666666667 0.7887731481481481 0.10785590277777778 0.7991898148148148 0.10655381944444445 0.8043981481481481 0.107421875 0.8055555555555556 0.109375 0.8059413580246914 0.11436631944444445 0.8034336419753086 0.11610243055555555 0.7984182098765432 0.11848958333333333 0.7797067901234568 0.11675347222222222 0.7766203703703703 0.11284722222222222 0.7777777777777778 0.11067708333333333 0.7797067901234568 0.10872395833333333 0.7829861111111112
1 0.11783854166666667 0.7862654320987654 0.1169704861111111 0.8011188271604939 0.11827256944444445 0.8036265432098766 0.11979166666666667 0.8040123456790124 0.123046875 0.8026620370370371 0.12434895833333333 0.7966820987654321 0.12890625 0.7897376543209876 0.12999131944444445 0.7866512345679012 0.12955729166666666 0.7827932098765432 0.12608506944444445 0.779320987654321 0.12022569444444445 0.7789351851851852 0.119140625 0.7800925925925926
1 0.25390625 0.7864583333333334 0.2552083333333333 0.8040123456790124 0.2565104166666667 0.8067129629629629 0.2591145833333333 0.8082561728395061 0.2621527777777778 0.8069058641975309 0.2649739583333333 0.7966820987654321 0.2682291666666667 0.7899305555555556 0.2682291666666667 0.7862654320987654 0.2660590277777778 0.78125 0.2634548611111111 0.7787422839506173 0.2610677083333333 0.7779706790123457 0.2586805555555556 0.7781635802469136 0.2571614583333333 0.779320987654321
1 0.4908854166666667 0.7891589506172839 0.4906684027777778 0.7935956790123457 0.494140625 0.8001543209876543 0.4956597222222222 0.8070987654320988 0.4976128472222222 0.808641975308642 0.5 0.8082561728395061 0.5026041666666666 0.8070987654320988 0.5030381944444444 0.8047839506172839 0.5030381944444444 0.7829861111111112 0.5021701388888888 0.7816358024691358 0.4991319444444444 0.7804783950617284 0.4945746527777778 0.7814429012345679 0.4932725694444444 0.7827932098765432
1 0.5010850694444444 0.7829861111111112 0.5017361111111112 0.7853009259259259 0.5010850694444444 0.7970679012345679 0.5021701388888888 0.8001543209876543 0.5004340277777778 0.8070987654320988 0.5049913194444444 0.8082561728395061 0.5084635416666666 0.8061342592592593 0.509765625 0.8038194444444444 0.5108506944444444 0.7964891975308642 0.513671875 0.7899305555555556 0.5132378472222222 0.7868441358024691 0.5119357638888888 0.7824074074074074 0.5095486111111112 0.78125 0.5047743055555556 0.78125
1 0.3031684027777778 0.8423996913580247 0.3025173611111111 0.8487654320987654 0.3036024305555556 0.8499228395061729 0.3070746527777778 0.8508873456790124 0.3114149305555556 0.8508873456790124 0.3179253472222222 0.8483796296296297 0.3187934027777778 0.8443287037037037 0.3177083333333333 0.8368055555555556 0.3168402777777778 0.8346836419753086 0.3142361111111111 0.8321759259259259 0.3107638888888889 0.8335262345679012 0.3055555555555556 0.8371913580246914
1 0.1990017361111111 0.8971836419753086 0.20247395833333334 0.8996913580246914 0.203125 0.9010416666666666 0.2092013888888889 0.9025848765432098 0.21354166666666666 0.9021990740740741 0.216796875 0.9010416666666666 0.2191840277777778 0.8977623456790124 0.21766493055555555 0.8929398148148148 0.21354166666666666 0.8904320987654321 0.20963541666666666 0.890625 0.20638020833333334 0.8927469135802469 0.2029079861111111 0.8964120370370371
1 0.19205729166666666 0.8960262345679012 0.19140625 0.8983410493827161 0.19639756944444445 0.9139660493827161 0.19986979166666666 0.9158950617283951 0.20399305555555555 0.9153163580246914 0.20768229166666666 0.9135802469135802 0.20963541666666666 0.9112654320987654 0.2109375 0.9035493827160493 0.2107204861111111 0.9008487654320988 0.20811631944444445 0.8993055555555556 0.2068142361111111 0.8964120370370371 0.1994357638888889 0.8960262345679012 0.19618055555555555 0.894483024691358
1 0.1232638888888889 0.9608410493827161 0.123046875 0.9637345679012346 0.1252170138888889 0.9658564814814815 0.1265190972222222 0.9666280864197531 0.12999131944444445 0.9662422839506173 0.13411458333333334 0.9600694444444444 0.134765625 0.9560185185185185 0.13389756944444445 0.9529320987654321 0.13020833333333334 0.9521604938271605 0.12890625 0.9527391975308642 0.125 0.9560185185185185
1 0.2543402777777778 0.9633487654320988 0.2530381944444444 0.9670138888888888 0.2552083333333333 0.9749228395061729 0.2588975694444444 0.9737654320987654 0.2621527777777778 0.9672067901234568 0.2669270833333333 0.964891975308642 0.2677951388888889 0.9627700617283951 0.2669270833333333 0.9600694444444444 0.2612847222222222 0.9575617283950617 0.2586805555555556 0.9579475308641975
1 0.2649739583333333 0.9594907407407407 0.2641059027777778 0.9598765432098766 0.2643229166666667 0.9629629629629629 0.2671440972222222 0.9670138888888888 0.2686631944444444 0.9737654320987654 0.2725694444444444 0.9739583333333334 0.2758246527777778 0.9635416666666666 0.2758246527777778 0.9600694444444444 0.2703993055555556 0.9589120370370371
1 0.42578125 0.9670138888888888 0.4253472222222222 0.9712577160493827 0.4294704861111111 0.9764660493827161 0.4314236111111111 0.9816743827160493 0.4333767361111111 0.9828317901234568 0.4364149305555556 0.9828317901234568 0.439453125 0.9809027777777778 0.4409722222222222 0.9826388888888888 0.4468315972222222 0.9832175925925926 0.4485677083333333 0.9818672839506173 0.4490017361111111 0.9803240740740741 0.4466145833333333 0.9731867283950617 0.44921875 0.9712577160493827 0.4529079861111111 0.9731867283950617 0.4544270833333333 0.970679012345679 0.4542100694444444 0.9681712962962963 0.4533420138888889 0.9672067901234568 0.4498697916666667 0.9685570987654321 0.4463975694444444 0.9672067901234568 0.4407552083333333 0.9633487654320988 0.4322916666666667 0.9604552469135802 0.4283854166666667 0.9619984567901234
1 0.5368923611111112 0.9592978395061729 0.5362413194444444 0.9600694444444444 0.5379774305555556 0.9635416666666666 0.5423177083333334 0.966820987654321 0.5438368055555556 0.9702932098765432 0.5440538194444444 0.9849537037037037 0.5427517361111112 0.9911265432098766 0.5434027777777778 0.9917052469135802 0.546875 0.9913194444444444 0.5505642361111112 0.9864969135802469 0.5557725694444444 0.9770447530864198 0.5614149305555556 0.9739583333333334 0.5642361111111112 0.9714506172839507 0.5661892361111112 0.9670138888888888 0.5399305555555556 0.9585262345679012
1 0.6414930555555556 0.9153163580246914 0.6393229166666666 0.9182098765432098 0.6395399305555556 0.9216820987654321 0.6414930555555556 0.9249614197530864 0.6408420138888888 0.935570987654321 0.6438802083333334 0.9392361111111112 0.6475694444444444 0.9392361111111112 0.6514756944444444 0.9371141975308642 0.6569010416666666 0.9359567901234568 0.6571180555555556 0.9286265432098766 0.658203125 0.9259259259259259 0.658203125 0.9214891975308642 0.6571180555555556 0.9178240740740741 0.654296875 0.9145447530864198 0.6510416666666666 0.9135802469135802 0.6447482638888888 0.9139660493827161
1 0.6265190972222222 0.9143518518518519 0.6265190972222222 0.9185956790123457 0.6276041666666666 0.9214891975308642 0.6336805555555556 0.9255401234567902 0.6380208333333334 0.9253472222222222 0.6432291666666666 0.9149305555555556 0.6408539496527778 0.9104189814814815 0.6390744357638889 0.9025144675925927 0.6315998263888889 0.9097866512345679 0.6291232638888888 0.9112654320987654
1 0.6705729166666666 0.8665123456790124 0.6703559027777778 0.8697916666666666 0.6716579861111112 0.8736496913580247 0.6766493055555556 0.8865740740740741 0.6788194444444444 0.8894675925925926 0.6820746527777778 0.8871527777777778 0.6848958333333334 0.8703703703703703 0.6844618055555556 0.8657407407407407 0.6805555555555556 0.8587962962962963 0.677734375 0.857445987654321 0.6751302083333334 0.8580246913580247 0.673828125 0.859375
1 0.9342447916666666 0.5904706790123457 0.9318576388888888 0.5987654320987654 0.9318576388888888 0.6022376543209876 0.9331597222222222 0.6047453703703703 0.9581163194444444 0.6194058641975309 0.9600694444444444 0.6199845679012346 0.9624565972222222 0.6190200617283951 0.9644097222222222 0.6161265432098766 0.9626736111111112 0.6138117283950617 0.9583333333333334 0.6107253086419753 0.9552951388888888 0.6060956790123457 0.9555121527777778 0.6022376543209876 0.9585503472222222 0.5954861111111112 0.9581163194444444 0.5912422839506173 0.9563802083333334 0.5896990740740741 0.9518229166666666 0.5893132716049383 0.9468315972222222 0.5902777777777778 0.943359375 0.5923996913580247 0.9357638888888888 0.5873842592592593
1 0.8207465277777778 0.9785879629629629 0.8196614583333334 0.9809027777777778 0.8220486111111112 0.9853395061728395 0.8244357638888888 0.9872685185185185 0.8268229166666666 0.9866898148148148 0.828125 0.9841820987654321 0.8266059027777778 0.9793595679012346 0.8244357638888888 0.9780092592592593 0.8211805555555556 0.9780092592592593
1 0.7999131944444444 0.9810956790123457 0.7992621527777778 0.984375 0.8001302083333334 0.9857253086419753 0.8107638888888888 0.9855324074074074 0.8146701388888888 0.9866898148148148 0.8166232638888888 0.9861111111111112 0.8179253472222222 0.9845679012345679 0.8181423611111112 0.9807098765432098 0.8142361111111112 0.9789737654320988 0.8109809027777778 0.9797453703703703 0.8033854166666666 0.9795524691358025
1 0.7764756944444444 0.9830246913580247 0.7762586805555556 0.9841820987654321 0.7790798611111112 0.9891975308641975 0.7827690972222222 0.9901620370370371 0.7838541666666666 0.9880401234567902 0.7829861111111112 0.9828317901234568 0.7782118055555556 0.9814814814814815
1 0.314453125 0.9650848765432098 0.3140190972222222 0.9677854938271605 0.3153211805555556 0.9702932098765432 0.3257378472222222 0.9720293209876543 0.3346354166666667 0.9749228395061729 0.3383246527777778 0.9731867283950617 0.33984375 0.9697145061728395 0.3400607638888889 0.9666280864197531 0.3387586805555556 0.9646990740740741 0.3352864583333333 0.9621913580246914 0.3318142361111111 0.9614197530864198 0.3209635416666667 0.9619984567901234 0.3157552083333333 0.9635416666666666
1 0.4175347222222222 0.9903549382716049 0.4171006944444444 0.9947916666666666 0.4181857638888889 0.9969135802469136 0.4201388888888889 0.9982638888888888 0.4201388888888889 0.9998070987654321 0.4340277777777778 0.9998070987654321 0.4340277777777778 0.9982638888888888 0.4357638888888889 0.9969135802469136 0.4361979166666667 0.9913194444444444 0.4353298611111111 0.9903549382716049 0.4225260416666667 0.9888117283950617
1 0.6766493055555556 0.5829475308641975 0.6768663194444444 0.5883487654320988 0.6783854166666666 0.5931712962962963 0.6825086805555556 0.5943287037037037 0.6864149305555556 0.5925925925925926 0.6903211805555556 0.5858410493827161 0.6909722222222222 0.5814043209876543 0.6896701388888888 0.5796682098765432 0.6872829861111112 0.5777391975308642 0.6818576388888888 0.5773533950617284 0.677734375 0.5802469135802469
1 0.6890190972222222 0.5804398148148148 0.6892361111111112 0.5837191358024691 0.6881510416666666 0.5887345679012346 0.6901041666666666 0.591820987654321 0.6996527777777778 0.5935570987654321 0.7037760416666666 0.595679012345679 0.7109375 0.5964506172839507 0.7152777777777778 0.5952932098765432 0.7152777777777778 0.591820987654321 0.7096354166666666 0.5881558641975309 0.7063802083333334 0.5808256172839507 0.6927083333333334 0.5783179012345679 0.6905381944444444 0.5788966049382716
1 0.7970920138888888 0.6120756172839507 0.7964409722222222 0.6126543209876543 0.796875 0.6163194444444444 0.8023003472222222 0.6188271604938271 0.8031684027777778 0.6201774691358025 0.8025173611111112 0.6228780864197531 0.7999131944444444 0.6265432098765432 0.80078125 0.628858024691358 0.8038194444444444 0.6290509259259259 0.8072916666666666 0.626929012345679 0.8096065538194445 0.626929012345679 0.8118489583333334 0.6278935185185185 0.8138020833333334 0.6302083333333334 0.8174913194444444 0.6309799382716049 0.8205295138888888 0.6217206790123457 0.8244357638888888 0.6213348765432098 0.8255208333333334 0.6195987654320988 0.8248697916666666 0.6155478395061729 0.8179253472222222 0.6120756172839507 0.8118489583333334 0.6109182098765432 0.8001302083333334 0.6111111111111112
1 0.021918402777777776 0.7818287037037037 0.022569444444444444 0.7932098765432098 0.025390625 0.8015046296296297 0.028862847222222224 0.8026620370370371 0.037109375 0.8022762345679012 0.039713541666666664 0.8015046296296297 0.04079861111111111 0.8003472222222222 0.03993055555555555 0.7978395061728395 0.035807291666666664 0.793016975308642 0.029296875 0.7824074074074074 0.026041666666666668 0.7798996913580247 0.022569444444444444 0.7804783950617284