1 0.9184027777777778 0.9614197530864198 0.9251302083333334 0.9672067901234568 0.9286024305555556 0.9764660493827161 0.9203559027777778 0.9807098765432098 0.9190538194444444 0.9878472222222222 0.9114583333333334 0.9957561728395061 0.9079861111111112 0.9942129629629629 0.8980034722222222 0.9702932098765432 0.90625 0.96875 0.9140625 0.9616126543209876 0.9181857638888888 0.9614197530864198
1 0.6788194444444444 0.8576388888888888 0.6848958333333334 0.8684413580246914 0.6820746527777778 0.8871527777777778 0.6792534722222222 0.8883101851851852 0.6705729166666666 0.8699845679012346 0.671875 0.8628472222222222 0.6786024305555556 0.8576388888888888
1 0.5399305555555556 0.9585262345679012 0.5462239583333334 0.9625771604938271 0.564453125 0.9670138888888888 0.5642361111111112 0.9704861111111112 0.5564236111111112 0.9760802469135802 0.5466579861111112 0.9911265432098766 0.5434027777777778 0.9917052469135802 0.5440538194444444 0.9701003086419753 0.5386284722222222 0.9631558641975309 0.5375434027777778 0.9596836419753086 0.5397135416666666 0.9585262345679012
1 0.4249131944444444 0.9897762345679012 0.4309895833333333 0.9913194444444444 0.4314236111111111 0.9998070987654321 0.4192708333333333 0.9998070987654321 0.4171006944444444 0.9913194444444444 0.4246961805555556 0.9897762345679012
1 0.4361979166666667 0.9623842592592593 0.4446614583333333 0.9673996913580247 0.4483506944444444 0.9807098765432098 0.4463975694444444 0.9826388888888888 0.4390190972222222 0.9803240740740741 0.4320746527777778 0.9822530864197531 0.4253472222222222 0.9704861111111112 0.4290364583333333 0.9645061728395061 0.4359809027777778 0.9623842592592593
1 0.5086805555555556 0.7814429012345679 0.5121527777777778 0.7833719135802469 0.5130208333333334 0.7897376543209876 0.5104166666666666 0.8043981481481481 0.5084635416666666 0.8076774691358025 0.5049913194444444 0.8082561728395061 0.4969618055555556 0.8069058641975309 0.4911024305555556 0.7901234567901234 0.4945746527777778 0.7816358024691358 0.5084635416666666 0.7814429012345679
1 0.3309461805555556 0.9625771604938271 0.3404947916666667 0.966820987654321 0.3402777777777778 0.9708719135802469 0.3350694444444444 0.9762731481481481 0.328125 0.9728009259259259 0.3181423611111111 0.9739583333333334 0.3157552083333333 0.970679012345679 0.3185763888888889 0.9652777777777778 0.3307291666666667 0.9625771604938271
1 0.546875 0.6780478395061729 0.55078125 0.6819058641975309 0.548828125 0.6888503086419753 0.5305989583333334 0.6961805555555556 0.5256076388888888 0.6959876543209876 0.525390625 0.6925154320987654 0.5362413194444444 0.6820987654320988 0.5466579861111112 0.6780478395061729
1 0.5718315972222222 0.6018518518518519 0.5952690972222222 0.6020447530864198 0.5952690972222222 0.6141975308641975 0.5848524305555556 0.6080246913580247 0.5813802083333334 0.6080246913580247 0.5779079861111112 0.6126543209876543 0.5703125 0.6060956790123457 0.5696614583333334 0.6024305555555556 0.5716145833333334 0.6018518518518519
1 0.4429253472222222 0.671875 0.4459635416666667 0.6753472222222222 0.4461805555555556 0.6809413580246914 0.4325086805555556 0.6911651234567902 0.4273003472222222 0.6857638888888888 0.4351128472222222 0.6734182098765432 0.4427083333333333 0.671875
1 0.2625868055555556 0.9565972222222222 0.2725694444444444 0.9600694444444444 0.2730034722222222 0.9702932098765432 0.2688802083333333 0.9716435185185185 0.2625868055555556 0.9689429012345679 0.2552083333333333 0.9751157407407407 0.2526041666666667 0.966820987654321 0.2584635416666667 0.9577546296296297 0.2623697916666667 0.9565972222222222
1 0.3107638888888889 0.8329475308641975 0.3168402777777778 0.8383487654320988 0.3179253472222222 0.8443287037037037 0.3151041666666667 0.847608024691358 0.3081597222222222 0.8499228395061729 0.3025173611111111 0.8489583333333334 0.302734375 0.8451003086419753 0.3057725694444444 0.8352623456790124 0.310546875 0.8329475308641975
1 0.9357638888888888 0.5854552469135802 0.9427083333333334 0.5927854938271605 0.9522569444444444 0.5875771604938271 0.9600694444444444 0.5908564814814815 0.9561631944444444 0.6059027777777778 0.9585503472222222 0.611304012345679 0.9641927083333334 0.6161265432098766 0.9596354166666666 0.6195987654320988 0.9390190972222222 0.6051311728395061 0.93359375 0.6035879629629629 0.9357638888888888 0.5856481481481481
1 0.8049045138888888 0.6118827160493827 0.8174913194444444 0.6128472222222222 0.8192274305555556 0.6151620370370371 0.8192274305555556 0.6205632716049383 0.8142361111111112 0.6313657407407407 0.8072916666666666 0.6253858024691358 0.8003472222222222 0.6277006172839507 0.7970920138888888 0.6267361111111112 0.8029513888888888 0.6195987654320988 0.7996961805555556 0.6128472222222222 0.8046875 0.6118827160493827
1 0.6864149305555556 0.5773533950617284 0.6959635416666666 0.5806327160493827 0.7029079861111112 0.5858410493827161 0.7039930555555556 0.5920138888888888 0.6996527777777778 0.5951003086419753 0.6783854166666666 0.5923996913580247 0.677734375 0.5814043209876543 0.681640625 0.5777391975308642 0.6861979166666666 0.5773533950617284
1 0.3326822916666667 0.7023533950617284 0.3400607638888889 0.7064043209876543 0.337890625 0.7092978395061729 0.3396267361111111 0.7133487654320988 0.3350694444444444 0.7141203703703703 0.3313802083333333 0.7114197530864198 0.318359375 0.7156635802469136 0.3142361111111111 0.7156635802469136 0.3138020833333333 0.7133487654320988 0.3194444444444444 0.7106481481481481 0.3224826388888889 0.7035108024691358 0.3324652777777778 0.7023533950617284
1 0.3322482638888889 0.6730324074074074 0.3387586805555556 0.6780478395061729 0.3396267361111111 0.6811342592592593 0.3409288194444444 0.6929012345679012 0.3350694444444444 0.6973379629629629 0.3309461805555556 0.6961805555555556 0.3257378472222222 0.6824845679012346 0.3279079861111111 0.6749614197530864 0.33203125 0.6730324074074074
1 0.416015625 0.37094907407407407 0.4320746527777778 0.3751929012345679 0.435546875 0.37808641975308643 0.4368489583333333 0.38445216049382713 0.4286024305555556 0.3908179012345679 0.4166666666666667 0.3879243827160494 0.4144965277777778 0.3775077160493827 0.4103732638888889 0.3732638888888889 0.4157986111111111 0.37094907407407407
1 0.2170138888888889 0.8917824074074074 0.2202690972222222 0.8940972222222222 0.2204861111111111 0.9008487654320988 0.216796875 0.9048996913580247 0.2107204861111111 0.9064429012345679 0.20768229166666666 0.9047067901234568 0.2052951388888889 0.8975694444444444 0.20985243055555555 0.8917824074074074 0.216796875 0.8917824074074074
1 0.2632378472222222 0.7791280864197531 0.267578125 0.7885802469135802 0.2619357638888889 0.8072916666666666 0.2591145833333333 0.8078703703703703 0.2552083333333333 0.8013117283950617 0.2541232638888889 0.7866512345679012 0.2586805555555556 0.7783564814814815 0.2630208333333333 0.7791280864197531
1 0.19270833333333334 0.8946759259259259 0.20399305555555555 0.8969907407407407 0.2068142361111111 0.9008487654320988 0.20638020833333334 0.9149305555555556 0.19856770833333334 0.9110725308641975 0.19205729166666666 0.9124228395061729 0.19053819444444445 0.9110725308641975 0.19270833333333334 0.8948688271604939
1 0.21158854166666666 0.673804012345679 0.21961805555555555 0.6753472222222222 0.22200520833333334 0.6822916666666666 0.20985243055555555 0.6923225308641975 0.20247395833333334 0.6915509259259259 0.20203993055555555 0.6838348765432098 0.19639756944444445 0.6765046296296297 0.2113715277777778 0.673804012345679
1 0.2901475694444444 0.4575617283950617 0.2973090277777778 0.4702932098765432 0.2934027777777778 0.47723765432098764 0.2866753472222222 0.4807098765432099 0.2864583333333333 0.48919753086419754 0.2808159722222222 0.4866898148148148 0.2736545138888889 0.4739583333333333 0.2725694444444444 0.466820987654321 0.2756076388888889 0.45987654320987653 0.2829861111111111 0.46045524691358025 0.2899305555555556 0.4575617283950617
1 0.23328993055555555 0.4367283950617284 0.2421875 0.4425154320987654 0.24131944444444445 0.44598765432098764 0.22721354166666666 0.4444444444444444 0.22352430555555555 0.43094135802469136 0.22764756944444445 0.42920524691358025 0.23307291666666666 0.4367283950617284
1 0.4500868055555556 0.22280092592592593 0.4587673611111111 0.22665895061728394 0.4602864583333333 0.23070987654320987 0.4594184027777778 0.23726851851851852 0.4542100694444444 0.24074074074074073 0.4529079861111111 0.24691358024691357 0.4507378472222222 0.24768518518518517 0.4437934027777778 0.2357253086419753 0.4368489583333333 0.23070987654320987 0.4388020833333333 0.22723765432098766 0.4498697916666667 0.22280092592592593
1 0.4880642361111111 0.2027391975308642 0.4906684027777778 0.2035108024691358 0.490234375 0.21219135802469136 0.484375 0.21392746913580246 0.4791666666666667 0.21315586419753085 0.4878472222222222 0.2027391975308642
1 0.5651041666666666 0.16338734567901234 0.5668402777777778 0.16493055555555555 0.5631510416666666 0.17862654320987653 0.5503472222222222 0.1840277777777778 0.5447048611111112 0.17862654320987653 0.5466579861111112 0.1726466049382716 0.5538194444444444 0.16608796296296297 0.5648871527777778 0.16338734567901234
1 0.5134548611111112 0.16396604938271606 0.5225694444444444 0.17457561728395063 0.5225694444444444 0.17997685185185186 0.5184461805555556 0.18209876543209877 0.5084635416666666 0.18016975308641975 0.4982638888888889 0.17515432098765432 0.4969618055555556 0.1722608024691358 0.5013020833333334 0.16473765432098766 0.5132378472222222 0.16396604938271606
1 0.4333767361111111 0.1707175925925926 0.4461805555555556 0.17611882716049382 0.4481336805555556 0.18267746913580246 0.4442274305555556 0.18557098765432098 0.4320746527777778 0.18595679012345678 0.42578125 0.1892361111111111 0.4229600694444444 0.18904320987654322 0.4246961805555556 0.17862654320987653 0.4331597222222222 0.1707175925925926
1 0.4253472222222222 0.16049382716049382 0.4327256944444444 0.16203703703703703 0.4342447916666667 0.16473765432098766 0.4309895833333333 0.17515432098765432 0.4253472222222222 0.18209876543209877 0.4194878472222222 0.1753472222222222 0.4205729166666667 0.16782407407407407 0.4251302083333333 0.16049382716049382
1 0.5581597222222222 0.09683641975308642 0.5779079861111112 0.09606481481481481 0.5766059027777778 0.10281635802469136 0.5713975694444444 0.10590277777777778 0.5577256944444444 0.10435956790123457 0.5553385416666666 0.09837962962962964 0.5579427083333334 0.09683641975308642
1 0.4084201388888889 0.16647376543209877 0.4112413194444444 0.16820987654320987 0.4105902777777778 0.1716820987654321 0.404296875 0.18287037037037038 0.400390625 0.18518518518518517 0.3936631944444444 0.18229166666666666 0.3958333333333333 0.17496141975308643 0.408203125 0.16647376543209877
1 0.4739583333333333 0.10609567901234568 0.4772135416666667 0.109375 0.4717881944444444 0.1255787037037037 0.453125 0.12905092592592593 0.4494357638888889 0.12287808641975309 0.4490017361111111 0.11496913580246913 0.4516059027777778 0.11207561728395062 0.4637586805555556 0.11458333333333333 0.4737413194444444 0.10628858024691358
1 0.5477430555555556 0.07523148148148148 0.5542534722222222 0.08140432098765432 0.5536024305555556 0.08892746913580248 0.5434027777777778 0.08796296296296297 0.5397135416666666 0.08545524691358025 0.5386284722222222 0.08121141975308642 0.5407986111111112 0.078125 0.5436197916666666 0.07542438271604938 0.5475260416666666 0.07523148148148148
1 0.2855902777777778 0.29128086419753085 0.2986111111111111 0.3005401234567901 0.2862413194444444 0.3101851851851852 0.2760416666666667 0.3115354938271605 0.2690972222222222 0.3150077160493827 0.2686631944444444 0.3107638888888889 0.2738715277777778 0.30362654320987653 0.2758246527777778 0.2957175925925926 0.2782118055555556 0.29301697530864196 0.2853732638888889 0.29128086419753085
1 0.1408420138888889 0.6774691358024691 0.14713541666666666 0.6790123456790124 0.1467013888888889 0.6859567901234568 0.1286892361111111 0.6961805555555556 0.12630208333333334 0.6961805555555556 0.1286892361111111 0.689429012345679 0.12565104166666666 0.685570987654321 0.1265190972222222 0.6834490740740741 0.140625 0.6774691358024691
1 0.189453125 0.3699845679012346 0.19618055555555555 0.3753858024691358 0.2029079861111111 0.3757716049382716 0.20616319444444445 0.3794367283950617 0.2074652777777778 0.38503086419753085 0.20182291666666666 0.38850308641975306 0.18250868055555555 0.38348765432098764 0.185546875 0.37094907407407407 0.1892361111111111 0.3699845679012346
1 0.2682291666666667 0.2923418209876543 0.012586805555555556 0.022569444444444444
1 0.1169704861111111 0.7785493827160493 0.11979166666666667 0.7822145061728395 0.11783854166666667 0.800733024691358 0.11566840277777778 0.8032407407407407 0.10590277777777778 0.8051697530864198 0.10438368055555555 0.8036265432098766 0.1091579861111111 0.7827932098765432 0.11284722222222222 0.7785493827160493 0.11675347222222222 0.7785493827160493
1 0.1369357638888889 0.6658950617283951 0.1384548611111111 0.6774691358024691 0.1267361111111111 0.6857638888888888 0.11957465277777778 0.6826774691358025 0.1115451388888889 0.6714891975308642 0.1271701388888889 0.6711033950617284 0.13671875 0.6658950617283951
1 0.13802083333333334 0.36554783950617287 0.15321180555555555 0.3800154320987654 0.1525607638888889 0.38445216049382713 0.1482204861111111 0.3871527777777778 0.1408420138888889 0.3854166666666667 0.1265190972222222 0.3732638888888889 0.13389756944444445 0.36612654320987653 0.13780381944444445 0.36554783950617287
1 0.3871527777777778 0.16435185185185186 0.3910590277777778 0.16435185185185186 0.3956163194444444 0.17476851851851852 0.3936631944444444 0.18287037037037038 0.3871527777777778 0.18190586419753085 0.3849826388888889 0.17573302469135801 0.3871527777777778 0.16454475308641975
1 0.4774305555555556 0.07368827160493827 0.4913194444444444 0.08043981481481481 0.4950086805555556 0.08468364197530864 0.4930555555555556 0.08757716049382716 0.4774305555555556 0.08834876543209877 0.4748263888888889 0.08834876543209877 0.4765625 0.08198302469135803 0.4748263888888889 0.07465277777777778 0.4772135416666667 0.07368827160493827
1 0.5434027777777778 0.058256172839506175 0.5483940972222222 0.0642361111111111 0.5462239583333334 0.07426697530864197 0.5399305555555556 0.08140432098765432 0.5345052083333334 0.08101851851851852 0.5329861111111112 0.07407407407407407 0.5431857638888888 0.05844907407407408
1 0.40234375 0.06905864197530864 0.4053819444444444 0.08198302469135803 0.4049479166666667 0.08487654320987655 0.4012586805555556 0.08641975308641975 0.3969184027777778 0.08468364197530864 0.3960503472222222 0.0775462962962963 0.3975694444444444 0.07021604938271606 0.4021267361111111 0.06905864197530864
1 0.4633246527777778 0.047260802469135804 0.4661458333333333 0.05941358024691358 0.4635416666666667 0.06693672839506173 0.4598524305555556 0.06886574074074074 0.453125 0.06828703703703703 0.4496527777777778 0.061342592592592594 0.4516059027777778 0.048032407407407406 0.4598524305555556 0.05015432098765432 0.4631076388888889 0.047453703703703706
1 0.3502604166666667 0.07310956790123457 0.3548177083333333 0.07677469135802469 0.3541666666666667 0.08217592592592593 0.3511284722222222 0.08487654320987655 0.3422309027777778 0.08603395061728394 0.337890625 0.08526234567901235 0.330078125 0.078125 0.3387586805555556 0.07388117283950617 0.3500434027777778 0.07310956790123457
1 0.2458767361111111 0.2640817901234568 0.2482638888888889 0.2654320987654321 0.2445746527777778 0.2800925925925926 0.22526041666666666 0.2806712962962963 0.2191840277777778 0.279320987654321 0.2170138888888889 0.2683256172839506 0.23372395833333334 0.2662037037037037 0.23763020833333334 0.267554012345679 0.2456597222222222 0.2640817901234568
1 0.026475694444444444 0.7797067901234568 0.04014756944444445 0.7999614197530864 0.03732638888888889 0.8016975308641975 0.029079861111111112 0.8015046296296297 0.024088541666666668 0.7970679012345679 0.021267361111111112 0.7827932098765432 0.022569444444444444 0.7802854938271605 0.026258680555555556 0.7797067901234568
1 0.07573784722222222 0.36477623456790126 0.08854166666666667 0.3757716049382716 0.09830729166666667 0.37962962962962965 0.0920138888888889 0.39274691358024694 0.08311631944444445 0.3854166666666667 0.07703993055555555 0.38348765432098764 0.07183159722222222 0.36728395061728397 0.07552083333333333 0.36477623456790126
1 0.2105034722222222 0.06385030864197531 0.2165798611111111 0.06712962962962964 0.2189670138888889 0.07098765432098765 0.2191840277777778 0.0783179012345679 0.21397569444444445 0.08179012345679013 0.20985243055555555 0.08101851851851852 0.20616319444444445 0.07465277777777778 0.20638020833333334 0.06442901234567901 0.21028645833333334 0.06385030864197531
1 0.4928385416666667 0.03298611111111111 0.4952256944444444 0.03587962962962963 0.4947916666666667 0.05073302469135803 0.4915364583333333 0.05324074074074074 0.486328125 0.05131172839506173 0.4841579861111111 0.03993055555555555 0.4878472222222222 0.03452932098765432 0.4926215277777778 0.03298611111111111
1 0.46875 0.022376543209876542 0.4763454861111111 0.026041666666666668 0.4789496527777778 0.03279320987654321 0.4774305555555556 0.040123456790123455 0.4704861111111111 0.04378858024691358 0.4637586805555556 0.041666666666666664 0.4594184027777778 0.033950617283950615 0.4659288194444444 0.022569444444444444 0.4685329861111111 0.022376543209876542
1 0.2803819444444444 0.6676311728395061 0.2816840277777778 0.671875 0.2845052083333333 0.6751543209876543 0.2877604166666667 0.6817129629629629 0.2884114583333333 0.6851851851851852 0.2894965277777778 0.6859567901234568 0.2931857638888889 0.6863425925925926 0.2947048611111111 0.6857638888888888 0.2981770833333333 0.6795910493827161 0.3072916666666667 0.6805555555555556 0.3103298611111111 0.6819058641975309 0.3142361111111111 0.6797839506172839 0.3140190972222222 0.6709104938271605 0.3003472222222222 0.6637731481481481 0.296875 0.6628086419753086 0.2955729166666667 0.6687885802469136 0.2927517361111111 0.6701388888888888 0.2894965277777778 0.6705246913580247 0.2860243055555556 0.6695601851851852 0.2827690972222222 0.6651234567901234 0.2829861111111111 0.6657021604938271
1 0.3335503472222222 0.6712962962962963 0.3337673611111111 0.6745756172839507 0.3352864583333333 0.6761188271604939 0.3420138888888889 0.6768904320987654 0.345703125 0.6765046296296297 0.3474392361111111 0.6753472222222222 0.3474392361111111 0.6716820987654321 0.3459201388888889 0.6684027777777778 0.3420138888888889 0.6643518518518519 0.3387586805555556 0.6649305555555556
1 0.3491753472222222 0.7029320987654321 0.3530815972222222 0.7065972222222222 0.3628472222222222 0.7114197530864198 0.3630642361111111 0.7064043209876543 0.361328125 0.7038966049382716 0.3569878472222222 0.7027391975308642
1 0.3396267361111111 0.7064043209876543 0.3404947916666667 0.7096836419753086 0.3387586805555556 0.7135416666666666 0.3413628472222222 0.7156635802469136 0.34375 0.7154706790123457 0.3452690972222222 0.7141203703703703 0.3461371527777778 0.7083333333333334 0.3485243055555556 0.703125 0.3450520833333333 0.703125 0.3407118055555556 0.705054012345679
1 0.00032617187499999996 0.5360970293209877 0.00044487847222222216 0.5392582947530864 0 0.5408950617283951 0.0015190972222222222 0.5408950617283951 0.0078125 0.5378086419753086 0.009982638888888888 0.5378086419753086 0.014756944444444444 0.5410879629629629 0.022352430555555556 0.5416666666666666 0.026041666666666668 0.529320987654321 0.026692708333333332 0.5260416666666666 0.026041666666666668 0.5243055555555556 0.022786458333333332 0.5229552469135802 0.016927083333333332 0.5241126543209876 0.008463541666666666 0.5243055555555556 0.004596354166666667 0.530723186728395 0.00044487847222222216 0.5371508487654322
1 0.1328125 0.46489197530864196 0.1325954861111111 0.4702932098765432 0.13368055555555555 0.4714506172839506 0.1369357638888889 0.47164351851851855 0.1401909722222222 0.4697145061728395 0.14388020833333334 0.4699074074074074 0.1469184027777778 0.4691358024691358 0.14930555555555555 0.466820987654321 0.1506076388888889 0.46392746913580246 0.15104166666666666 0.45929783950617287 0.1488715277777778 0.4573688271604938 0.1469184027777778 0.45698302469135804 0.13997395833333334 0.45949074074074076 0.13671875 0.46199845679012347 0.13368055555555555 0.46315586419753085
1 0.1174045138888889 0.4479166666666667 0.1169704861111111 0.4496527777777778 0.11870659722222222 0.45621141975308643 0.1213107638888889 0.46199845679012347 0.12456597222222222 0.46469907407407407 0.12630208333333334 0.4652777777777778 0.1286892361111111 0.46489197530864196 0.13020833333333334 0.4635416666666667 0.130859375 0.46103395061728397 0.130859375 0.44579475308641975 0.12999131944444445 0.44483024691358025 0.1267361111111111 0.44425154320987653 0.11979166666666667 0.44463734567901236
1 0.029296875 0.42804783950617287 0.029079861111111112 0.4288194444444444 0.033203125 0.4315200617283951 0.038628472222222224 0.4324845679012346 0.044270833333333336 0.43209876543209874 0.045572916666666664 0.42978395061728397 0.04513888888888889 0.4243827160493827 0.04600694444444445 0.4216820987654321 0.043402777777777776 0.4203317901234568 0.03927951388888889 0.4216820987654321 0.031684027777777776 0.42476851851851855
1 0.3059895833333333 0.35223765432098764 0.3057725694444444 0.3560956790123457 0.3068576388888889 0.3587962962962963 0.3125 0.3591820987654321 0.3129340277777778 0.35146604938271603 0.3103298611111111 0.35030864197530864 0.3075086805555556 0.3506944444444444
1 0.4097222222222222 0.2795138888888889 0.4092881944444444 0.2827932098765432 0.4127604166666667 0.283179012345679 0.4181857638888889 0.2822145061728395 0.4216579861111111 0.279320987654321 0.4201388888888889 0.27449845679012347 0.41796875 0.27295524691358025 0.4136284722222222 0.2743055555555556
1 0.2708333333333333 0.15335648148148148 0.2710503472222222 0.1570216049382716 0.271484375 0.15779320987654322 0.2730034722222222 0.1579861111111111 0.2803819444444444 0.1550925925925926 0.2827690972222222 0.15084876543209877 0.2814670138888889 0.14911265432098766 0.2779947916666667 0.14872685185185186 0.2725694444444444 0.15065586419753085
1 0.2504340277777778 0.15335648148148148 0.2504340277777778 0.1558641975308642 0.2517361111111111 0.1576003086419753 0.2591145833333333 0.15779320987654322 0.2651909722222222 0.1548996913580247 0.2662760416666667 0.15065586419753085 0.2654079861111111 0.14969135802469136 0.2621527777777778 0.14930555555555555 0.2586805555555556 0.14737654320987653 0.2552083333333333 0.14718364197530864 0.2515190972222222 0.15104166666666666
1 0.2654079861111111 0.14969135802469136 0.2654079861111111 0.1564429012345679 0.2682291666666667 0.15817901234567902 0.2723524305555556 0.1579861111111111 0.2732204861111111 0.1566358024691358 0.2777777777777778 0.15470679012345678 0.2795138888888889 0.15470679012345678 0.28125 0.15123456790123457 0.2795138888888889 0.14911265432098766 0.2719184027777778 0.14891975308641975 0.2693142361111111 0.14795524691358025
1 0.2847222222222222 0.10455246913580248 0.2840711805555556 0.10570987654320987 0.2849392361111111 0.10667438271604938 0.2897135416666667 0.1087962962962963 0.2918836805555556 0.10706018518518519 0.2921006944444444 0.10570987654320987 0.2897135416666667 0.10358796296296297 0.2862413194444444 0.10281635802469136
1 0.6395399305555556 0.06018518518518518 0.6378038194444444 0.06404320987654322 0.6380208333333334 0.06732253086419752 0.6401909722222222 0.06809413580246913 0.6436631944444444 0.06770833333333333 0.6440972222222222 0.05941358024691358 0.6404079861111112 0.058834876543209874
1 0.6351996527777778 0.0642361111111111 0.6343315972222222 0.06751543209876543 0.63671875 0.06809413580246913 0.6414930555555556 0.06751543209876543 0.642578125 0.06500771604938271 0.6423611111111112 0.0630787037037037 0.6408420138888888 0.06114969135802469
1 0.9431423611111112 0.3582175925925926 0.9429253472222222 0.3591820987654321 0.9459635416666666 0.36574074074074076 0.9494357638888888 0.3707561728395062 0.9509548611111112 0.37094907407407407 0.9535590277777778 0.3705632716049383 0.955078125 0.36612654320987653 0.9592013888888888 0.3630401234567901 0.966796875 0.3626543209876543 0.9676649305555556 0.3595679012345679 0.96484375 0.35628858024691357 0.9594184027777778 0.3551311728395062 0.9466145833333334 0.3551311728395062 0.9446614583333334 0.3559027777777778
1 0.6360677083333334 0.9230324074074074 0.63671875 0.9293981481481481 0.6356336805555556 0.9322916666666666 0.6438802083333334 0.939429012345679 0.6471354166666666 0.9392361111111112 0.6522714843749999 0.9363425925925926 0.6566840277777778 0.935570987654321 0.6579861111111112 0.9209104938271605 0.6571180555555556 0.918016975308642 0.6545138888888888 0.9149305555555556 0.6512586805555556 0.9141589506172839 0.6404079861111112 0.9147376543209876 0.6371527777777778 0.9182098765432098
1 0.6256510416666666 0.9147376543209876 0.6254340277777778 0.9184027777777778 0.6336805555555556 0.9230324074074074 0.640625 0.9147376543209876 0.6393229166666666 0.9056712962962963 0.6373697916666666 0.9027777777777778 0.6278211805555556 0.9106867283950617
1 0.7771267361111112 0.9807098765432098 0.7771267361111112 0.9845679012345679 0.7808159722222222 0.9890046296296297 0.7829861111111112 0.9903549382716049 0.7847222222222222 0.988233024691358 0.7845052083333334 0.9837962962962963 0.7836371527777778 0.9820601851851852 0.7795138888888888 0.9803240740740741
1 0.7992621527777778 0.9816743827160493 0.7990451388888888 0.9845679012345679 0.8001302083333334 0.9861111111111112 0.8014322916666666 0.9861111111111112 0.8122829861111112 0.984375 0.8133680555555556 0.9809027777777778 0.8057725694444444 0.9791666666666666 0.8005642361111112 0.9801311728395061
1 0.8127170138888888 0.9793595679012346 0.8111979166666666 0.9807098765432098 0.8114149305555556 0.984375 0.8133680555555556 0.9866898148148148 0.814453125 0.9868827160493827 0.8172743055555556 0.984375 0.8174913194444444 0.9809027777777778 0.8142361111111112 0.9785879629629629
1 0.8213975694444444 0.9785879629629629 0.8211805555555556 0.9810956790123457 0.8229166666666666 0.9851466049382716 0.8244357638888888 0.9866898148148148 0.8268229166666666 0.9859182098765432 0.8283420138888888 0.9841820987654321 0.8272569444444444 0.9793595679012346 0.8250868055555556 0.9780092592592593
1 0.4801996527777778 0.1825096450617284 0.030694444444444444 0.014035493827160494
1 0.4500868055555556 0.171875 0.4494357638888889 0.1753472222222222 0.4526909722222222 0.17959104938271606 0.4611545138888889 0.18074845679012347 0.4635416666666667 0.18016975308641975 0.46484375 0.17881944444444445 0.4678819444444444 0.1716820987654321 0.466796875 0.16859567901234568 0.4646267361111111 0.16666666666666666 0.4563802083333333 0.16550925925925927 0.4522569444444444 0.16801697530864199
1 0.4800347222222222 0.16724537037037038 0.4798177083333333 0.1728395061728395 0.4828559027777778 0.17766203703703703 0.4835069444444444 0.18229166666666666 0.4915364583333333 0.18325617283950618 0.4958767361111111 0.17746913580246915 0.498046875 0.17631172839506173 0.5017361111111112 0.17650462962962962 0.5030381944444444 0.1753472222222222 0.5028211805555556 0.16782407407407407 0.5049913194444444 0.16473765432098766 0.4876302083333333 0.16396604938271606 0.4817708333333333 0.16493055555555555
1 0.4772135416666667 0.1423611111111111 0.4737413194444444 0.14737654320987653 0.4741753472222222 0.14911265432098766 0.4756944444444444 0.15007716049382716 0.4911024305555556 0.15007716049382716 0.4934895833333333 0.14930555555555555 0.4947916666666667 0.14776234567901234 0.4913194444444444 0.1440972222222222 0.484375 0.1410108024691358 0.4806857638888889 0.1408179012345679
1 0.4971788194444444 0.14699074074074073 0.4976128472222222 0.14988425925925927 0.4991319444444444 0.15142746913580246 0.5054253472222222 0.15354938271604937 0.5086805555555556 0.15123456790123457 0.5069444444444444 0.14718364197530864 0.5049913194444444 0.14583333333333334 0.5013020833333334 0.14506172839506173 0.4982638888888889 0.14583333333333334
1 0.9348958333333334 0.3288966049382716 0.9346788194444444 0.3315972222222222 0.9366319444444444 0.33622685185185186 0.9375 0.3412422839506173 0.9392361111111112 0.3429783950617284 0.9448784722222222 0.3427854938271605 0.9524739583333334 0.33969907407407407 0.9559461805555556 0.3393132716049383 0.9585503472222222 0.33757716049382713 0.958984375 0.33487654320987653 0.9578993055555556 0.33217592592592593 0.9563802083333334 0.33101851851851855 0.9361979166666666 0.3277391975308642