1 0.9188368055555556 0.9614197530864198 0.9253472222222222 0.966820987654321 0.9292534722222222 0.9772376543209876 0.919921875 0.9807098765432098 0.9194878472222222 0.9872685185185185 0.9118923611111112 0.9955632716049383 0.9079861111111112 0.9928626543209876 0.8975694444444444 0.9704861111111112 0.9073350694444444 0.9685570987654321 0.9142795138888888 0.9614197530864198 0.9186197916666666 0.9614197530864198
1 0.8266059027777778 0.9782021604938271 0.8285590277777778 0.984375 0.8248697916666666 0.9874614197530864 0.8203125 0.9799382716049383 0.8211805555555556 0.9776234567901234 0.8263888888888888 0.9782021604938271
1 0.8157552083333334 0.9789737654320988 0.8187934027777778 0.9822530864197531 0.8174913194444444 0.9874614197530864 0.7983940972222222 0.9845679012345679 0.8003472222222222 0.9795524691358025 0.8155381944444444 0.9789737654320988
1 0.775390625 0.9807098765432098 0.7827690972222222 0.9816743827160493 0.7845052083333334 0.9864969135802469 0.7829861111111112 0.9918981481481481 0.7805989583333334 0.9909336419753086 0.775390625 0.9809027777777778
1 0.6516927083333334 0.9137731481481481 0.6577690972222222 0.9197530864197531 0.6564670138888888 0.935570987654321 0.6510416666666666 0.9361496913580247 0.6475694444444444 0.9396219135802469 0.6438802083333334 0.9396219135802469 0.6338975694444444 0.9332561728395061 0.6334635416666666 0.9295910493827161 0.6373697916666666 0.9168595679012346 0.6410590277777778 0.9145447530864198 0.6514756944444444 0.9137731481481481
1 0.6786024305555556 0.8580246913580247 0.685546875 0.8667052469135802 0.6822916666666666 0.8871527777777778 0.6781684027777778 0.8865740740740741 0.6703559027777778 0.8697916666666666 0.673828125 0.8595679012345679 0.6783854166666666 0.8580246913580247
1 0.6371527777777778 0.9027777777777778 0.6395399305555556 0.9041280864197531 0.642578125 0.9137731481481481 0.6510416666666666 0.9135802469135802 0.6571180555555556 0.9184027777777778 0.6566840277777778 0.935570987654321 0.6440972222222222 0.9396219135802469 0.6382378472222222 0.9344135802469136 0.6336805555555556 0.9334490740740741 0.6323784722222222 0.9243827160493827 0.6260850694444444 0.9182098765432098 0.6280381944444444 0.9114583333333334 0.6369357638888888 0.9029706790123457
1 0.638671875 0.9025848765432098 0.6404079861111112 0.9143518518518519 0.6304253472222222 0.921875 0.6267361111111112 0.9209104938271605 0.6258680555555556 0.9149305555555556 0.6384548611111112 0.9025848765432098
1 0.8070746527777778 0.6116898148148148 0.8205295138888888 0.6128472222222222 0.8253038194444444 0.6151620370370371 0.8246527777777778 0.6209490740740741 0.8181423611111112 0.623070987654321 0.8174913194444444 0.6302083333333334 0.8140190972222222 0.6300154320987654 0.8107638888888888 0.6267361111111112 0.7999131944444444 0.6284722222222222 0.8018663194444444 0.6228780864197531 0.7966579861111112 0.6197916666666666 0.796875 0.6155478395061729 0.8001302083333334 0.6116898148148148 0.8068576388888888 0.6116898148148148
1 0.5397135416666666 0.9581404320987654 0.5453559027777778 0.9625771604938271 0.5640190972222222 0.9670138888888888 0.5640190972222222 0.9704861111111112 0.5564236111111112 0.9758873456790124 0.546875 0.9911265432098766 0.5431857638888888 0.9911265432098766 0.5436197916666666 0.9701003086419753 0.5381944444444444 0.9627700617283951 0.5373263888888888 0.9596836419753086 0.5394965277777778 0.9583333333333334
1 0.4240451388888889 0.9895833333333334 0.4357638888888889 0.9909336419753086 0.4361979166666667 0.9998070987654321 0.4186197916666667 0.9998070987654321 0.4171006944444444 0.9913194444444444 0.423828125 0.9895833333333334
1 0.4361979166666667 0.9614197530864198 0.4457465277777778 0.9702932098765432 0.4483506944444444 0.980516975308642 0.4463975694444444 0.9830246913580247 0.4411892361111111 0.9822530864197531 0.4390190972222222 0.9770447530864198 0.4375 0.9810956790123457 0.4320746527777778 0.982445987654321 0.4253472222222222 0.9710648148148148 0.4286024305555556 0.9629629629629629 0.4320746527777778 0.9608410493827161 0.4359809027777778 0.9614197530864198
1 0.5062934027777778 0.7783564814814815 0.5119357638888888 0.7829861111111112 0.5128038194444444 0.7903163580246914 0.5095486111111112 0.7962962962962963 0.509765625 0.8036265432098766 0.505859375 0.8061342592592593 0.5032552083333334 0.8036265432098766 0.5006510416666666 0.7827932098765432 0.501953125 0.779320987654321 0.5060763888888888 0.7783564814814815
1 0.5008680555555556 0.7810570987654321 0.5036892361111112 0.8038194444444444 0.5028211805555556 0.8072916666666666 0.4986979166666667 0.8090277777777778 0.4947916666666667 0.8072916666666666 0.4908854166666667 0.7893518518518519 0.4945746527777778 0.7820216049382716 0.5006510416666666 0.7810570987654321
1 0.5056423611111112 0.7781635802469136 0.5119357638888888 0.7827932098765432 0.5128038194444444 0.7899305555555556 0.5093315972222222 0.7964891975308642 0.5086805555555556 0.8053626543209876 0.4997829861111111 0.808641975308642 0.4947916666666667 0.8070987654320988 0.4906684027777778 0.7932098765432098 0.4911024305555556 0.7870370370370371 0.4945746527777778 0.7824074074074074 0.5054253472222222 0.7781635802469136
1 0.3361545138888889 0.9633487654320988 0.3400607638888889 0.9664351851851852 0.3404947916666667 0.9702932098765432 0.3350694444444444 0.9762731481481481 0.328125 0.9729938271604939 0.3205295138888889 0.9745370370370371 0.3148871527777778 0.9702932098765432 0.31640625 0.9670138888888888 0.3279079861111111 0.9621913580246914 0.3359375 0.9633487654320988
1 0.546875 0.6780478395061729 0.55078125 0.6817129629629629 0.548828125 0.6888503086419753 0.5303819444444444 0.6961805555555556 0.5258246527777778 0.6961805555555556 0.5256076388888888 0.6923225308641975 0.5362413194444444 0.6820987654320988 0.5466579861111112 0.6780478395061729
1 0.5939670138888888 0.6018518518518519 0.599609375 0.6035879629629629 0.6030815972222222 0.6082175925925926 0.6048177083333334 0.6172839506172839 0.6026475694444444 0.6201774691358025 0.5933159722222222 0.6068672839506173 0.5805121527777778 0.6066743827160493 0.5779079861111112 0.6153549382716049 0.5687934027777778 0.6059027777777778 0.5681423611111112 0.6024305555555556 0.5700954861111112 0.6018518518518519 0.59375 0.6018518518518519
1 0.4392361111111111 0.6712962962962963 0.4453125 0.673804012345679 0.4457465277777778 0.6820987654320988 0.435546875 0.6907793209876543 0.4322916666666667 0.691358024691358 0.4273003472222222 0.6882716049382716 0.4266493055555556 0.6857638888888888 0.4333767361111111 0.6753472222222222 0.4390190972222222 0.6714891975308642
1 0.2664930555555556 0.9575617283950617 0.2727864583333333 0.9612268518518519 0.2727864583333333 0.9710648148148148 0.2688802083333333 0.9724151234567902 0.2654079861111111 0.96875 0.2619357638888889 0.9691358024691358 0.2586805555555556 0.9743441358024691 0.2556423611111111 0.9751157407407407 0.2530381944444444 0.9670138888888888 0.2541232638888889 0.9635416666666666 0.2586805555555556 0.9579475308641975 0.2662760416666667 0.9575617283950617
1 0.314453125 0.8344907407407407 0.3177083333333333 0.8385416666666666 0.3172743055555556 0.8487654320987654 0.3109809027777778 0.8514660493827161 0.3025173611111111 0.8493441358024691 0.3033854166666667 0.8410493827160493 0.3070746527777778 0.8352623456790124 0.3142361111111111 0.8344907407407407
1 0.3502604166666667 0.703125 0.3595920138888889 0.703125 0.3630642361111111 0.7062114197530864 0.3626302083333333 0.7108410493827161 0.3517795138888889 0.7064043209876543 0.3502604166666667 0.7033179012345679
1 0.3315972222222222 0.7021604938271605 0.3372395833333333 0.7038966049382716 0.3394097222222222 0.7133487654320988 0.3350694444444444 0.7141203703703703 0.3307291666666667 0.7116126543209876 0.3190104166666667 0.7152777777777778 0.3142361111111111 0.7152777777777778 0.3138020833333333 0.7133487654320988 0.3194444444444444 0.7106481481481481 0.3226996527777778 0.703125 0.3313802083333333 0.7021604938271605
1 0.2607421875 0.7931134259259259 0.014105902777777778 0.030671296296296297
1 0.21158854166666666 0.890625 0.2172309027777778 0.8933256172839507 0.21809895833333334 0.8996913580246914 0.216796875 0.904320987654321 0.21006944444444445 0.9072145061728395 0.20572916666666666 0.9045138888888888 0.20377604166666666 0.8975694444444444 0.20638020833333334 0.892554012345679 0.2113715277777778 0.890625
1 0.1968315972222222 0.8960262345679012 0.203125 0.8973765432098766 0.20572916666666666 0.9006558641975309 0.20638020833333334 0.9149305555555556 0.1996527777777778 0.9128086419753086 0.19205729166666666 0.9147376543209876 0.19270833333333334 0.9008487654320988 0.19661458333333334 0.8960262345679012
1 0.12999131944444445 0.9515817901234568 0.13346354166666666 0.9523533950617284 0.134765625 0.9564043209876543 0.12999131944444445 0.966820987654321 0.1304253472222222 0.970679012345679 0.1265190972222222 0.9739583333333334 0.12044270833333333 0.966820987654321 0.12239583333333333 0.9596836419753086 0.12999131944444445 0.9517746913580247
1 0.1056857638888889 0.9789737654320988 0.11631944444444445 0.9807098765432098 0.11458333333333333 0.984375 0.12022569444444445 0.9932484567901234 0.11762152777777778 0.9998070987654321 0.10850694444444445 0.9998070987654321 0.1032986111111111 0.9913194444444444 0.1056857638888889 0.9791666666666666
1 0.9611545138888888 0.5883487654320988 0.962890625 0.5920138888888888 0.9559461805555556 0.6024305555555556 0.9578993055555556 0.6103395061728395 0.9641927083333334 0.6159336419753086 0.9605034722222222 0.6195987654320988 0.935546875 0.6043595679012346 0.9325086805555556 0.5985725308641975 0.935546875 0.5933641975308642 0.9390190972222222 0.5920138888888888 0.9461805555555556 0.5935570987654321 0.9529079861111112 0.5893132716049383 0.9609375 0.5883487654320988
1 0.6861979166666666 0.5775462962962963 0.7033420138888888 0.5852623456790124 0.7046440972222222 0.5887345679012346 0.6966145833333334 0.5945216049382716 0.6898871527777778 0.5922067901234568 0.6829427083333334 0.5935570987654321 0.6781684027777778 0.5922067901234568 0.6775173611111112 0.5817901234567902 0.6812065972222222 0.5779320987654321 0.6859809027777778 0.5775462962962963
1 0.3385416666666667 0.6655092592592593 0.341796875 0.6649305555555556 0.3461371527777778 0.6685956790123457 0.3480902777777778 0.6747685185185185 0.3470052083333333 0.6780478395061729 0.341796875 0.6809413580246914 0.3385416666666667 0.6815200617283951 0.3346354166666667 0.6780478395061729 0.3331163194444444 0.6716820987654321 0.3385416666666667 0.6657021604938271
1 0.3315972222222222 0.6726466049382716 0.3400607638888889 0.6788194444444444 0.3413628472222222 0.6959876543209876 0.3315972222222222 0.6967592592592593 0.3296440972222222 0.6938657407407407 0.3259548611111111 0.6809413580246914 0.3279079861111111 0.6749614197530864 0.3313802083333333 0.6728395061728395
1 0.9411892361111112 0.3277391975308642 0.9461805555555556 0.3308256172839506 0.9568142361111112 0.3298611111111111 0.9626736111111112 0.3377700617283951 0.9737413194444444 0.33834876543209874 0.9761284722222222 0.341820987654321 0.9635416666666666 0.3543595679012346 0.9657118055555556 0.3609182098765432 0.9561631944444444 0.3630401234567901 0.9529079861111112 0.37094907407407407 0.9494357638888888 0.3697916666666667 0.943359375 0.3591820987654321 0.9420572916666666 0.3452932098765432 0.9377170138888888 0.34239969135802467 0.9340277777777778 0.3314043209876543 0.9357638888888888 0.3273533950617284 0.9409722222222222 0.3277391975308642
1 0.9390190972222222 0.3269675925925926 0.9459635416666666 0.3306327160493827 0.9581163194444444 0.33024691358024694 0.9637586805555556 0.33815586419753085 0.974609375 0.3385416666666667 0.9761284722222222 0.341820987654321 0.970703125 0.3487654320987654 0.9602864583333334 0.3524305555555556 0.9427083333333334 0.35262345679012347 0.9424913194444444 0.3452932098765432 0.9372829861111112 0.3420138888888889 0.9338107638888888 0.3314043209876543 0.9348958333333334 0.3277391975308642 0.9388020833333334 0.3271604938271605
1 0.4149305555555556 0.3707561728395062 0.4344618055555556 0.37635030864197533 0.4375 0.38329475308641975 0.4361979166666667 0.38599537037037035 0.4279513888888889 0.3912037037037037 0.4175347222222222 0.3894675925925926 0.4147135416666667 0.3784722222222222 0.4105902777777778 0.3732638888888889 0.4147135416666667 0.37094907407407407
1 0.2966579861111111 0.6628086419753086 0.3140190972222222 0.6703317901234568 0.3146701388888889 0.6724537037037037 0.3140190972222222 0.6793981481481481 0.2897135416666667 0.6811342592592593 0.2799479166666667 0.6682098765432098 0.2931857638888889 0.6703317901234568 0.2966579861111111 0.6630015432098766
1 0.21202256944444445 0.6739969135802469 0.21983506944444445 0.6755401234567902 0.22178819444444445 0.6820987654320988 0.21006944444444445 0.6925154320987654 0.20247395833333334 0.6923225308641975 0.2016059027777778 0.6830632716049383 0.1970486111111111 0.6784336419753086 0.19856770833333334 0.6761188271604939 0.21180555555555555 0.6739969135802469
1 0.2899305555555556 0.4575617283950617 0.2936197916666667 0.45929783950617287 0.2970920138888889 0.470679012345679 0.2936197916666667 0.47704475308641975 0.2866753472222222 0.4807098765432099 0.287109375 0.48823302469135804 0.2810329861111111 0.4859182098765432 0.2730034722222222 0.4702932098765432 0.2760416666666667 0.4637345679012346 0.2829861111111111 0.46219135802469136 0.2897135416666667 0.45775462962962965
1 0.22764756944444445 0.42862654320987653 0.2326388888888889 0.4359567901234568 0.2419704861111111 0.4425154320987654 0.2417534722222222 0.44598765432098764 0.22721354166666666 0.44425154320987653 0.22374131944444445 0.43113425925925924 0.22743055555555555 0.42862654320987653
1 0.4507378472222222 0.22280092592592593 0.4598524305555556 0.22723765432098766 0.4605034722222222 0.23167438271604937 0.4594184027777778 0.23765432098765432 0.4498697916666667 0.24710648148148148 0.4444444444444444 0.23630401234567902 0.4379340277777778 0.23051697530864199 0.4444444444444444 0.22395833333333334 0.4505208333333333 0.22280092592592593
1 0.490234375 0.2029320987654321 0.4898003472222222 0.21296296296296297 0.4861111111111111 0.21373456790123457 0.4793836805555556 0.21315586419753085 0.4856770833333333 0.2033179012345679 0.4900173611111111 0.2029320987654321
1 0.466796875 0.2033179012345679 0.474609375 0.21334876543209877 0.4670138888888889 0.21334876543209877 0.4609375 0.20717592592592593 0.4665798611111111 0.2035108024691358
1 0.5659722222222222 0.16377314814814814 0.5627170138888888 0.17901234567901234 0.5505642361111112 0.18383487654320987 0.5470920138888888 0.18287037037037038 0.544921875 0.17881944444444445 0.546875 0.1726466049382716 0.5538194444444444 0.16589506172839505 0.5657552083333334 0.16377314814814814
1 0.5073784722222222 0.16338734567901234 0.515625 0.16396604938271606 0.521484375 0.171875 0.5227864583333334 0.17939814814814814 0.5184461805555556 0.18229166666666666 0.51171875 0.18209876543209877 0.4971788194444444 0.1739969135802469 0.49609375 0.1714891975308642 0.5010850694444444 0.16493055555555555 0.5071614583333334 0.16338734567901234
1 0.4954427083333333 0.16319444444444445 0.501953125 0.16493055555555555 0.4913194444444444 0.1840277777777778 0.4826388888888889 0.18152006172839505 0.4796006944444444 0.16705246913580246 0.4874131944444444 0.16300154320987653 0.4952256944444444 0.16319444444444445
1 0.4845920138888889 0.16647376543209877 0.4943576388888889 0.1739969135802469 0.4930555555555556 0.18306327160493827 0.4680989583333333 0.18595679012345678 0.4600694444444444 0.1900077160493827 0.4615885416666667 0.17978395061728394 0.4663628472222222 0.17380401234567902 0.4769965277777778 0.17573302469135801 0.4798177083333333 0.1732253086419753 0.4806857638888889 0.16666666666666666 0.484375 0.16647376543209877
1 0.4598524305555556 0.16512345679012347 0.4694010416666667 0.1720679012345679 0.4670138888888889 0.17669753086419754 0.4583333333333333 0.18036265432098766 0.4526909722222222 0.17978395061728394 0.44921875 0.17515432098765432 0.4529079861111111 0.16724537037037038 0.4596354166666667 0.16512345679012347
1 0.4370659722222222 0.1712962962962963 0.4468315972222222 0.17727623456790123 0.447265625 0.18364197530864199 0.4442274305555556 0.18557098765432098 0.431640625 0.18595679012345678 0.42578125 0.1892361111111111 0.4231770833333333 0.1882716049382716 0.4244791666666667 0.17824074074074073 0.4312065972222222 0.1714891975308642 0.4368489583333333 0.1712962962962963
1 0.42578125 0.16068672839506173 0.4329427083333333 0.16184413580246915 0.4344618055555556 0.16493055555555555 0.4320746527777778 0.16820987654320987 0.4325086805555556 0.17515432098765432 0.4253472222222222 0.18209876543209877 0.4207899305555556 0.17843364197530864 0.4194878472222222 0.1712962962962963 0.4225260416666667 0.16165123456790123 0.4255642361111111 0.16068672839506173
1 0.4809027777777778 0.1371527777777778 0.498046875 0.14776234567901234 0.5082465277777778 0.14737654320987653 0.5049913194444444 0.1560570987654321 0.4913194444444444 0.15200617283950618 0.474609375 0.15084876543209877 0.4737413194444444 0.14718364197530864 0.4772135416666667 0.13695987654320987 0.4806857638888889 0.1371527777777778
1 0.576171875 0.09606481481481481 0.5787760416666666 0.09837962962962964 0.5776909722222222 0.10243055555555555 0.5726996527777778 0.10628858024691358 0.5672743055555556 0.10570987654320987 0.5651041666666666 0.10223765432098765 0.5709635416666666 0.09722222222222222 0.5759548611111112 0.09606481481481481
1 0.560546875 0.09799382716049383 0.5635850694444444 0.10204475308641975 0.5607638888888888 0.10570987654320987 0.5538194444444444 0.10378086419753087 0.5520833333333334 0.09915123456790123 0.5603298611111112 0.09799382716049383
1 0.6427951388888888 0.060570987654320986 0.6438802083333334 0.06500771604938271 0.6401909722222222 0.06809413580246913 0.6334635416666666 0.06770833333333333 0.6334635416666666 0.06365740740740741 0.642578125 0.060570987654320986
1 0.3904079861111111 0.16377314814814814 0.3953993055555556 0.17496141975308643 0.3940972222222222 0.18132716049382716 0.390625 0.18383487654320987 0.3871527777777778 0.18209876543209877 0.3849826388888889 0.17573302469135801 0.38671875 0.16493055555555555 0.3901909722222222 0.16377314814814814
1 0.4743923611111111 0.10609567901234568 0.4772135416666667 0.10648148148148148 0.4789496527777778 0.1097608024691358 0.4739583333333333 0.12287808641975309 0.4565972222222222 0.1284722222222222 0.4516059027777778 0.1267361111111111 0.4496527777777778 0.11921296296296297 0.4529079861111111 0.11670524691358025 0.46484375 0.11535493827160494 0.4741753472222222 0.10609567901234568
1 0.5473090277777778 0.07445987654320987 0.5538194444444444 0.08159722222222222 0.5544704861111112 0.08719135802469136 0.5523003472222222 0.08873456790123457 0.5427517361111112 0.08796296296296297 0.5392795138888888 0.08487654320987655 0.5384114583333334 0.08101851851851852 0.5470920138888888 0.07445987654320987
1 0.5470920138888888 0.06385030864197531 0.5505642361111112 0.07947530864197531 0.5436197916666666 0.08082561728395062 0.5451388888888888 0.08506944444444445 0.5434027777777778 0.08564814814814815 0.5338541666666666 0.08140432098765432 0.5327690972222222 0.07503858024691358 0.5366753472222222 0.06809413580246913 0.546875 0.06385030864197531
1 0.1189236111111111 0.9504243827160493 0.12217881944444445 0.9529320987654321 0.12217881944444445 0.9567901234567902 0.11631944444444445 0.9772376543209876 0.10221354166666667 0.9760802469135802 0.09917534722222222 0.9718364197530864 0.10091145833333333 0.9670138888888888 0.1134982638888889 0.9523533950617284 0.11870659722222222 0.9504243827160493
1 0.11957465277777778 0.9506172839506173 0.123046875 0.9589120370370371 0.12999131944444445 0.9521604938271605 0.13368055555555555 0.9529320987654321 0.13411458333333334 0.9577546296296297 0.1310763888888889 0.9619984567901234 0.1293402777777778 0.9737654320987654 0.12630208333333334 0.9776234567901234 0.11393229166666667 0.984375 0.10980902777777778 0.9953703703703703 0.10590277777777778 0.9918981481481481 0.10503472222222222 0.9803240740740741 0.09895833333333333 0.9739583333333334 0.09917534722222222 0.9702932098765432 0.1130642361111111 0.953125 0.1193576388888889 0.9506172839506173
1 0.12391493055555555 0.7785493827160493 0.1271701388888889 0.7795138888888888 0.12999131944444445 0.7868441358024691 0.12434895833333333 0.7953317901234568 0.123046875 0.8038194444444444 0.12044270833333333 0.8042052469135802 0.1174045138888889 0.8005401234567902 0.11805555555555555 0.7826003086419753 0.1189236111111111 0.779320987654321 0.12369791666666667 0.7785493827160493
1 0.11675347222222222 0.7785493827160493 0.1265190972222222 0.779320987654321 0.12955729166666666 0.7860725308641975 0.12391493055555555 0.7953317901234568 0.123046875 0.8036265432098766 0.10590277777777778 0.8051697530864198 0.1091579861111111 0.7824074074074074 0.11263020833333333 0.7787422839506173 0.11653645833333333 0.7785493827160493
1 0.1171875 0.7789351851851852 0.11870659722222222 0.7901234567901234 0.1169704861111111 0.8020833333333334 0.10590277777777778 0.8057484567901234 0.1091579861111111 0.7824074074074074 0.11284722222222222 0.7785493827160493 0.1169704861111111 0.7789351851851852
1 0.1410590277777778 0.6776620370370371 0.14756944444444445 0.6799768518518519 0.14735243055555555 0.6857638888888888 0.14388020833333334 0.6892361111111112 0.12782118055555555 0.6963734567901234 0.12565104166666666 0.6957947530864198 0.1291232638888889 0.6888503086419753 0.1254340277777778 0.6857638888888888 0.125 0.6822916666666666 0.1408420138888889 0.6776620370370371
1 0.13411458333333334 0.6668595679012346 0.13736979166666666 0.6682098765432098 0.1384548611111111 0.6766975308641975 0.12391493055555555 0.6830632716049383 0.11827256944444445 0.6799768518518519 0.1115451388888889 0.6716820987654321 0.126953125 0.6712962962962963 0.13389756944444445 0.6668595679012346
1 0.14756944444444445 0.4558256172839506 0.15125868055555555 0.45987654320987653 0.14930555555555555 0.466820987654321 0.13368055555555555 0.4720293209876543 0.1306423611111111 0.4702932098765432 0.130859375 0.4679783950617284 0.134765625 0.46662808641975306 0.13997395833333334 0.45949074074074076 0.14735243055555555 0.4558256172839506
1 0.1857638888888889 0.3699845679012346 0.19596354166666666 0.3748070987654321 0.2026909722222222 0.3755787037037037 0.20768229166666666 0.38329475308641975 0.20616319444444445 0.3871527777777778 0.20052083333333334 0.388695987654321 0.18250868055555555 0.38387345679012347 0.1857638888888889 0.37017746913580246
1 0.14756944444444445 0.45601851851851855 0.15125868055555555 0.45968364197530864 0.14908854166666666 0.4670138888888889 0.1345486111111111 0.4731867283950617 0.13020833333333334 0.47164351851851855 0.12586805555555555 0.46334876543209874 0.14735243055555555 0.45601851851851855
1 0.12000868055555555 0.4427083333333333 0.123046875 0.44483024691358025 0.12999131944444445 0.44425154320987653 0.1310763888888889 0.44598765432098764 0.1332465277777778 0.46026234567901236 0.1271701388888889 0.4652777777777778 0.11979166666666667 0.4600694444444444 0.1171875 0.4529320987654321 0.11675347222222222 0.4461805555555556 0.11979166666666667 0.4427083333333333
1 0.1371527777777778 0.3653549382716049 0.1521267361111111 0.3777006172839506 0.1527777777777778 0.3836805555555556 0.1488715277777778 0.3871527777777778 0.140625 0.38522376543209874 0.1271701388888889 0.3732638888888889 0.1284722222222222 0.36959876543209874 0.1369357638888889 0.3653549382716049
1 0.8148871527777778 0.03530092592592592 0.8302951388888888 0.03973765432098766 0.8298611111111112 0.047260802469135804 0.8248697916666666 0.05015432098765432 0.8051215277777778 0.0466820987654321 0.8068576388888888 0.03973765432098766 0.8146701388888888 0.03530092592592592
1 0.2681206597222222 0.2925347222222222 0.012803819444444444 0.022569444444444444
1 0.23828125 0.26273148148148145 0.24131944444444445 0.2631172839506173 0.24479166666666666 0.26774691358024694 0.24609375 0.279320987654321 0.24153645833333334 0.2810570987654321 0.2170138888888889 0.2795138888888889 0.2170138888888889 0.27469135802469136 0.2282986111111111 0.27372685185185186 0.2341579861111111 0.2629243827160494 0.2380642361111111 0.26273148148148145
1 0.408203125 0.16628086419753085 0.4112413194444444 0.16820987654320987 0.4108072916666667 0.1716820987654321 0.4010416666666667 0.18518518518518517 0.396484375 0.1849922839506173 0.3936631944444444 0.18248456790123457 0.3951822916666667 0.17631172839506173 0.3975694444444444 0.1726466049382716 0.4079861111111111 0.16628086419753085
1 0.2827690972222222 0.14834104938271606 0.2827690972222222 0.15181327160493827 0.2790798611111111 0.1552854938271605 0.2573784722222222 0.1566358024691358 0.24891493055555555 0.1545138888888889 0.2549913194444444 0.14891975308641975 0.2725694444444444 0.15027006172839505 0.2825520833333333 0.14834104938271606
1 0.4780815972222222 0.07388117283950617 0.4848090277777778 0.0777391975308642 0.4911024305555556 0.078125 0.4924045138888889 0.08506944444444445 0.4880642361111111 0.08777006172839506 0.4772135416666667 0.08699845679012345 0.4739583333333333 0.08854166666666667 0.4722222222222222 0.08834876543209877 0.474609375 0.08159722222222222 0.4733072916666667 0.07445987654320987 0.4739583333333333 0.07291666666666667 0.4778645833333333 0.07388117283950617
1 0.5542534722222222 0.05092592592592592 0.5562065972222222 0.06076388888888889 0.5540364583333334 0.06539351851851852 0.5475260416666666 0.0628858024691358 0.5447048611111112 0.055169753086419755 0.5540364583333334 0.05092592592592592
1 0.5368923611111112 0.05131172839506173 0.5553385416666666 0.05304783950617284 0.5553385416666666 0.0642361111111111 0.5414496527777778 0.06751543209876543 0.5397135416666666 0.06751543209876543 0.5388454861111112 0.058256172839506175 0.5349392361111112 0.05381944444444445 0.5366753472222222 0.05131172839506173
1 0.4010416666666667 0.06847993827160494 0.404296875 0.07214506172839506 0.4053819444444444 0.0787037037037037 0.4049479166666667 0.08506944444444445 0.4012586805555556 0.08661265432098765 0.3973524305555556 0.08506944444444445 0.3960503472222222 0.08159722222222222 0.3975694444444444 0.07060185185185185 0.4008246527777778 0.06847993827160494
1 0.3491753472222222 0.07233796296296297 0.3541666666666667 0.07484567901234568 0.3552517361111111 0.0785108024691358 0.3522135416666667 0.08429783950617284 0.345703125 0.08603395061728394 0.3337673611111111 0.08294753086419752 0.3324652777777778 0.0779320987654321 0.3383246527777778 0.07407407407407407 0.3489583333333333 0.07233796296296297
1 0.453125 0.0466820987654321 0.4565972222222222 0.05015432098765432 0.4633246527777778 0.047839506172839504 0.4646267361111111 0.050347222222222224 0.4652777777777778 0.06404320987654322 0.45703125 0.06867283950617284 0.4522569444444444 0.06790123456790123 0.4503038194444444 0.0642361111111111 0.4529079861111111 0.0466820987654321
1 0.21375868055555555 0.06404320987654322 0.21961805555555555 0.07040895061728394 0.2183159722222222 0.07908950617283951 0.21375868055555555 0.08217592592592593 0.20985243055555555 0.08063271604938271 0.205078125 0.06770833333333333 0.2065972222222222 0.06327160493827161 0.21354166666666666 0.06404320987654322
1 0.07465277777777778 0.3653549382716049 0.078125 0.36612654320987653 0.08984375 0.3782793209876543 0.1013454861111111 0.3800154320987654 0.09526909722222222 0.3869598765432099 0.0881076388888889 0.3917824074074074 0.08289930555555555 0.3861882716049383 0.07660590277777778 0.38348765432098764 0.0744357638888889 0.36554783950617287
1 0.026041666666666668 0.8026620370370371 0.022569444444444444 0.7959104938271605 0.021267361111111112 0.7856867283950617 0.022352430555555556 0.7802854938271605 0.025390625 0.7795138888888888 0.03515625 0.7935956790123457 0.035807291666666664 0.796875 0.03298611111111111 0.8003472222222222 0.038628472222222224 0.8070987654320988 0.03624131944444445 0.8092206790123457 0.026258680555555556 0.8026620370370371
1 0.03624131944444445 0.4149305555555556 0.039713541666666664 0.41782407407407407 0.04275173611111111 0.4315200617283951 0.023220486111111112 0.4288194444444444 0.020833333333333332 0.41975308641975306 0.022569444444444444 0.4158950617283951 0.03125 0.4211033950617284 0.03624131944444445 0.41512345679012347
1 0.4921875 0.03279320987654321 0.4947916666666667 0.03452932098765432 0.4952256944444444 0.04089506172839506 0.4947916666666667 0.050540123456790126 0.4917534722222222 0.05324074074074074 0.4876302083333333 0.05285493827160494 0.4858940972222222 0.050540123456790126 0.4841579861111111 0.039544753086419755 0.4919704861111111 0.03279320987654321
1 0.4676649305555556 0.02179783950617284 0.4763454861111111 0.025655864197530864 0.4791666666666667 0.03298611111111111 0.4772135416666667 0.040123456790123455 0.4702690972222222 0.04436728395061729 0.4631076388888889 0.041666666666666664 0.4592013888888889 0.03356481481481482 0.4674479166666667 0.02179783950617284
1 0.003472222222222222 0.529320987654321 0.001736111111111111 0.5314429012345679 0 0.5314429012345679 0 0.5418595679012346 0.004991319444444444 0.5414737654320988 0.009765625 0.5401234567901234 0.012152777777777778 0.5405092592592593 0.013454861111111112 0.5420524691358025 0.018880208333333332 0.5439814814814815 0.020833333333333332 0.5432098765432098 0.026258680555555556 0.529320987654321 0.025390625 0.5256558641975309 0.022135416666666668 0.5248842592592593 0.019965277777777776 0.5258487654320988 0.019314236111111112 0.5270061728395061 0.015407986111111112 0.5258487654320988 0.0078125 0.529320987654321 0.005642361111111111 0.5287422839506173
1 0.3016493055555556 0.35223765432098764 0.3020833333333333 0.3568672839506173 0.3001302083333333 0.359375 0.3023003472222222 0.3605324074074074 0.3033854166666667 0.36342592592592593 0.3075086805555556 0.36246141975308643 0.310546875 0.36323302469135804 0.3129340277777778 0.359375 0.3127170138888889 0.35455246913580246 0.3148871527777778 0.3489583333333333 0.3122829861111111 0.34837962962962965 0.3036024305555556 0.34857253086419754
1 0.2723524305555556 0.30864197530864196 0.2717013888888889 0.31037808641975306 0.2723524305555556 0.3113425925925926 0.2829861111111111 0.3130787037037037 0.2866753472222222 0.31114969135802467 0.2899305555555556 0.3080632716049383 0.2907986111111111 0.30362654320987653 0.2829861111111111 0.30246913580246915 0.2784288194444444 0.3028549382716049 0.2747395833333333 0.30516975308641975
1 0.4112413194444444 0.27835648148148145 0.4110243055555556 0.2827932098765432 0.4162326388888889 0.2810570987654321 0.4201388888888889 0.2760416666666667 0.4184027777777778 0.27295524691358025 0.4147135416666667 0.2743055555555556
1 0.5703125 0.7928240740740741 0.5705295138888888 0.7939814814814815 0.5744357638888888 0.7976466049382716 0.5774739583333334 0.7964891975308642 0.5783420138888888 0.7932098765432098 0.5755208333333334 0.7912808641975309 0.5731336805555556 0.7910879629629629
1 0.5807291666666666 0.7924382716049383 0.5807291666666666 0.7935956790123457 0.5848524305555556 0.7962962962962963 0.5885416666666666 0.7961033950617284 0.5902777777777778 0.7934027777777778 0.5881076388888888 0.7910879629629629 0.5848524305555556 0.7903163580246914 0.5818142361111112 0.7908950617283951
1 0.6299913194444444 0.7920524691358025 0.6293402777777778 0.7932098765432098 0.6317274305555556 0.796875 0.63671875 0.800733024691358 0.6382378472222222 0.8005401234567902 0.6388888888888888 0.7962962962962963 0.6375868055555556 0.7939814814814815 0.6336805555555556 0.7914737654320988
1 0.6081163194444444 0.7956250000000001 0.013480902777777777 0.012474922839506172