1 0.9184027777777778 0.9614197530864198 0.9251302083333334 0.9670138888888888 0.9288194444444444 0.9774305555555556 0.9223090277777778 0.9822530864197531 0.9184027777777778 0.9901620370370371 0.9142795138888888 0.9907407407407407 0.9097222222222222 0.9957561728395061 0.9077690972222222 0.9955632716049383 0.9029947916666666 0.9845679012345679 0.8988715277777778 0.9702932098765432 0.9079861111111112 0.96875 0.9127604166666666 0.9627700617283951 0.9181857638888888 0.9614197530864198
1 0.650390625 0.9135802469135802 0.6549479166666666 0.9157021604938271 0.6577690972222222 0.9205246913580247 0.6569010416666666 0.935570987654321 0.6508246527777778 0.9363425925925926 0.6475694444444444 0.9398148148148148 0.6438802083333334 0.939429012345679 0.6404079861111112 0.9342206790123457 0.6369357638888888 0.9349922839506173 0.6336805555555556 0.9326774691358025 0.6338975694444444 0.9251543209876543 0.6371527777777778 0.9155092592592593 0.6501736111111112 0.9135802469135802
1 0.6781684027777778 0.8728780864197531 0.015625 0.03009259259259259
1 0.541015625 0.9592978395061729 0.5462239583333334 0.9625771604938271 0.5642361111111112 0.9670138888888888 0.5640190972222222 0.9704861111111112 0.5562065972222222 0.9768518518518519 0.5470920138888888 0.9905478395061729 0.5440538194444444 0.9913194444444444 0.5438368055555556 0.9699074074074074 0.5375434027777778 0.9604552469135802 0.5388454861111112 0.9585262345679012 0.5407986111111112 0.9592978395061729
1 0.4246961805555556 0.9895833333333334 0.4342447916666667 0.9913194444444444 0.4327256944444444 0.9998070987654321 0.4192708333333333 0.9998070987654321 0.4171006944444444 0.9913194444444444 0.4244791666666667 0.9895833333333334
1 0.4361979166666667 0.9619984567901234 0.4403211805555556 0.9633487654320988 0.4463975694444444 0.9701003086419753 0.4481336805555556 0.9801311728395061 0.4463975694444444 0.9828317901234568 0.44140625 0.9822530864197531 0.4390190972222222 0.9778163580246914 0.4366319444444444 0.9820601851851852 0.4322916666666667 0.9826388888888888 0.4255642361111111 0.9704861111111112 0.4290364583333333 0.9629629629629629 0.4359809027777778 0.9619984567901234
1 0.5091145833333334 0.779320987654321 0.5123697916666666 0.7849151234567902 0.5134548611111112 0.8005401234567902 0.5015190972222222 0.8088348765432098 0.4967447916666667 0.8069058641975309 0.4908854166666667 0.7935956790123457 0.4915364583333333 0.7870370370370371 0.4945746527777778 0.7820216049382716 0.5047743055555556 0.7781635802469136 0.5088975694444444 0.779320987654321
1 0.3283420138888889 0.9600694444444444 0.3381076388888889 0.9641203703703703 0.3402777777777778 0.9670138888888888 0.3391927083333333 0.9739583333333334 0.3352864583333333 0.9766589506172839 0.328125 0.9729938271604939 0.3209635416666667 0.9753086419753086 0.3166232638888889 0.9702932098765432 0.3168402777777778 0.9670138888888888 0.3207465277777778 0.9652777777777778 0.3233506944444444 0.9608410493827161 0.328125 0.9600694444444444
1 0.943359375 0.5912422839506173 0.9565972222222222 0.5887345679012346 0.9585503472222222 0.5916280864197531 0.9572482638888888 0.6030092592592593 0.9596354166666666 0.6161265432098766 0.9568142361111112 0.6190200617283951 0.9446614583333334 0.6128472222222222 0.931640625 0.6024305555555556 0.9331597222222222 0.5954861111111112 0.9431423611111112 0.5912422839506173
1 0.8122829861111112 0.6124614197530864 0.8207465277777778 0.6143904320987654 0.8244357638888888 0.6197916666666666 0.8229166666666666 0.623070987654321 0.8177083333333334 0.6238425925925926 0.814453125 0.6313657407407407 0.8077256944444444 0.6261574074074074 0.8005642361111112 0.6282793209876543 0.7979600694444444 0.626929012345679 0.8033854166666666 0.6197916666666666 0.8016493055555556 0.6128472222222222 0.8120659722222222 0.6124614197530864
1 0.6872829861111112 0.5779320987654321 0.7018229166666666 0.5850694444444444 0.7055121527777778 0.591820987654321 0.6998697916666666 0.595679012345679 0.689453125 0.5920138888888888 0.6827256944444444 0.59375 0.6783854166666666 0.5923996913580247 0.677734375 0.5812114197530864 0.6822916666666666 0.5773533950617284 0.6870659722222222 0.5779320987654321
1 0.546875 0.6780478395061729 0.55078125 0.6817129629629629 0.5490451388888888 0.6888503086419753 0.53125 0.6961805555555556 0.5258246527777778 0.6961805555555556 0.5256076388888888 0.6923225308641975 0.5366753472222222 0.6819058641975309 0.5466579861111112 0.6780478395061729
1 0.58203125 0.6022376543209876 0.595703125 0.6030092592592593 0.5954861111111112 0.6168981481481481 0.5926649305555556 0.6182484567901234 0.5872395833333334 0.6105324074074074 0.5815972222222222 0.6072530864197531 0.5740017361111112 0.6114969135802469 0.5672743055555556 0.6109182098765432 0.5681423611111112 0.6033950617283951 0.5818142361111112 0.6022376543209876
1 0.4416232638888889 0.6714891975308642 0.4457465277777778 0.6745756172839507 0.4461805555555556 0.6805555555555556 0.4329427083333333 0.6911651234567902 0.4266493055555556 0.6857638888888888 0.4353298611111111 0.6730324074074074 0.44140625 0.6714891975308642
1 0.2623697916666667 0.9567901234567902 0.2725694444444444 0.9591049382716049 0.2745225694444444 0.9639274691358025 0.2723524305555556 0.9712577160493827 0.2688802083333333 0.9720293209876543 0.2621527777777778 0.9695216049382716 0.2584635416666667 0.9753086419753086 0.2552083333333333 0.9751157407407407 0.2532552083333333 0.966820987654321 0.2584635416666667 0.9575617283950617 0.2621527777777778 0.9567901234567902
1 0.3107638888888889 0.8314043209876543 0.3168402777777778 0.8348765432098766 0.3177083333333333 0.8449074074074074 0.3077256944444444 0.8508873456790124 0.3016493055555556 0.8487654320987654 0.3020833333333333 0.8452932098765432 0.3051215277777778 0.8348765432098766 0.3072916666666667 0.8315972222222222 0.310546875 0.8314043209876543
1 0.3313802083333333 0.7021604938271605 0.3413628472222222 0.7064043209876543 0.3383246527777778 0.7096836419753086 0.3407118055555556 0.7133487654320988 0.3350694444444444 0.7143132716049383 0.3309461805555556 0.7118055555555556 0.3142361111111111 0.7154706790123457 0.3138020833333333 0.7133487654320988 0.3198784722222222 0.7098765432098766 0.322265625 0.7029320987654321 0.3311631944444444 0.7023533950617284
1 0.3333333333333333 0.6732253086419753 0.3404947916666667 0.6786265432098766 0.3409288194444444 0.6932870370370371 0.3350694444444444 0.6975308641975309 0.3311631944444444 0.6963734567901234 0.326171875 0.6824845679012346 0.3279079861111111 0.6747685185185185 0.3331163194444444 0.6732253086419753
1 0.21354166666666666 0.8912037037037037 0.21788194444444445 0.892554012345679 0.2202690972222222 0.8960262345679012 0.21766493055555555 0.9033564814814815 0.20985243055555555 0.9066358024691358 0.205078125 0.9018132716049383 0.2046440972222222 0.8975694444444444 0.2133246527777778 0.8913966049382716
1 0.2586805555555556 0.7770061728395061 0.2625868055555556 0.7770061728395061 0.2673611111111111 0.7858796296296297 0.2619357638888889 0.8074845679012346 0.2549913194444444 0.8069058641975309 0.2536892361111111 0.7897376543209876 0.2586805555555556 0.7771990740740741
1 0.1994357638888889 0.8960262345679012 0.20421006944444445 0.9006558641975309 0.20638020833333334 0.9151234567901234 0.1996527777777778 0.9122299382716049 0.19270833333333334 0.9143518518518519 0.1935763888888889 0.9008487654320988 0.19596354166666666 0.8966049382716049 0.19921875 0.8962191358024691
1 0.296875 0.6626157407407407 0.3140190972222222 0.6701388888888888 0.3140190972222222 0.6793981481481481 0.2897135416666667 0.6819058641975309 0.2808159722222222 0.668016975308642 0.2827690972222222 0.6657021604938271 0.2894965277777778 0.6701388888888888 0.2934027777777778 0.669945987654321 0.2966579861111111 0.6628086419753086
1 0.21484375 0.6745756172839507 0.2202690972222222 0.6755401234567902 0.22178819444444445 0.6822916666666666 0.21028645833333334 0.6927083333333334 0.20225694444444445 0.6921296296296297 0.20182291666666666 0.6834490740740741 0.19661458333333334 0.6778549382716049 0.20985243055555555 0.6732253086419753 0.2146267361111111 0.6745756172839507
1 0.2914496527777778 0.45794753086419754 0.2970920138888889 0.470679012345679 0.2934027777777778 0.47762345679012347 0.2868923611111111 0.4810956790123457 0.2864583333333333 0.48919753086419754 0.2816840277777778 0.48649691358024694 0.2736545138888889 0.4737654320987654 0.2725694444444444 0.46334876543209874 0.275390625 0.45929783950617287 0.2829861111111111 0.4600694444444444 0.2912326388888889 0.45794753086419754
1 0.22721354166666666 0.42862654320987653 0.2322048611111111 0.4365354938271605 0.24153645833333334 0.4425154320987654 0.24110243055555555 0.44598765432098764 0.2267795138888889 0.44405864197530864 0.22721354166666666 0.4288194444444444
1 0.4526909722222222 0.22299382716049382 0.4594184027777778 0.22743055555555555 0.4598524305555556 0.2351466049382716 0.4496527777777778 0.24729938271604937 0.4442274305555556 0.2361111111111111 0.4372829861111111 0.23051697530864199 0.4444444444444444 0.22376543209876543 0.4524739583333333 0.22299382716049382
1 0.4809027777777778 0.20910493827160495 0.4874131944444444 0.2029320987654321 0.4904513888888889 0.2035108024691358 0.4911024305555556 0.20640432098765432 0.4887152777777778 0.21354166666666666 0.4789496527777778 0.21354166666666666 0.4809027777777778 0.20929783950617284
1 0.4700520833333333 0.20621141975308643 0.4733072916666667 0.21006944444444445 0.4733072916666667 0.21334876543209877 0.4704861111111111 0.21373456790123457 0.4605034722222222 0.2065972222222222 0.466796875 0.203125 0.4698350694444444 0.20621141975308643
1 0.5653211805555556 0.16319444444444445 0.5668402777777778 0.16512345679012347 0.5631510416666666 0.17862654320987653 0.5505642361111112 0.1840277777777778 0.544921875 0.17901234567901234 0.5466579861111112 0.1726466049382716 0.5564236111111112 0.16493055555555555 0.5651041666666666 0.16319444444444445
1 0.505859375 0.16319444444444445 0.5154079861111112 0.16454475308641975 0.5212673611111112 0.171875 0.5225694444444444 0.17939814814814814 0.5162760416666666 0.18209876543209877 0.4976128472222222 0.17496141975308643 0.49609375 0.171875 0.4976128472222222 0.1684027777777778 0.5056423611111112 0.16319444444444445
1 0.4607204861111111 0.16454475308641975 0.4678819444444444 0.16743827160493827 0.4702690972222222 0.171875 0.466796875 0.17708333333333334 0.4598524305555556 0.17997685185185186 0.4520399305555556 0.17901234567901234 0.4496527777777778 0.17476851851851852 0.4529079861111111 0.16724537037037038 0.4605034722222222 0.16454475308641975
1 0.43359375 0.1705246913580247 0.4463975694444444 0.17669753086419754 0.4485677083333333 0.18248456790123457 0.4455295138888889 0.1849922839506173 0.4312065972222222 0.18595679012345678 0.4255642361111111 0.1892361111111111 0.4231770833333333 0.18904320987654322 0.4251302083333333 0.17959104938271606 0.4292534722222222 0.171875 0.4333767361111111 0.1705246913580247
1 0.4259982638888889 0.16087962962962962 0.4327256944444444 0.16165123456790123 0.4342447916666667 0.16493055555555555 0.4312065972222222 0.1753472222222222 0.4253472222222222 0.18209876543209877 0.4210069444444444 0.17881944444444445 0.4194878472222222 0.1714891975308642 0.4233940972222222 0.16145833333333334 0.42578125 0.16087962962962962
1 0.5579427083333334 0.0954861111111111 0.5753038194444444 0.09741512345679013 0.5746527777777778 0.10551697530864197 0.56640625 0.10590277777777778 0.5577256944444444 0.10320216049382716 0.5557725694444444 0.09915123456790123 0.5577256944444444 0.0954861111111111
1 0.4090711805555556 0.16647376543209877 0.4116753472222222 0.1684027777777778 0.4108072916666667 0.1712962962962963 0.404296875 0.18267746913580246 0.3999565972222222 0.18518518518518517 0.3940972222222222 0.18248456790123457 0.3958333333333333 0.1753472222222222 0.4088541666666667 0.16647376543209877
1 0.390625 0.16338734567901234 0.3953993055555556 0.17496141975308643 0.3940972222222222 0.18171296296296297 0.3908420138888889 0.18344907407407407 0.38671875 0.18132716049382716 0.3849826388888889 0.17554012345679013 0.3869357638888889 0.16415895061728394 0.3904079861111111 0.16338734567901234
1 0.4748263888888889 0.10590277777777778 0.4769965277777778 0.11014660493827161 0.4737413194444444 0.12172067901234568 0.4670138888888889 0.12654320987654322 0.4568142361111111 0.12866512345679013 0.453125 0.12770061728395063 0.4496527777777778 0.12268518518518519 0.4496527777777778 0.11381172839506173 0.4539930555555556 0.11246141975308642 0.4635416666666667 0.11535493827160494 0.474609375 0.10590277777777778
1 0.5490451388888888 0.07542438271604938 0.5538194444444444 0.08140432098765432 0.5536024305555556 0.08873456790123457 0.5414496527777778 0.08757716049382716 0.5379774305555556 0.08159722222222222 0.5431857638888888 0.07445987654320987 0.5466579861111112 0.07349537037037036 0.548828125 0.07542438271604938
1 0.14518229166666666 0.673804012345679 0.14756944444444445 0.6749614197530864 0.14735243055555555 0.6865354938271605 0.130859375 0.6956018518518519 0.12825520833333334 0.6930941358024691 0.1293402777777778 0.6817129629629629 0.13975694444444445 0.6741898148148148 0.1449652777777778 0.673804012345679
1 0.1892361111111111 0.3697916666666667 0.2065972222222222 0.3802083333333333 0.2068142361111111 0.38676697530864196 0.20008680555555555 0.388695987654321 0.18250868055555555 0.3836805555555556 0.18424479166666666 0.3732638888888889 0.1857638888888889 0.37037037037037035 0.1890190972222222 0.3697916666666667
1 0.283203125 0.29031635802469136 0.2903645833333333 0.2932098765432099 0.2977430555555556 0.3005401234567901 0.2829861111111111 0.310570987654321 0.2758246527777778 0.3080632716049383 0.265625 0.31385030864197533 0.2643229166666667 0.310570987654321 0.2725694444444444 0.3001543209876543 0.2743055555555556 0.2932098765432099 0.2829861111111111 0.29031635802469136
1 0.26953125 0.28125 0.2743055555555556 0.2970679012345679 0.2730034722222222 0.30092592592592593 0.2690972222222222 0.30324074074074076 0.2643229166666667 0.30169753086419754 0.2615017361111111 0.2932098765432099 0.2641059027777778 0.2829861111111111 0.2693142361111111 0.28125
1 0.11653645833333333 0.7783564814814815 0.1189236111111111 0.7849151234567902 0.11783854166666667 0.800733024691358 0.1154513888888889 0.8036265432098766 0.10590277777777778 0.8053626543209876 0.1091579861111111 0.7826003086419753 0.111328125 0.779320987654321 0.11631944444444445 0.7783564814814815
1 0.13346354166666666 0.6668595679012346 0.13780381944444445 0.6682098765432098 0.13975694444444445 0.6753472222222222 0.1267361111111111 0.6859567901234568 0.11610243055555555 0.6788194444444444 0.11197916666666667 0.671875 0.12760416666666666 0.6711033950617284 0.13346354166666666 0.6670524691358025
1 0.13758680555555555 0.36554783950617287 0.1519097222222222 0.3775077160493827 0.1527777777777778 0.38348765432098764 0.1480034722222222 0.3871527777777778 0.140625 0.38503086419753085 0.1265190972222222 0.3732638888888889 0.12825520833333334 0.3697916666666667 0.13736979166666666 0.36554783950617287
1 0.026475694444444444 0.7802854938271605 0.041015625 0.8003472222222222 0.03993055555555555 0.8042052469135802 0.031684027777777776 0.8036265432098766 0.024305555555555556 0.8001543209876543 0.021050347222222224 0.7826003086419753 0.022569444444444444 0.7798996913580247 0.026258680555555556 0.7802854938271605
1 0.0763888888888889 0.3643904320987654 0.0974392361111111 0.3800154320987654 0.095703125 0.3869598765432099 0.08854166666666667 0.3933256172839506 0.07530381944444445 0.38040123456790126 0.07269965277777778 0.3663194444444444 0.076171875 0.3643904320987654
1 0.4776475694444444 0.07233796296296297 0.4850260416666667 0.0777391975308642 0.4921875 0.078125 0.4932725694444444 0.08140432098765432 0.4906684027777778 0.08680555555555555 0.4739583333333333 0.08931327160493827 0.4774305555555556 0.07233796296296297
1 0.5412326388888888 0.07137345679012345 0.016493055555555556 0.02199074074074074
1 0.4012586805555556 0.06847993827160494 0.404296875 0.07214506172839506 0.4053819444444444 0.08217592592592593 0.4049479166666667 0.08506944444444445 0.4010416666666667 0.08641975308641975 0.3971354166666667 0.08487654320987655 0.3958333333333333 0.08140432098765432 0.3975694444444444 0.06983024691358025 0.4010416666666667 0.06847993827160494
1 0.3489583333333333 0.07291666666666667 0.3539496527777778 0.07503858024691358 0.3548177083333333 0.08159722222222222 0.3511284722222222 0.08506944444444445 0.3444010416666667 0.08584104938271606 0.3374565972222222 0.08506944444444445 0.33203125 0.0777391975308642 0.3355034722222222 0.07445987654320987 0.3487413194444444 0.07291666666666667
1 0 0.5121527777777778 0.007161458333333333 0.5237268518518519 0.022786458333333332 0.5231481481481481 0.025824652777777776 0.5254629629629629 0.022569444444444444 0.5439814814814815 0.01953125 0.5410879629629629 0.014973958333333334 0.5418595679012346 0.008897569444444444 0.5378086419753086 0 0.5408950617283951 0 0.5123456790123457
1 0.026041666666666668 0.41473765432098764 0.03298611111111111 0.4207175925925926 0.03927951388888889 0.4182098765432099 0.04275173611111111 0.41898148148148145 0.04318576388888889 0.43074845679012347 0.032552083333333336 0.43132716049382713 0.025173611111111112 0.4288194444444444 0.023871527777777776 0.41801697530864196 0.025824652777777776 0.4149305555555556
1 0.2378472222222222 0.2673611111111111 0.24500868055555555 0.2795138888888889 0.2309027777777778 0.2824074074074074 0.22200520833333334 0.2802854938271605 0.22157118055555555 0.27237654320987653 0.22395833333333334 0.2700617283950617 0.23763020833333334 0.2673611111111111
1 0.4555121527777778 0.047260802469135804 0.4598524305555556 0.05497685185185185 0.4635416666666667 0.048804012345679014 0.4654947916666667 0.05941358024691358 0.46484375 0.06481481481481481 0.4565972222222222 0.06925154320987655 0.4513888888888889 0.06751543209876543 0.4494357638888889 0.061921296296296294 0.4513888888888889 0.047839506172839504 0.4552951388888889 0.047260802469135804
1 0.4921875 0.03279320987654321 0.4947916666666667 0.033950617283950615 0.4954427083333333 0.03993055555555555 0.4947916666666667 0.050540123456790126 0.4915364583333333 0.05304783950617284 0.4858940972222222 0.05073302469135803 0.4841579861111111 0.03973765432098766 0.4876302083333333 0.03452932098765432 0.4919704861111111 0.03279320987654321
1 0.4676649305555556 0.022183641975308643 0.4772135416666667 0.024305555555555556 0.4787326388888889 0.03607253086419753 0.4769965277777778 0.04031635802469136 0.4676649305555556 0.04398148148148148 0.4626736111111111 0.041666666666666664 0.4596354166666667 0.033950617283950615 0.4652777777777778 0.022569444444444444 0.4674479166666667 0.022183641975308643
1 0.4116753472222222 0.3724922839506173 0.4110243055555556 0.3732638888888889 0.4138454861111111 0.37712191358024694 0.4168836805555556 0.3883101851851852 0.4212239583333333 0.3908179012345679 0.4266493055555556 0.390625 0.4246961805555556 0.3742283950617284 0.4253472222222222 0.373070987654321 0.4203559027777778 0.3713348765432099 0.4144965277777778 0.3713348765432099
1 0.4212239583333333 0.37114197530864196 0.4190538194444444 0.3734567901234568 0.4212239583333333 0.376929012345679 0.4227430555555556 0.38213734567901236 0.4259982638888889 0.38348765432098764 0.423828125 0.38599537037037035 0.4236111111111111 0.3869598765432099 0.4246961805555556 0.3883101851851852 0.4253472222222222 0.3888888888888889 0.4322916666666667 0.38773148148148145 0.435546875 0.3863811728395062 0.4377170138888889 0.38213734567901236 0.4377170138888889 0.37982253086419754 0.4359809027777778 0.3767361111111111 0.4288194444444444 0.3738425925925926 0.4253472222222222 0.3713348765432099
1 0.1174045138888889 0.4481095679012346 0.1169704861111111 0.4496527777777778 0.11957465277777778 0.45871913580246915 0.12217881944444445 0.46334876543209874 0.1328125 0.4724151234567901 0.1362847222222222 0.4722222222222222 0.1404079861111111 0.4691358024691358 0.14388020833333334 0.4702932098765432 0.14713541666666666 0.4693287037037037 0.14973958333333334 0.466820987654321 0.15169270833333334 0.46026234567901236 0.1508246527777778 0.45717592592592593 0.14756944444444445 0.4556327160493827 0.14322916666666666 0.4581404320987654 0.1371527777777778 0.45698302469135804 0.1328125 0.4529320987654321 0.13151041666666666 0.4461805555555556 0.1304253472222222 0.44483024691358025 0.1265190972222222 0.44425154320987653 0.12348090277777778 0.44540895061728397 0.11957465277777778 0.44560185185185186
1 0.6293402777777778 0.7924382716049383 0.62890625 0.7935956790123457 0.6299913194444444 0.794945987654321 0.6369357638888888 0.8009259259259259 0.640625 0.8009259259259259 0.6410590277777778 0.7959104938271605 0.6388888888888888 0.7926311728395061 0.6336805555555556 0.7910879629629629
1 0.6069878472222222 0.7920524691358025 0.6063368055555556 0.7939814814814815 0.6039027777777778 0.801938850308642 0.6089409722222222 0.8018904320987654 0.6124131944444444 0.8028549382716049 0.6140601128472222 0.8003863811728396 0.6123127170138889 0.7984459876543211 0.6134047309027778 0.7958263888888889 0.6120941840277778 0.7958263888888889 0.6131864149305556 0.7925275848765432 0.6091579861111112 0.7901234567901234
1 0.5709635416666666 0.7926311728395061 0.5709635416666666 0.7939814814814815 0.5744357638888888 0.7972608024691358 0.5772569444444444 0.7966820987654321 0.5798611111111112 0.7947530864197531 0.5855034722222222 0.7959104938271605 0.5874565972222222 0.7953317901234568 0.5885416666666666 0.7939814814814815 0.5881076388888888 0.7926311728395061 0.5852864583333334 0.7912808641975309 0.5772569444444444 0.7916666666666666 0.5740017361111112 0.7908950617283951
1 0.7756076388888888 0.980516975308642 0.7747395833333334 0.9809027777777778 0.7751736111111112 0.9841820987654321 0.7790798611111112 0.9891975308641975 0.783203125 0.9913194444444444 0.7845052083333334 0.9876543209876543 0.783203125 0.9820601851851852 0.7795138888888888 0.9803240740740741
1 0.7996961805555556 0.9816743827160493 0.7992621527777778 0.984375 0.8001302083333334 0.9855324074074074 0.8083767361111112 0.9855324074074074 0.8151041666666666 0.9870756172839507 0.8170572916666666 0.9861111111111112 0.8177083333333334 0.9845679012345679 0.8170572916666666 0.9807098765432098 0.814453125 0.9785879629629629 0.8036024305555556 0.9795524691358025 0.8001302083333334 0.980516975308642
1 0.8213975694444444 0.9772376543209876 0.8211805555555556 0.9809027777777778 0.8231336805555556 0.9849537037037037 0.8246527777777778 0.9866898148148148 0.8279079861111112 0.9864969135802469 0.8289930555555556 0.9839891975308642 0.8272569444444444 0.9801311728395061 0.8248697916666666 0.9780092592592593
1 0.6332465277777778 0.06114969135802469 0.6319444444444444 0.06732253086419752 0.6332465277777778 0.07040895061728394 0.6421440972222222 0.07040895061728394 0.6438802083333334 0.07137345679012345 0.6467013888888888 0.07118055555555555 0.6436631944444444 0.06905864197530864 0.6440972222222222 0.06346450617283951 0.6419270833333334 0.059799382716049385 0.6404079861111112 0.05922067901234568 0.6358506944444444 0.06114969135802469 0.6338975694444444 0.060378086419753084
1 0.5473090277777778 0.05439814814814815 0.546875 0.05864197530864197 0.5496961805555556 0.06404320987654322 0.5536024305555556 0.06481481481481481 0.5557725694444444 0.0642361111111111 0.5568576388888888 0.060570987654320986 0.5549045138888888 0.05092592592592592 0.5533854166666666 0.050347222222222224 0.5486111111111112 0.05285493827160494
1 0.53515625 0.052662037037037035 0.5353732638888888 0.05478395061728395 0.5394965277777778 0.06076388888888889 0.5397135416666666 0.0642361111111111 0.5431857638888888 0.06635802469135803 0.5466579861111112 0.06442901234567901 0.5462239583333334 0.05381944444444445 0.5434027777777778 0.052083333333333336 0.5394965277777778 0.05227623456790124 0.5366753472222222 0.05131172839506173
1 0.4891493055555556 0.14621913580246915 0.4889322916666667 0.14756944444444445 0.4898003472222222 0.14834104938271606 0.49609375 0.15104166666666666 0.5008680555555556 0.15046296296296297 0.5043402777777778 0.14756944444444445 0.4986979166666667 0.14525462962962962 0.4904513888888889 0.14506172839506173
1 0.4806857638888889 0.16724537037037038 0.48046875 0.1712962962962963 0.4817708333333333 0.17515432098765432 0.4815538194444444 0.18267746913580246 0.4841579861111111 0.18383487654320987 0.4915364583333333 0.18364197530864199 0.4932725694444444 0.18190586419753085 0.4943576388888889 0.1753472222222222 0.4906684027777778 0.16801697530864199 0.4887152777777778 0.16647376543209877 0.4852430555555556 0.16550925925925927 0.4830729166666667 0.16570216049382716
1 0.4598524305555556 0.18460648148148148 0.4594184027777778 0.1892361111111111 0.4600694444444444 0.19020061728395063 0.4633246527777778 0.19020061728395063 0.4659288194444444 0.1876929012345679 0.4720052083333333 0.18557098765432098 0.4637586805555556 0.18094135802469136
1 0.4772135416666667 0.13869598765432098 0.4733072916666667 0.14737654320987653 0.4739583333333333 0.14911265432098766 0.4778645833333333 0.14930555555555555 0.4913194444444444 0.14756944444444445 0.4891493055555556 0.1440972222222222 0.4858940972222222 0.14255401234567902 0.4809027777777778 0.13831018518518517
1 0.9437934027777778 0.3576388888888889 0.9435763888888888 0.359375 0.9461805555555556 0.36593364197530864 0.9476996527777778 0.36728395061728397 0.94921875 0.3705632716049383 0.9529079861111112 0.37287808641975306 0.9548611111111112 0.3705632716049383 0.9559461805555556 0.3653549382716049 0.9594184027777778 0.36323302469135804 0.9663628472222222 0.3626543209876543 0.9674479166666666 0.3595679012345679 0.966796875 0.3578317901234568 0.9635416666666666 0.35551697530864196 0.9557291666666666 0.35455246913580246 0.9459635416666666 0.3551311728395062