1 0.8235677083333334 0.9772376543209876 0.8274739583333334 0.9810956790123457 0.8244357638888888 0.9891975308641975 0.8140190972222222 0.984375 0.8125 0.9814814814814815 0.8142361111111112 0.9783950617283951 0.8233506944444444 0.9772376543209876
1 0.8240017361111112 0.9774305555555556 0.8274739583333334 0.9809027777777778 0.8246527777777778 0.9890046296296297 0.814453125 0.9845679012345679 0.8020833333333334 0.9845679012345679 0.8003472222222222 0.9809027777777778 0.8237847222222222 0.9774305555555556
1 0.7899305555555556 0.7912808641975309 0.7940538194444444 0.7932098765432098 0.7966579861111112 0.800733024691358 0.79296875 0.8003472222222222 0.7873263888888888 0.7934027777777778 0.7897135416666666 0.7912808641975309
1 0.6649305555555556 0.9128086419753086 0.6714409722222222 0.9216820987654321 0.6705729166666666 0.9320987654320988 0.6684027777777778 0.9344135802469136 0.6647135416666666 0.9332561728395061 0.6577690972222222 0.921875 0.66015625 0.9147376543209876 0.6647135416666666 0.9128086419753086
1 0.9498697916666666 0.6006944444444444 0.9676649305555556 0.6128472222222222 0.9672309027777778 0.6161265432098766 0.9583333333333334 0.6174768518518519 0.9529079861111112 0.623070987654321 0.9357638888888888 0.6107253086419753 0.93359375 0.6059027777777778 0.9388020833333334 0.6014660493827161 0.9496527777777778 0.6006944444444444
1 0.6419270833333334 0.9106867283950617 0.6471354166666666 0.9147376543209876 0.6453993055555556 0.9214891975308642 0.6310763888888888 0.9245756172839507 0.6265190972222222 0.9239969135802469 0.623046875 0.9207175925925926 0.6232638888888888 0.9114583333333334 0.6365017361111112 0.9056712962962963 0.6417100694444444 0.9106867283950617
1 0.7970920138888888 0.6944444444444444 0.8053385416666666 0.703125 0.8057725694444444 0.7172067901234568 0.8096788194444444 0.7237654320987654 0.8077256944444444 0.7258873456790124 0.796875 0.7233796296296297 0.7899305555555556 0.7065972222222222 0.7916666666666666 0.6996527777777778 0.796875 0.6944444444444444
1 0.5609809027777778 0.9673996913580247 0.5642361111111112 0.9695216049382716 0.564453125 0.9745370370370371 0.5570746527777778 0.9841820987654321 0.5572916666666666 0.9918981481481481 0.5499131944444444 0.9893904320987654 0.54296875 0.9836033950617284 0.5386284722222222 0.9737654320987654 0.5399305555555556 0.9704861111111112 0.54296875 0.9695216049382716 0.5503472222222222 0.9702932098765432 0.5607638888888888 0.9673996913580247
1 0.6236979166666666 0.7907021604938271 0.626953125 0.793016975308642 0.6271701388888888 0.7970679012345679 0.6232638888888888 0.8036265432098766 0.6180555555555556 0.7932098765432098 0.6234809027777778 0.7907021604938271
1 0.5783420138888888 0.7908950617283951 0.5815972222222222 0.7932098765432098 0.5813802083333334 0.7993827160493827 0.578125 0.7991898148148148 0.5748697916666666 0.7932098765432098 0.578125 0.7908950617283951
1 0.4513888888888889 0.9656635802469136 0.45703125 0.96875 0.4596354166666667 0.9739583333333334 0.453125 0.9930555555555556 0.4496527777777778 0.9911265432098766 0.4461805555555556 0.984375 0.4379340277777778 0.9841820987654321 0.4416232638888889 0.9702932098765432 0.451171875 0.9656635802469136
1 0.4253472222222222 0.9897762345679012 0.4364149305555556 0.9911265432098766 0.4377170138888889 0.9998070987654321 0.4138454861111111 0.9998070987654321 0.4177517361111111 0.9909336419753086 0.4251302083333333 0.9897762345679012
1 0.8094618055555556 0.6120756172839507 0.8257378472222222 0.6128472222222222 0.8324652777777778 0.6163194444444444 0.8335503472222222 0.6199845679012346 0.8315972222222222 0.6222993827160493 0.8190104166666666 0.6234567901234568 0.8129340277777778 0.623070987654321 0.8083767361111112 0.6174768518518519 0.7990451388888888 0.6128472222222222 0.8092447916666666 0.6120756172839507
1 0.5080295138888888 0.7804783950617284 0.5121527777777778 0.7841435185185185 0.5134548611111112 0.7891589506172839 0.5154079861111112 0.8038194444444444 0.5123697916666666 0.8059413580246914 0.5082465277777778 0.8036265432098766 0.5017361111111112 0.7941743827160493 0.5002170138888888 0.7820216049382716 0.5017361111111112 0.7800925925925926 0.5078125 0.7804783950617284
1 0.6898871527777778 0.5808256172839507 0.6957465277777778 0.5829475308641975 0.7029079861111112 0.5823688271604939 0.7063802083333334 0.5848765432098766 0.7074652777777778 0.5920138888888888 0.703125 0.6010802469135802 0.6857638888888888 0.5960648148148148 0.6820746527777778 0.5879629629629629 0.6851128472222222 0.5831404320987654 0.6896701388888888 0.5808256172839507
1 0.4984809027777778 0.7797067901234568 0.5086805555555556 0.7818287037037037 0.5119357638888888 0.7847222222222222 0.513671875 0.8032407407407407 0.5108506944444444 0.8042052469135802 0.5080295138888888 0.7982253086419753 0.5052083333333334 0.7972608024691358 0.5032552083333334 0.8070987654320988 0.4991319444444444 0.8092206790123457 0.4956597222222222 0.8070987654320988 0.4943576388888889 0.798804012345679 0.4904513888888889 0.7924382716049383 0.4924045138888889 0.7827932098765432 0.4982638888888889 0.7797067901234568
1 0.3285590277777778 0.9616126543209876 0.3385416666666667 0.9658564814814815 0.3385416666666667 0.972608024691358 0.3322482638888889 0.9741512345679012 0.3140190972222222 0.9737654320987654 0.3088107638888889 0.9702932098765432 0.3098958333333333 0.9675925925925926 0.3283420138888889 0.9616126543209876
1 0.5479600694444444 0.6734182098765432 0.5523003472222222 0.6788194444444444 0.5520833333333334 0.6822916666666666 0.5436197916666666 0.6932870370370371 0.5364583333333334 0.6876929012345679 0.5360243055555556 0.6790123456790124 0.54296875 0.6726466049382716 0.5477430555555556 0.6734182098765432
1 0.4342447916666667 0.6766975308641975 0.4377170138888889 0.6826774691358025 0.4309895833333333 0.6923225308641975 0.4286024305555556 0.6923225308641975 0.4225260416666667 0.685570987654321 0.4216579861111111 0.6819058641975309 0.4266493055555556 0.6751543209876543 0.4340277777777778 0.6766975308641975
1 0.2621527777777778 0.9562114197530864 0.27734375 0.9583333333333334 0.279296875 0.9637345679012346 0.2771267361111111 0.9747299382716049 0.2723524305555556 0.9751157407407407 0.2677951388888889 0.9679783950617284 0.2584635416666667 0.966820987654321 0.2586805555555556 0.9592978395061729 0.2619357638888889 0.9564043209876543
1 0.2074652777777778 0.8910108024691358 0.21354166666666666 0.8939043209876543 0.21354166666666666 0.8991126543209876 0.1996527777777778 0.9050925925925926 0.197265625 0.9012345679012346 0.1994357638888889 0.8946759259259259 0.2029079861111111 0.8913966049382716 0.2072482638888889 0.8910108024691358
1 0.20985243055555555 0.8931327160493827 0.2133246527777778 0.8962191358024691 0.2144097222222222 0.9021990740740741 0.2124565972222222 0.9114583333333334 0.19639756944444445 0.921875 0.1953125 0.918016975308642 0.20030381944444445 0.908179012345679 0.20203993055555555 0.8939043209876543 0.20963541666666666 0.8931327160493827
1 0.14756944444444445 0.9959490740740741 0.15169270833333334 0.9998070987654321 0.14127604166666666 0.9998070987654321 0.14735243055555555 0.9959490740740741
1 0.9405381944444444 0.3533950617283951 0.9435763888888888 0.35551697530864196 0.9427083333333334 0.3597608024691358 0.9288194444444444 0.37364969135802467 0.921875 0.37094907407407407 0.9220920138888888 0.3643904320987654 0.9305555555555556 0.35551697530864196 0.9403211805555556 0.3533950617283951
1 0.5342881944444444 0.7750771604938271 0.5414496527777778 0.7789351851851852 0.5427517361111112 0.7827932098765432 0.5401475694444444 0.7878086419753086 0.5362413194444444 0.7891589506172839 0.5260416666666666 0.7880015432098766 0.5203993055555556 0.7829861111111112 0.5210503472222222 0.7795138888888888 0.5258246527777778 0.7758487654320988 0.5340711805555556 0.7750771604938271
1 0.1369357638888889 0.9546682098765432 0.13997395833333334 0.9598765432098766 0.13671875 0.9704861111111112 0.1369357638888889 0.9789737654320988 0.1265190972222222 0.9749228395061729 0.12890625 0.9600694444444444 0.13368055555555555 0.9544753086419753 0.13671875 0.9546682098765432
1 0.6030815972222222 0.6018518518518519 0.6148003472222222 0.6033950617283951 0.6165364583333334 0.6057098765432098 0.609375 0.6064814814814815 0.5989583333333334 0.6049382716049383 0.5983072916666666 0.6024305555555556 0.6028645833333334 0.6018518518518519
1 0.5933159722222222 0.6022376543209876 0.5974392361111112 0.6035879629629629 0.5952690972222222 0.6091820987654321 0.587890625 0.6080246913580247 0.5815972222222222 0.6122685185185185 0.5763888888888888 0.6057098765432098 0.5763888888888888 0.6024305555555556 0.5930989583333334 0.6022376543209876
1 0.3459201388888889 0.7025462962962963 0.3576388888888889 0.703125 0.3561197916666667 0.7173996913580247 0.3489583333333333 0.7145061728395061 0.3435329861111111 0.7170138888888888 0.3381076388888889 0.7160493827160493 0.3381076388888889 0.7048611111111112 0.345703125 0.7025462962962963
1 0.3459201388888889 0.7025462962962963 0.357421875 0.703125 0.3550347222222222 0.7098765432098766 0.3559027777777778 0.7173996913580247 0.3489583333333333 0.7145061728395061 0.3448350694444444 0.7170138888888888 0.3385416666666667 0.7172067901234568 0.3348524305555556 0.7116126543209876 0.3211805555555556 0.7152777777777778 0.3211805555555556 0.7092978395061729 0.3246527777777778 0.7029320987654321 0.345703125 0.7025462962962963
1 0.33203125 0.7025462962962963 0.3374565972222222 0.7033179012345679 0.3376736111111111 0.7083333333333334 0.3315972222222222 0.7133487654320988 0.3216145833333333 0.7156635802469136 0.3231336805555556 0.7040895061728395 0.3318142361111111 0.7025462962962963
1 0.3413628472222222 0.6716820987654321 0.3530815972222222 0.6753472222222222 0.3559027777777778 0.6786265432098766 0.3556857638888889 0.6828703703703703 0.3491753472222222 0.689429012345679 0.33203125 0.6944444444444444 0.3257378472222222 0.6927083333333334 0.3279079861111111 0.6842206790123457 0.337890625 0.671875 0.3411458333333333 0.6716820987654321
1 0.3309461805555556 0.6672453703703703 0.3433159722222222 0.6716820987654321 0.3435329861111111 0.6751543209876543 0.328125 0.6822916666666666 0.3233506944444444 0.6788194444444444 0.3211805555555556 0.671875 0.310546875 0.6776620370370371 0.306640625 0.6751543209876543 0.3111979166666667 0.6697530864197531 0.3177083333333333 0.6684027777777778 0.3211805555555556 0.6711033950617284 0.3274739583333333 0.6649305555555556 0.3307291666666667 0.6672453703703703
1 0.6024305555555556 0.35204475308641975 0.6063368055555556 0.3533950617283951 0.6085069444444444 0.36612654320987653 0.6030815972222222 0.3761574074074074 0.5989583333333334 0.37808641975308643 0.5959201388888888 0.37712191358024694 0.5926649305555556 0.3699845679012346 0.6022135416666666 0.35223765432098764
1 0.314453125 0.6676311728395061 0.3185763888888889 0.6684027777777778 0.3190104166666667 0.671875 0.30859375 0.6793981481481481 0.3057725694444444 0.6786265432098766 0.3057725694444444 0.6720679012345679 0.3142361111111111 0.6676311728395061
1 0.4401041666666667 0.3761574074074074 0.4461805555555556 0.376929012345679 0.4483506944444444 0.3802083333333333 0.4459635416666667 0.3846450617283951 0.4357638888888889 0.3879243827160494 0.4292534722222222 0.3861882716049383 0.4275173611111111 0.37962962962962965 0.4307725694444444 0.3765432098765432 0.4398871527777778 0.3761574074074074
1 0.2938368055555556 0.6695601851851852 0.3046875 0.6741898148148148 0.3062065972222222 0.6784336419753086 0.298828125 0.6903935185185185 0.2938368055555556 0.6932870370370371 0.2827690972222222 0.6880787037037037 0.2805989583333333 0.683641975308642 0.2823350694444444 0.6774691358024691 0.2936197916666667 0.6695601851851852
1 0.21028645833333334 0.6728395061728395 0.21354166666666666 0.6747685185185185 0.2133246527777778 0.6838348765432098 0.20225694444444445 0.6927083333333334 0.19270833333333334 0.6915509259259259 0.189453125 0.683641975308642 0.1987847222222222 0.6751543209876543 0.21006944444444445 0.6728395061728395
1 0.12044270833333333 0.9488811728395061 0.123046875 0.951195987654321 0.1232638888888889 0.9577546296296297 0.11957465277777778 0.9629629629629629 0.11631944444444445 0.9637345679012346 0.109375 0.9627700617283951 0.10850694444444445 0.9598765432098766 0.11631944444444445 0.9500385802469136 0.12022569444444445 0.9488811728395061
1 0.12022569444444445 0.949266975308642 0.1232638888888889 0.9527391975308642 0.11979166666666667 0.9635416666666666 0.1252170138888889 0.9702932098765432 0.12261284722222222 0.9739583333333334 0.1247829861111111 0.9760802469135802 0.12391493055555555 0.9809027777777778 0.1193576388888889 0.9841820987654321 0.11219618055555555 0.9851466049382716 0.10590277777777778 0.9951774691358025 0.0974392361111111 0.9845679012345679 0.09917534722222222 0.970679012345679 0.1134982638888889 0.9533179012345679 0.12000868055555555 0.949266975308642
1 0.12044270833333333 0.9494598765432098 0.1232638888888889 0.9529320987654321 0.12044270833333333 0.9637345679012346 0.1232638888888889 0.9666280864197531 0.1267361111111111 0.9654706790123457 0.13368055555555555 0.9548611111111112 0.13802083333333334 0.9562114197530864 0.13953993055555555 0.9635416666666666 0.1365017361111111 0.9701003086419753 0.1365017361111111 0.9774305555555556 0.13368055555555555 0.9782021604938271 0.12999131944444445 0.9753086419753086 0.12217881944444445 0.984375 0.11197916666666667 0.9861111111111112 0.10590277777777778 0.9951774691358025 0.09722222222222222 0.984375 0.09895833333333333 0.9714506172839507 0.11393229166666667 0.953125 0.12022569444444445 0.9494598765432098
1 0.1410590277777778 0.6637731481481481 0.1410590277777778 0.6792052469135802 0.1365017361111111 0.6797839506172839 0.12630208333333334 0.6925154320987654 0.12022569444444445 0.6950231481481481 0.11631944444444445 0.6917438271604939 0.11610243055555555 0.6815200617283951 0.1365017361111111 0.6649305555555556 0.1408420138888889 0.6637731481481481
1 0.2901475694444444 0.45775462962962965 0.2936197916666667 0.45987654320987653 0.2903645833333333 0.47415123456790126 0.2760416666666667 0.4807098765432099 0.2664930555555556 0.47492283950617287 0.2586805555555556 0.47453703703703703 0.2569444444444444 0.4681712962962963 0.2680121527777778 0.4652777777777778 0.275390625 0.4591049382716049 0.2829861111111111 0.46064814814814814 0.2899305555555556 0.45775462962962965
1 0.1482204861111111 0.4540895061728395 0.15364583333333334 0.4567901234567901 0.15494791666666666 0.4635416666666667 0.14539930555555555 0.4689429012345679 0.1440972222222222 0.4747299382716049 0.13736979166666666 0.4702932098765432 0.12890625 0.470679012345679 0.1267361111111111 0.4635416666666667 0.13368055555555555 0.45852623456790126 0.140625 0.4583333333333333 0.1480034722222222 0.4540895061728395
1 0.4529079861111111 0.22550154320987653 0.4609375 0.2341820987654321 0.4652777777777778 0.24459876543209877 0.4635416666666667 0.24710648148148148 0.443359375 0.2341820987654321 0.44921875 0.22569444444444445 0.4526909722222222 0.22550154320987653
1 0.18663194444444445 0.36921296296296297 0.19227430555555555 0.375 0.2068142361111111 0.3800154320987654 0.20789930555555555 0.38580246913580246 0.203125 0.38773148148148145 0.1929253472222222 0.3869598765432099 0.1840277777777778 0.38348765432098764 0.181640625 0.3784722222222222 0.1779513888888889 0.3765432098765432 0.1781684027777778 0.3732638888888889 0.18641493055555555 0.36921296296296297
1 0.26953125 0.28125 0.2797309027777778 0.29301697530864196 0.2942708333333333 0.2966820987654321 0.2983940972222222 0.3005401234567901 0.2864583333333333 0.3082561728395062 0.2660590277777778 0.31114969135802467 0.2638888888888889 0.310570987654321 0.2649739583333333 0.3074845679012346 0.26953125 0.30362654320987653 0.2654079861111111 0.29378858024691357 0.265625 0.2827932098765432 0.2693142361111111 0.28125
1 0.4466145833333333 0.20794753086419754 0.4557291666666667 0.2170138888888889 0.453125 0.22415123456790123 0.4605034722222222 0.2341820987654321 0.4635416666666667 0.24633487654320987 0.4357638888888889 0.23070987654320987 0.4379340277777778 0.22029320987654322 0.4431423611111111 0.21006944444444445 0.4463975694444444 0.20794753086419754
1 0.23502604166666666 0.26697530864197533 0.23893229166666666 0.2689043209876543 0.24153645833333334 0.2795138888888889 0.23111979166666666 0.2814429012345679 0.2204861111111111 0.2797067901234568 0.2191840277777778 0.27199074074074076 0.22157118055555555 0.26871141975308643 0.2348090277777778 0.26697530864197533
1 0.5295138888888888 0.19945987654320987 0.5347222222222222 0.21334876543209877 0.5197482638888888 0.21334876543209877 0.529296875 0.1996527777777778
1 0.4717881944444444 0.19945987654320987 0.4767795138888889 0.2023533950617284 0.484375 0.2013888888888889 0.4858940972222222 0.2029320987654321 0.4850260416666667 0.21334876543209877 0.4739583333333333 0.21450617283950618 0.4704861111111111 0.21122685185185186 0.4694010416666667 0.1996527777777778 0.4715711805555556 0.19945987654320987
1 0.5549045138888888 0.16203703703703703 0.5640190972222222 0.16319444444444445 0.5638020833333334 0.1753472222222222 0.5607638888888888 0.18036265432098766 0.5512152777777778 0.18325617283950618 0.5466579861111112 0.17997685185185186 0.544921875 0.1753472222222222 0.5546875 0.16203703703703703
1 0.4876302083333333 0.16956018518518517 0.4930555555555556 0.1726466049382716 0.4932725694444444 0.1753472222222222 0.4911024305555556 0.18383487654320987 0.4850260416666667 0.1865354938271605 0.4841579861111111 0.19039351851851852 0.47265625 0.18209876543209877 0.4717881944444444 0.17901234567901234 0.4817708333333333 0.17631172839506173 0.4876302083333333 0.1697530864197531
1 0.5188802083333334 0.15817901234567902 0.5230034722222222 0.1684027777777778 0.5225694444444444 0.17554012345679013 0.5197482638888888 0.17862654320987653 0.513671875 0.18016975308641975 0.5082465277777778 0.17920524691358025 0.5047743055555556 0.17554012345679013 0.5047743055555556 0.16377314814814814 0.5075954861111112 0.16107253086419754 0.5119357638888888 0.16300154320987653 0.5186631944444444 0.15817901234567902
1 0.4887152777777778 0.16107253086419754 0.5015190972222222 0.16454475308641975 0.5026041666666666 0.1684027777777778 0.4939236111111111 0.17554012345679013 0.4911024305555556 0.18441358024691357 0.4850260416666667 0.1865354938271605 0.4841579861111111 0.19116512345679013 0.4709201388888889 0.17862654320987653 0.4837239583333333 0.17341820987654322 0.484375 0.16415895061728394 0.4884982638888889 0.16107253086419754
1 0.5052083333333334 0.15065586419753085 0.5067274305555556 0.15779320987654322 0.5138888888888888 0.16454475308641975 0.5125868055555556 0.16743827160493827 0.5073784722222222 0.16917438271604937 0.5052083333333334 0.17496141975308643 0.501953125 0.1714891975308642 0.4973958333333333 0.1716820987654321 0.4978298611111111 0.16473765432098766 0.5021701388888888 0.16126543209876543 0.5049913194444444 0.15065586419753085
1 0.5017361111111112 0.14699074074074073 0.5056423611111112 0.15065586419753085 0.5082465277777778 0.16145833333333334 0.5036892361111112 0.1714891975308642 0.4934895833333333 0.17418981481481483 0.4867621527777778 0.171875 0.4848090277777778 0.16473765432098766 0.4884982638888889 0.15470679012345678 0.5015190972222222 0.14699074074074073
1 0.4622395833333333 0.15065586419753085 0.4685329861111111 0.15432098765432098 0.4739583333333333 0.16782407407407407 0.4713541666666667 0.1726466049382716 0.4641927083333333 0.17573302469135801 0.4598524305555556 0.17515432098765432 0.455078125 0.16898148148148148 0.4561631944444444 0.15432098765432098 0.4620225694444444 0.15065586419753085
1 0.4364149305555556 0.15914351851851852 0.4398871527777778 0.16126543209876543 0.4453125 0.17881944444444445 0.4292534722222222 0.1892361111111111 0.4286024305555556 0.18306327160493827 0.4338107638888889 0.16145833333333334 0.4361979166666667 0.15914351851851852
1 0.4598524305555556 0.15219907407407407 0.4602864583333333 0.1722608024691358 0.453125 0.17592592592592593 0.4479166666666667 0.17515432098765432 0.44921875 0.16956018518518517 0.4548611111111111 0.16338734567901234 0.4561631944444444 0.15432098765432098 0.4596354166666667 0.15239197530864199
1 0.4225260416666667 0.16145833333333334 0.4255642361111111 0.16280864197530864 0.4303385416666667 0.17573302469135801 0.4288194444444444 0.18267746913580246 0.4197048611111111 0.17901234567901234 0.4173177083333333 0.1753472222222222 0.4194878472222222 0.16435185185185186 0.4223090277777778 0.16145833333333334
1 0.4995659722222222 0.1398533950617284 0.5017361111111112 0.1402391975308642 0.5015190972222222 0.14891975308641975 0.4952256944444444 0.15162037037037038 0.482421875 0.14988425925925927 0.4800347222222222 0.14756944444444445 0.4841579861111111 0.14216820987654322 0.4917534722222222 0.1427469135802469 0.4993489583333333 0.1398533950617284
1 0.470703125 0.1427469135802469 0.4772135416666667 0.14737654320987653 0.4850260416666667 0.14390432098765432 0.4915364583333333 0.14814814814814814 0.4865451388888889 0.16145833333333334 0.4739583333333333 0.16454475308641975 0.4698350694444444 0.16222993827160495 0.46875 0.15856481481481483 0.4704861111111111 0.1427469135802469
1 0.4982638888888889 0.1419753086419753 0.5017361111111112 0.15104166666666666 0.4982638888888889 0.15162037037037038 0.4845920138888889 0.16319444444444445 0.4737413194444444 0.16358024691358025 0.470703125 0.16107253086419754 0.46875 0.15123456790123457 0.4700520833333333 0.1431327160493827 0.4774305555555556 0.14718364197530864 0.4841579861111111 0.14255401234567902 0.4950086805555556 0.14390432098765432 0.498046875 0.14216820987654322
1 0.4871961805555556 0.14216820987654322 0.4915364583333333 0.14293981481481483 0.5017361111111112 0.1400462962962963 0.5052083333333334 0.15084876543209877 0.5052083333333334 0.1548996913580247 0.5017361111111112 0.1576003086419753 0.498046875 0.1558641975308642 0.4878472222222222 0.16030092592592593 0.4780815972222222 0.15104166666666666 0.4819878472222222 0.14390432098765432 0.4869791666666667 0.14216820987654322
1 0.5785590277777778 0.09799382716049383 0.578125 0.10416666666666667 0.5746527777777778 0.10628858024691358 0.5709635416666666 0.10570987654320987 0.5692274305555556 0.10223765432098765 0.5711805555555556 0.09915123456790123 0.5783420138888888 0.09799382716049383
1 0.5572916666666666 0.09587191358024691 0.5642361111111112 0.09953703703703703 0.5766059027777778 0.10069444444444445 0.5750868055555556 0.10397376543209877 0.5681423611111112 0.10628858024691358 0.5572916666666666 0.10435956790123457 0.5546875 0.09915123456790123 0.5570746527777778 0.09587191358024691
1 0.546875 0.07407407407407407 0.5509982638888888 0.08159722222222222 0.5466579861111112 0.08680555555555555 0.5405815972222222 0.08603395061728394 0.5384114583333334 0.08179012345679013 0.5397135416666666 0.07696759259259259 0.5466579861111112 0.07407407407407407
1 0.6312934027777778 0.05632716049382716 0.63671875 0.0623070987654321 0.640625 0.057484567901234566 0.6438802083333334 0.05787037037037037 0.6440972222222222 0.06674382716049383 0.6412760416666666 0.06770833333333333 0.6295572916666666 0.06732253086419752 0.6310763888888888 0.05632716049382716
1 0.4535590277777778 0.11246141975308642 0.4633246527777778 0.11612654320987655 0.4663628472222222 0.1232638888888889 0.4631076388888889 0.12692901234567902 0.4559461805555556 0.12692901234567902 0.453125 0.12905092592592593 0.4437934027777778 0.1255787037037037 0.4422743055555556 0.12210648148148148 0.4533420138888889 0.11246141975308642
1 0.5538194444444444 0.06520061728395062 0.5577256944444444 0.07175925925925926 0.5570746527777778 0.08159722222222222 0.5540364583333334 0.08410493827160494 0.5494791666666666 0.08352623456790123 0.5477430555555556 0.07889660493827161 0.5490451388888888 0.06751543209876543 0.5536024305555556 0.06520061728395062
1 0.11957465277777778 0.4417438271604938 0.13389756944444445 0.4554398148148148 0.1401909722222222 0.45794753086419754 0.14735243055555555 0.45447530864197533 0.15321180555555555 0.4567901234567901 0.1547309027777778 0.4635416666666667 0.14518229166666666 0.4685570987654321 0.1449652777777778 0.4737654320987654 0.13758680555555555 0.4702932098765432 0.1304253472222222 0.4720293209876543 0.12760416666666666 0.4702932098765432 0.125 0.4635416666666667 0.1174045138888889 0.4564043209876543 0.11371527777777778 0.4461805555555556 0.11566840277777778 0.4425154320987654 0.1193576388888889 0.4419367283950617
1 0.11979166666666667 0.44155092592592593 0.1325954861111111 0.4564043209876543 0.13194444444444445 0.4600694444444444 0.1267361111111111 0.46392746913580246 0.11957465277777778 0.45929783950617287 0.11458333333333333 0.4496527777777778 0.115234375 0.4427083333333333 0.11957465277777778 0.44155092592592593
1 0.154296875 0.36844135802469136 0.1577690972222222 0.37635030864197533 0.1545138888888889 0.3836805555555556 0.1362847222222222 0.3856095679012346 0.1267361111111111 0.3915895061728395 0.12434895833333333 0.390625 0.12456597222222222 0.38676697530864196 0.11957465277777778 0.3846450617283951 0.12000868055555555 0.3819444444444444 0.1540798611111111 0.36844135802469136
1 0.4008246527777778 0.16107253086419754 0.4066840277777778 0.17515432098765432 0.4034288194444444 0.18325617283950618 0.4010416666666667 0.1849922839506173 0.3938802083333333 0.18364197530864199 0.390625 0.18152006172839505 0.3884548611111111 0.1753472222222222 0.388671875 0.16473765432098766 0.3943142361111111 0.16589506172839505 0.4006076388888889 0.16126543209876543
1 0.4114583333333333 0.09124228395061729 0.4181857638888889 0.09722222222222222 0.4192708333333333 0.10551697530864197 0.4097222222222222 0.10570987654320987 0.4112413194444444 0.09143518518518519
1 0.484375 0.06732253086419752 0.4878472222222222 0.06886574074074074 0.4874131944444444 0.08487654320987655 0.4811197916666667 0.08564814814814815 0.4787326388888889 0.08198302469135803 0.4841579861111111 0.06751543209876543
1 0.2688802083333333 0.14525462962962962 0.2725694444444444 0.1541280864197531 0.2697482638888889 0.15625 0.259765625 0.1545138888888889 0.2621527777777778 0.14737654320987653 0.2686631944444444 0.14525462962962962
1 0.2484809027777778 0.14756944444444445 0.26171875 0.1537422839506173 0.2554253472222222 0.1574074074074074 0.2465277777777778 0.15470679012345678 0.24479166666666666 0.14834104938271606 0.2482638888888889 0.14756944444444445
1 0.5540364583333334 0.05304783950617284 0.5570746527777778 0.05478395061728395 0.55859375 0.060378086419753084 0.5572916666666666 0.06500771604938271 0.5546875 0.06577932098765432 0.5503472222222222 0.06462191358024691 0.5486111111111112 0.06095679012345679 0.5496961805555556 0.052662037037037035 0.5538194444444444 0.05304783950617284
1 0.5466579861111112 0.048996913580246916 0.5570746527777778 0.05555555555555555 0.5581597222222222 0.060570987654320986 0.5575086805555556 0.06404320987654322 0.5544704861111112 0.06520061728395062 0.5392795138888888 0.06346450617283951 0.5381944444444444 0.060570987654320986 0.5466579861111112 0.04918981481481482
1 0.546875 0.048804012345679014 0.5509982638888888 0.053626543209876545 0.548828125 0.062114197530864196 0.5394965277777778 0.0642361111111111 0.5375434027777778 0.061342592592592594 0.5466579861111112 0.048996913580246916
1 0.4635416666666667 0.05594135802469136 0.4715711805555556 0.05960648148148148 0.4713541666666667 0.0630787037037037 0.4633246527777778 0.0628858024691358 0.4618055555555556 0.06076388888888889 0.4633246527777778 0.05613425925925926
1 0.4635416666666667 0.055748456790123455 0.4713541666666667 0.059027777777777776 0.4715711805555556 0.06327160493827161 0.4633246527777778 0.0630787037037037 0.4618055555555556 0.06095679012345679 0.4633246527777778 0.05594135802469136
1 0.4045138888888889 0.06828703703703703 0.4077690972222222 0.07156635802469136 0.4075520833333333 0.08564814814814815 0.4010416666666667 0.08777006172839506 0.3975694444444444 0.08198302469135803 0.404296875 0.06847993827160494
1 0.341796875 0.07388117283950617 0.3467881944444444 0.08121141975308642 0.3424479166666667 0.08584104938271606 0.330078125 0.08179012345679013 0.3318142361111111 0.07600308641975309 0.3415798611111111 0.07388117283950617
1 0.4537760416666667 0.047839506172839504 0.4581163194444444 0.061535493827160496 0.453125 0.06963734567901235 0.4446614583333333 0.06770833333333333 0.4411892361111111 0.060570987654320986 0.4450954861111111 0.0470679012345679 0.4494357638888889 0.04976851851851852 0.4535590277777778 0.047839506172839504
1 0.345703125 0.05999228395061729 0.3474392361111111 0.078125 0.3454861111111111 0.07966820987654322 0.3389756944444444 0.07445987654320987 0.3411458333333333 0.06076388888888889 0.3454861111111111 0.05999228395061729
1 0.029296875 0.7800925925925926 0.03342013888888889 0.7887731481481481 0.03819444444444445 0.7932098765432098 0.03819444444444445 0.7970679012345679 0.03342013888888889 0.7989969135802469 0.029296875 0.7986111111111112 0.022569444444444444 0.7914737654320988 0.022352430555555556 0.7814429012345679 0.029079861111111112 0.7800925925925926
1 0 0.5115740740740741 0.004991319444444444 0.5148533950617284 0.008463541666666666 0.5243055555555556 0.026041666666666668 0.5233410493827161 0.02734375 0.5256558641975309 0.025173611111111112 0.5434027777777778 0.022352430555555556 0.5447530864197531 0 0.53125 0 0.511766975308642
1 0.7743055555555556 0.01890432098765432 0.7797309027777778 0.020833333333333332 0.7864583333333334 0.029320987654320986 0.7801649305555556 0.037037037037037035 0.7747395833333334 0.03993055555555555 0.765625 0.03973765432098766 0.75390625 0.036265432098765434 0.7473958333333334 0.026234567901234566 0.7740885416666666 0.01890432098765432
1 0.7254774305555556 0.018132716049382717 0.728515625 0.022376543209876542 0.7272135416666666 0.033179012345679014 0.7220052083333334 0.03587962962962963 0.712890625 0.034722222222222224 0.7083333333333334 0.022183641975308643 0.7252604166666666 0.018132716049382717
1 0.5017361111111112 0.029320987654320986 0.5017361111111112 0.036458333333333336 0.5052083333333334 0.04378858024691358 0.5034722222222222 0.048032407407407406 0.4984809027777778 0.05092592592592592 0.4945746527777778 0.05092592592592592 0.4908854166666667 0.04764660493827161 0.4876302083333333 0.033371913580246916 0.4947916666666667 0.036458333333333336 0.498046875 0.03009259259259259 0.5015190972222222 0.029320987654320986
1 0.3420138888888889 0.06944444444444445 0.345703125 0.06886574074074074 0.3485243055555556 0.060570987654320986 0.3522135416666667 0.05844907407407408 0.3567708333333333 0.07118055555555555 0.3556857638888889 0.0777391975308642 0.3517795138888889 0.08101851851851852 0.3435329861111111 0.0779320987654321 0.3413628472222222 0.07484567901234568 0.3420138888888889 0.06963734567901235
1 0.4637586805555556 0.02179783950617284 0.466796875 0.022955246913580248 0.4680989583333333 0.030671296296296297 0.4778645833333333 0.03877314814814815 0.4772135416666667 0.0466820987654321 0.4633246527777778 0.04205246913580247 0.4572482638888889 0.036265432098765434 0.4635416666666667 0.02179783950617284
1 0.08832465277777778 0.36400462962962965 0.10286458333333333 0.37210648148148145 0.10221354166666667 0.38233024691358025 0.08854166666666667 0.38657407407407407 0.08463541666666667 0.3836805555555556 0.07703993055555555 0.36921296296296297 0.0783420138888889 0.36574074074074076 0.0881076388888889 0.36419753086419754
1 0.03428819444444445 0.41628086419753085 0.04383680555555555 0.423804012345679 0.045355902777777776 0.42939814814814814 0.04318576388888889 0.43209876543209874 0.029296875 0.42939814814814814 0.029947916666666668 0.4195601851851852 0.03407118055555555 0.41628086419753085
1 0.3025173611111111 0.8468364197530864 0.3033854166666667 0.8628472222222222 0.3046875 0.8645833333333334 0.3075086805555556 0.8657407407407407 0.3107638888888889 0.8647762345679012 0.3122829861111111 0.8628472222222222 0.3125 0.8580246913580247 0.3174913194444444 0.8485725308641975 0.3179253472222222 0.8420138888888888 0.3142361111111111 0.839891975308642 0.3101128472222222 0.8402777777777778 0.30859375 0.8420138888888888 0.3040364583333333 0.8435570987654321
1 0.2925347222222222 0.8325617283950617 0.2916666666666667 0.8348765432098766 0.3005642361111111 0.8433641975308642 0.3118489583333333 0.8454861111111112 0.3140190972222222 0.8481867283950617 0.3174913194444444 0.8452932098765432 0.3181423611111111 0.8416280864197531 0.3157552083333333 0.8379629629629629 0.3072916666666667 0.8360339506172839 0.3049045138888889 0.8364197530864198 0.2994791666666667 0.8348765432098766 0.2934027777777778 0.8314043209876543
1 0.4136284722222222 0.37287808641975306 0.4138454861111111 0.3777006172839506 0.4129774305555556 0.38059413580246915 0.4144965277777778 0.3869598765432099 0.41796875 0.3915895061728395 0.4227430555555556 0.3915895061728395 0.4255642361111111 0.3898533950617284 0.4273003472222222 0.3873456790123457 0.4275173611111111 0.38348765432098764 0.4262152777777778 0.37962962962962965 0.4223090277777778 0.3734567901234568 0.419921875 0.3715277777777778 0.4184027777777778 0.3707561728395062 0.4155815972222222 0.3707561728395062
1 0.9333767361111112 0.3304398148148148 0.9331597222222222 0.3314043209876543 0.9385850694444444 0.3402777777777778 0.9420572916666666 0.3420138888888889 0.9485677083333334 0.33892746913580246 0.9559461805555556 0.33912037037037035 0.9613715277777778 0.33834876543209874 0.9607204861111112 0.33468364197530864 0.9565972222222222 0.3308256172839506 0.9498697916666666 0.3306327160493827 0.9463975694444444 0.330054012345679 0.9427083333333334 0.3279320987654321 0.9379340277777778 0.3277391975308642 0.9344618055555556 0.328125
1 0.9800347222222222 0.14506172839506173 0.9791666666666666 0.14737654320987653 0.9796006944444444 0.15104166666666666 0.9858940972222222 0.1579861111111111 0.9915364583333334 0.16068672839506173 0.9997829861111112 0.16107253086419754 0.9997829861111112 0.1284722222222222 0.998046875 0.1284722222222222 0.9913194444444444 0.13194444444444445 0.9837239583333334 0.1392746913580247