1 0.8246527777777778 0.9776234567901234 0.8274739583333334 0.9797453703703703 0.828125 0.984375 0.8255208333333334 0.9880401234567902 0.8220486111111112 0.9888117283950617 0.8142361111111112 0.9857253086419753 0.8040364583333334 0.9853395061728395 0.8016493055555556 0.9807098765432098 0.8244357638888888 0.9776234567901234
1 0.7335069444444444 0.9837962962962963 0.7376302083333334 0.9876543209876543 0.7378472222222222 0.9911265432098766 0.7350260416666666 0.9922839506172839 0.7291666666666666 0.9878472222222222 0.7293836805555556 0.984375 0.7332899305555556 0.9837962962962963
1 0.7903645833333334 0.7914737654320988 0.7944878472222222 0.7937885802469136 0.7966579861111112 0.800733024691358 0.7931857638888888 0.8003472222222222 0.7868923611111112 0.7932098765432098 0.7901475694444444 0.7914737654320988
1 0.6649305555555556 0.9128086419753086 0.6716579861111112 0.9216820987654321 0.6703559027777778 0.9322916666666666 0.6681857638888888 0.9344135802469136 0.6649305555555556 0.9332561728395061 0.6575520833333334 0.9216820987654321 0.6597222222222222 0.9149305555555556 0.6647135416666666 0.9128086419753086
1 0.9459635416666666 0.5997299382716049 0.9529079861111112 0.6020447530864198 0.9624565972222222 0.6091820987654321 0.9670138888888888 0.6128472222222222 0.9661458333333334 0.6155478395061729 0.9574652777777778 0.6180555555555556 0.953125 0.6226851851851852 0.9496527777777778 0.6221064814814815 0.9342447916666666 0.6087962962962963 0.9357638888888888 0.6028163580246914 0.9457465277777778 0.5999228395061729
1 0.6371527777777778 0.9064429012345679 0.6460503472222222 0.9135802469135802 0.6456163194444444 0.9212962962962963 0.6310763888888888 0.9251543209876543 0.625 0.9230324074074074 0.6221788194444444 0.9133873456790124 0.6265190972222222 0.9097222222222222 0.6369357638888888 0.9064429012345679
1 0.7970920138888888 0.6942515432098766 0.8057725694444444 0.7037037037037037 0.8055555555555556 0.7175925925925926 0.8090277777777778 0.7237654320987654 0.8075086805555556 0.7266589506172839 0.7966579861111112 0.7241512345679012 0.794921875 0.7150848765432098 0.7894965277777778 0.7067901234567902 0.7897135416666666 0.7027391975308642 0.796875 0.6942515432098766
1 0.5618489583333334 0.9677854938271605 0.564453125 0.9697145061728395 0.5646701388888888 0.9739583333333334 0.5572916666666666 0.9845679012345679 0.5575086805555556 0.9915123456790124 0.5499131944444444 0.9893904320987654 0.5427517361111112 0.9830246913580247 0.5388454861111112 0.9733796296296297 0.5431857638888888 0.9697145061728395 0.5501302083333334 0.970679012345679 0.5568576388888888 0.9675925925925926 0.5616319444444444 0.9677854938271605
1 0.6239149305555556 0.7908950617283951 0.6265190972222222 0.7920524691358025 0.6271701388888888 0.7966820987654321 0.6232638888888888 0.8030478395061729 0.6180555555555556 0.7932098765432098 0.6197916666666666 0.7908950617283951 0.6236979166666666 0.7908950617283951
1 0.578125 0.7908950617283951 0.5815972222222222 0.7932098765432098 0.580078125 0.7991898148148148 0.578125 0.7991898148148148 0.5755208333333334 0.7932098765432098 0.5779079861111112 0.7908950617283951
1 0.4509548611111111 0.9656635802469136 0.4583333333333333 0.9704861111111112 0.4596354166666667 0.9766589506172839 0.4529079861111111 0.9926697530864198 0.4466145833333333 0.9847608024691358 0.4390190972222222 0.9847608024691358 0.4377170138888889 0.9812885802469136 0.4407552083333333 0.9774305555555556 0.4418402777777778 0.9702932098765432 0.4507378472222222 0.9656635802469136
1 0.80859375 0.6120756172839507 0.8248697916666666 0.6128472222222222 0.8326822916666666 0.6163194444444444 0.83203125 0.6219135802469136 0.8200954861111112 0.6232638888888888 0.8129340277777778 0.623070987654321 0.7999131944444444 0.6134259259259259 0.8083767361111112 0.6120756172839507
1 0.6909722222222222 0.5810185185185185 0.6957465277777778 0.5829475308641975 0.703125 0.5823688271604939 0.7063802083333334 0.5846836419753086 0.7072482638888888 0.5912422839506173 0.7033420138888888 0.6012731481481481 0.685546875 0.595679012345679 0.6822916666666666 0.5887345679012346 0.6831597222222222 0.5852623456790124 0.6907552083333334 0.5810185185185185
1 0.6907552083333334 0.5806327160493827 0.6953125 0.5848765432098766 0.6950954861111112 0.595679012345679 0.6927083333333334 0.5985725308641975 0.685546875 0.5958719135802469 0.6820746527777778 0.5883487654320988 0.685546875 0.5821759259259259 0.6905381944444444 0.5806327160493827
1 0.5345052083333334 0.7748842592592593 0.541015625 0.7785493827160493 0.5425347222222222 0.7824074074074074 0.5399305555555556 0.7876157407407407 0.5364583333333334 0.7885802469135802 0.5260416666666666 0.7883873456790124 0.5201822916666666 0.7827932098765432 0.5260416666666666 0.7756558641975309 0.5342881944444444 0.7748842592592593
1 0.5056423611111112 0.7798996913580247 0.5125868055555556 0.7858796296296297 0.5158420138888888 0.8036265432098766 0.5123697916666666 0.8059413580246914 0.5015190972222222 0.7937885802469136 0.5 0.7827932098765432 0.5015190972222222 0.7800925925925926 0.5054253472222222 0.7798996913580247
1 0.4984809027777778 0.7797067901234568 0.501953125 0.7827932098765432 0.5036892361111112 0.793016975308642 0.5030381944444444 0.8074845679012346 0.4997829861111111 0.8097993827160493 0.4956597222222222 0.8074845679012346 0.4904513888888889 0.7914737654320988 0.4921875 0.7829861111111112 0.4982638888888889 0.7797067901234568
1 0.5457899305555556 0.6724537037037037 0.5501302083333334 0.6751543209876543 0.5520833333333334 0.6822916666666666 0.5438368055555556 0.6930941358024691 0.5373263888888888 0.6892361111111112 0.5353732638888888 0.6813271604938271 0.5401475694444444 0.6739969135802469 0.5455729166666666 0.6724537037037037
1 0.6061197916666666 0.6020447530864198 0.6169704861111112 0.6057098765432098 0.6022135416666666 0.6051311728395061 0.5954861111111112 0.6082175925925926 0.5831163194444444 0.6068672839506173 0.5833333333333334 0.6024305555555556 0.6059027777777778 0.6020447530864198
1 0.5948350694444444 0.6022376543209876 0.5980902777777778 0.6049382716049383 0.5954861111111112 0.6089891975308642 0.5885416666666666 0.6087962962962963 0.5815972222222222 0.6124614197530864 0.5757378472222222 0.6024305555555556 0.5946180555555556 0.6022376543209876
1 0.4307725694444444 0.9901620370370371 0.4359809027777778 0.9915123456790124 0.4385850694444444 0.9998070987654321 0.4194878472222222 0.9998070987654321 0.4177517361111111 0.9951774691358025 0.4192708333333333 0.9909336419753086 0.4305555555555556 0.9901620370370371
1 0.328125 0.9614197530864198 0.3359375 0.9635416666666666 0.3387586805555556 0.9666280864197531 0.3387586805555556 0.9720293209876543 0.3315972222222222 0.9737654320987654 0.3140190972222222 0.9731867283950617 0.3094618055555556 0.9704861111111112 0.3103298611111111 0.9677854938271605 0.3279079861111111 0.9614197530864198
1 0.4296875 0.6749614197530864 0.435546875 0.6776620370370371 0.4381510416666667 0.6820987654320988 0.4322916666666667 0.6929012345679012 0.4290364583333333 0.6925154320987654 0.421875 0.6838348765432098 0.4249131944444444 0.6763117283950617 0.4294704861111111 0.6749614197530864
1 0.2734375 0.9571759259259259 0.27734375 0.9585262345679012 0.2797309027777778 0.9627700617283951 0.2760416666666667 0.9758873456790124 0.2717013888888889 0.9751157407407407 0.2686631944444444 0.9681712962962963 0.2578125 0.9666280864197531 0.2586805555555556 0.9596836419753086 0.2732204861111111 0.9571759259259259
1 0.2947048611111111 0.8325617283950617 0.3031684027777778 0.8366126543209876 0.3155381944444444 0.8381558641975309 0.318359375 0.8412422839506173 0.3179253472222222 0.8487654320987654 0.3127170138888889 0.8549382716049383 0.3107638888888889 0.8643904320987654 0.3077256944444444 0.8653549382716049 0.3029513888888889 0.8634259259259259 0.3005642361111111 0.8466435185185185 0.2918836805555556 0.8350694444444444 0.29296875 0.8317901234567902 0.2944878472222222 0.8325617283950617
1 0.345703125 0.7025462962962963 0.3580729166666667 0.703125 0.3550347222222222 0.7098765432098766 0.3563368055555556 0.7170138888888888 0.3485243055555556 0.7146990740740741 0.3422309027777778 0.7173996913580247 0.3372395833333333 0.7154706790123457 0.3376736111111111 0.7044753086419753 0.3454861111111111 0.7025462962962963
1 0.3244357638888889 0.7029320987654321 0.3394097222222222 0.703125 0.3370225694444444 0.7104552469135802 0.3400607638888889 0.7133487654320988 0.3383246527777778 0.7158564814814815 0.3370225694444444 0.7112268518518519 0.3348524305555556 0.7108410493827161 0.3322482638888889 0.7133487654320988 0.3211805555555556 0.7152777777777778 0.3211805555555556 0.7089120370370371 0.3244357638888889 0.703125
1 0.3409288194444444 0.7021604938271605 0.357421875 0.703125 0.3546006944444444 0.7098765432098766 0.3561197916666667 0.716820987654321 0.3485243055555556 0.7145061728395061 0.3422309027777778 0.7175925925925926 0.3370225694444444 0.7170138888888888 0.3348524305555556 0.7121913580246914 0.3209635416666667 0.7143132716049383 0.3246527777777778 0.703125 0.3407118055555556 0.7021604938271605
1 0.3498263888888889 0.6751543209876543 0.3541666666666667 0.6784336419753086 0.3522135416666667 0.6861496913580247 0.3450520833333333 0.6925154320987654 0.3350694444444444 0.6965663580246914 0.328125 0.6940586419753086 0.328125 0.6892361111111112 0.337890625 0.6766975308641975 0.349609375 0.6751543209876543
1 0.3313802083333333 0.6676311728395061 0.3452690972222222 0.6716820987654321 0.349609375 0.6753472222222222 0.3383246527777778 0.6765046296296297 0.3289930555555556 0.6811342592592593 0.3244357638888889 0.6784336419753086 0.3224826388888889 0.6684027777777778 0.3274739583333333 0.6649305555555556 0.3311631944444444 0.6676311728395061
1 0.3177083333333333 0.6678240740740741 0.3185763888888889 0.6724537037037037 0.3077256944444444 0.6795910493827161 0.3044704861111111 0.675733024691358 0.3059895833333333 0.671875 0.310546875 0.6684027777777778 0.3174913194444444 0.6678240740740741
1 0.20703125 0.8912037037037037 0.21354166666666666 0.894483024691358 0.2133246527777778 0.9085648148148148 0.2092013888888889 0.9149305555555556 0.1974826388888889 0.921875 0.1955295138888889 0.9216820987654321 0.1955295138888889 0.9178240740740741 0.19986979166666666 0.908179012345679 0.19856770833333334 0.8973765432098766 0.2026909722222222 0.8921682098765432 0.2068142361111111 0.8912037037037037
1 0.1362847222222222 0.9538966049382716 0.1404079861111111 0.9633487654320988 0.13585069444444445 0.9699074074074074 0.1349826388888889 0.9760802469135802 0.12890625 0.9753086419753086 0.1265190972222222 0.9774305555555556 0.1254340277777778 0.9702932098765432 0.1286892361111111 0.9598765432098766 0.13368055555555555 0.9538966049382716 0.13606770833333334 0.9538966049382716
1 0.12022569444444445 0.9496527777777778 0.123046875 0.9517746913580247 0.12369791666666667 0.9571759259259259 0.11957465277777778 0.9625771604938271 0.11197916666666667 0.9594907407407407 0.111328125 0.9565972222222222 0.11631944444444445 0.9506172839506173 0.12000868055555555 0.9496527777777778
1 0.2983940972222222 0.6709104938271605 0.3051215277777778 0.6788194444444444 0.3014322916666667 0.6840277777777778 0.3003472222222222 0.6932870370370371 0.296875 0.6952160493827161 0.2899305555555556 0.6890432098765432 0.2816840277777778 0.6929012345679012 0.2795138888888889 0.689429012345679 0.279296875 0.6799768518518519 0.2931857638888889 0.6697530864197531 0.2981770833333333 0.6709104938271605
1 0.2131076388888889 0.6736111111111112 0.2133246527777778 0.6838348765432098 0.20638020833333334 0.6909722222222222 0.2013888888888889 0.6927083333333334 0.19270833333333334 0.6919367283950617 0.1892361111111111 0.6822916666666666 0.1994357638888889 0.6749614197530864 0.212890625 0.6736111111111112
1 0.9396701388888888 0.35320216049382713 0.9427083333333334 0.35474537037037035 0.9427083333333334 0.3591820987654321 0.9381510416666666 0.36612654320987653 0.9286024305555556 0.3738425925925926 0.9188368055555556 0.373070987654321 0.9155815972222222 0.36959876543209874 0.9290364583333334 0.35551697530864196 0.939453125 0.35320216049382713
1 0.6059027777777778 0.35262345679012347 0.6082899305555556 0.36921296296296297 0.6061197916666666 0.37364969135802467 0.5991753472222222 0.37808641975308643 0.5954861111111112 0.376929012345679 0.5926649305555556 0.36959876543209874 0.5985243055555556 0.3620756172839506 0.6013454861111112 0.35300925925925924 0.6056857638888888 0.35262345679012347
1 0.4390190972222222 0.3759645061728395 0.4463975694444444 0.3767361111111111 0.4442274305555556 0.3856095679012346 0.4320746527777778 0.3879243827160494 0.4283854166666667 0.3846450617283951 0.4292534722222222 0.3775077160493827 0.4388020833333333 0.3761574074074074
1 0.4186197916666667 0.37094907407407407 0.421875 0.373070987654321 0.4268663194444444 0.38329475308641975 0.4264322916666667 0.38753858024691357 0.4216579861111111 0.39197530864197533 0.4168836805555556 0.390625 0.4138454861111111 0.3836805555555556 0.4147135416666667 0.3726851851851852 0.4184027777777778 0.37094907407407407
1 0.2970920138888889 0.45987654320987653 0.2897135416666667 0.47492283950617287 0.2764756944444444 0.4809027777777778 0.2658420138888889 0.47492283950617287 0.2586805555555556 0.47453703703703703 0.2560763888888889 0.470679012345679 0.2569444444444444 0.4670138888888889 0.2667100694444444 0.4654706790123457 0.2756076388888889 0.45929783950617287 0.2934027777777778 0.4567901234567901 0.296875 0.45987654320987653
1 0.11979166666666667 0.9496527777777778 0.1232638888888889 0.9527391975308642 0.12065972222222222 0.9633487654320988 0.1232638888888889 0.9672067901234568 0.1267361111111111 0.9654706790123457 0.13368055555555555 0.9542824074074074 0.13758680555555555 0.955054012345679 0.1401909722222222 0.9635416666666666 0.134765625 0.9753086419753086 0.12999131944444445 0.9755015432098766 0.1228298611111111 0.9834104938271605 0.1154513888888889 0.9859182098765432 0.11241319444444445 0.9945987654320988 0.10655381944444445 0.9963348765432098 0.10264756944444445 0.9947916666666666 0.09874131944444445 0.986304012345679 0.09874131944444445 0.9724151234567902 0.10199652777777778 0.9662422839506173 0.11957465277777778 0.9496527777777778
1 0.1323784722222222 0.6724537037037037 0.134765625 0.6765046296296297 0.13389756944444445 0.683641975308642 0.1254340277777778 0.6932870370370371 0.12000868055555555 0.6954089506172839 0.11610243055555555 0.6930941358024691 0.11610243055555555 0.6813271604938271 0.1265190972222222 0.6730324074074074 0.13216145833333334 0.6724537037037037
1 0.1857638888888889 0.36882716049382713 0.19270833333333334 0.375 0.2068142361111111 0.37982253086419754 0.20789930555555555 0.38599537037037035 0.20377604166666666 0.38753858024691357 0.19270833333333334 0.3869598765432099 0.1838107638888889 0.3836805555555556 0.17838541666666666 0.3738425925925926 0.185546875 0.36882716049382713
1 0.26953125 0.2814429012345679 0.2795138888888889 0.2924382716049383 0.2897135416666667 0.2943672839506173 0.2979600694444444 0.3003472222222222 0.2862413194444444 0.3082561728395062 0.2658420138888889 0.31114969135802467 0.2638888888888889 0.3107638888888889 0.2649739583333333 0.3074845679012346 0.2690972222222222 0.30343364197530864 0.2654079861111111 0.29475308641975306 0.2654079861111111 0.2827932098765432 0.2693142361111111 0.2814429012345679
1 0.4468315972222222 0.20871913580246915 0.4559461805555556 0.2170138888888889 0.4572482638888889 0.22704475308641975 0.4650607638888889 0.24459876543209877 0.4637586805555556 0.24672067901234568 0.4361979166666667 0.23128858024691357 0.4385850694444444 0.2193287037037037 0.4437934027777778 0.20987654320987653 0.4466145833333333 0.20871913580246915
1 0.2378472222222222 0.2667824074074074 0.2417534722222222 0.2787422839506173 0.2380642361111111 0.2818287037037037 0.22330729166666666 0.2816358024691358 0.2202690972222222 0.2797067901234568 0.22157118055555555 0.267554012345679 0.22764756944444445 0.2689043209876543 0.23763020833333334 0.2667824074074074
1 0.5295138888888888 0.19926697530864199 0.5347222222222222 0.21334876543209877 0.5199652777777778 0.21334876543209877 0.529296875 0.19945987654320987
1 0.4709201388888889 0.19888117283950618 0.4767795138888889 0.2023533950617284 0.4856770833333333 0.2025462962962963 0.4848090277777778 0.21354166666666666 0.4815538194444444 0.21412037037037038 0.4702690972222222 0.21354166666666666 0.470703125 0.19888117283950618
1 0.9997829861111112 0.13020833333333334 0.9997829861111112 0.15952932098765432 0.9947916666666666 0.16030092592592593 0.984375 0.1556712962962963 0.9800347222222222 0.14737654320987653 0.9911024305555556 0.13290895061728394 0.9995659722222222 0.13020833333333334
1 0.5542534722222222 0.16165123456790123 0.5640190972222222 0.16319444444444445 0.5640190972222222 0.1753472222222222 0.560546875 0.18074845679012347 0.5509982638888888 0.18325617283950618 0.5457899305555556 0.17881944444444445 0.5451388888888888 0.17476851851851852 0.5540364583333334 0.16165123456790123
1 0.4876302083333333 0.1701388888888889 0.4934895833333333 0.17515432098765432 0.4911024305555556 0.18383487654320987 0.4852430555555556 0.1863425925925926 0.4841579861111111 0.1909722222222222 0.4800347222222222 0.18595679012345678 0.4724392361111111 0.18209876543209877 0.4720052083333333 0.17881944444444445 0.4815538194444444 0.17689043209876543 0.4876302083333333 0.17033179012345678
1 0.5188802083333334 0.15856481481481483 0.5230034722222222 0.16820987654320987 0.5230034722222222 0.1743827160493827 0.5199652777777778 0.17862654320987653 0.5147569444444444 0.18016975308641975 0.5084635416666666 0.17939814814814814 0.5049913194444444 0.17611882716049382 0.5049913194444444 0.16068672839506173 0.5123697916666666 0.16338734567901234 0.515625 0.1587577160493827 0.5186631944444444 0.15856481481481483
1 0.5078125 0.15914351851851852 0.5132378472222222 0.16377314814814814 0.5141059027777778 0.1684027777777778 0.5084635416666666 0.16917438271604937 0.5052083333333334 0.1753472222222222 0.4984809027777778 0.16358024691358025 0.5049913194444444 0.1554783950617284 0.5075954861111112 0.15914351851851852
1 0.5021701388888888 0.15027006172839505 0.5084635416666666 0.16126543209876543 0.5052083333333334 0.17380401234567902 0.4928385416666667 0.17573302469135801 0.4911024305555556 0.18036265432098766 0.4854600694444444 0.16859567901234568 0.4874131944444444 0.1576003086419753 0.4913194444444444 0.15297067901234568 0.501953125 0.15027006172839505
1 0.4997829861111111 0.1427469135802469 0.5047743055555556 0.14814814814814814 0.505859375 0.15354938271604937 0.5017361111111112 0.1684027777777778 0.498046875 0.16820987654320987 0.4982638888888889 0.16454475308641975 0.4878472222222222 0.16396604938271606 0.4852430555555556 0.15297067901234568 0.4800347222222222 0.15104166666666666 0.4800347222222222 0.14737654320987653 0.4841579861111111 0.1431327160493827 0.4995659722222222 0.1427469135802469
1 0.4620225694444444 0.15065586419753085 0.4683159722222222 0.1541280864197531 0.4739583333333333 0.16782407407407407 0.4717881944444444 0.1722608024691358 0.4637586805555556 0.17573302469135801 0.4598524305555556 0.1753472222222222 0.4546440972222222 0.1684027777777778 0.4561631944444444 0.1541280864197531 0.4618055555555556 0.15065586419753085
1 0.4375 0.15933641975308643 0.4416232638888889 0.16512345679012347 0.4453125 0.17862654320987653 0.4288194444444444 0.1892361111111111 0.4286024305555556 0.18055555555555555 0.43359375 0.16165123456790123 0.4372829861111111 0.15933641975308643
1 0.4893663194444444 0.14216820987654322 0.4997829861111111 0.14255401234567902 0.5021701388888888 0.14756944444444445 0.498046875 0.15104166666666666 0.4880642361111111 0.1527777777777778 0.48046875 0.15104166666666666 0.4793836805555556 0.14756944444444445 0.484375 0.1415895061728395 0.4891493055555556 0.14216820987654322
1 0.4216579861111111 0.16145833333333334 0.4275173611111111 0.16300154320987653 0.4303385416666667 0.1684027777777778 0.4288194444444444 0.18325617283950618 0.4186197916666667 0.17920524691358025 0.4168836805555556 0.1716820987654321 0.4216579861111111 0.16165123456790123
1 0.48828125 0.14255401234567902 0.5004340277777778 0.14390432098765432 0.5052083333333334 0.15470679012345678 0.4978298611111111 0.15335648148148148 0.4917534722222222 0.1554783950617284 0.4845920138888889 0.16338734567901234 0.4737413194444444 0.16338734567901234 0.4713541666666667 0.16126543209876543 0.4691840277777778 0.1440972222222222 0.4717881944444444 0.1431327160493827 0.4776475694444444 0.14718364197530864 0.4841579861111111 0.1423611111111111 0.4880642361111111 0.14255401234567902
1 0.5785590277777778 0.09799382716049383 0.5783420138888888 0.10358796296296297 0.5750868055555556 0.10609567901234568 0.5709635416666666 0.10570987654320987 0.5705295138888888 0.10030864197530864 0.5783420138888888 0.09799382716049383
1 0.5570746527777778 0.09625771604938271 0.5687934027777778 0.10088734567901235 0.5703125 0.10570987654320987 0.5572916666666666 0.10455246913580248 0.5546875 0.09876543209876543 0.5568576388888888 0.09645061728395062
1 0.5477430555555556 0.07349537037037036 0.5516493055555556 0.08159722222222222 0.544921875 0.08699845679012345 0.5403645833333334 0.08584104938271606 0.5379774305555556 0.08082561728395062 0.5401475694444444 0.07581018518518519 0.5475260416666666 0.07349537037037036
1 0.6302083333333334 0.05536265432098766 0.6336805555555556 0.056712962962962965 0.63671875 0.061921296296296294 0.640625 0.057291666666666664 0.6434461805555556 0.058256172839506175 0.6438802083333334 0.06674382716049383 0.6299913194444444 0.06751543209876543 0.6299913194444444 0.05555555555555555
1 0.4537760416666667 0.11265432098765432 0.4633246527777778 0.11554783950617284 0.466796875 0.1232638888888889 0.4637586805555556 0.1267361111111111 0.453125 0.12982253086419754 0.4437934027777778 0.12654320987654322 0.4424913194444444 0.12094907407407407 0.4496527777777778 0.11361882716049383 0.4535590277777778 0.11265432098765432
1 0.5538194444444444 0.06539351851851852 0.5572916666666666 0.06925154320987655 0.5577256944444444 0.0783179012345679 0.5536024305555556 0.08429783950617284 0.5496961805555556 0.08314043209876543 0.5483940972222222 0.07600308641975309 0.5486111111111112 0.06751543209876543 0.5536024305555556 0.06539351851851852
1 0.5546875 0.06577932098765432 0.5575086805555556 0.07079475308641975 0.5572916666666666 0.08121141975308642 0.5538194444444444 0.08410493827160494 0.5436197916666666 0.08641975308641975 0.5394965277777778 0.08352623456790123 0.5394965277777778 0.07735339506172839 0.5462239583333334 0.07175925925925926 0.5492621527777778 0.06577932098765432 0.5544704861111112 0.06577932098765432
1 0.10894097222222222 0.9633487654320988 0.10785590277777778 0.9747299382716049 0.1154513888888889 0.9809027777777778 0.11263020833333333 0.9947916666666666 0.107421875 0.9969135802469136 0.10243055555555555 0.9953703703703703 0.0974392361111111 0.980516975308642 0.1017795138888889 0.966820987654321 0.10590277777777778 0.9629629629629629 0.10872395833333333 0.9633487654320988
1 0.11957465277777778 0.9494598765432098 0.12348090277777778 0.9546682098765432 0.12022569444444445 0.9635416666666666 0.12434895833333333 0.9704861111111112 0.12109375 0.9739583333333334 0.12608506944444445 0.9772376543209876 0.123046875 0.9816743827160493 0.11371527777777778 0.9861111111111112 0.11197916666666667 0.9945987654320988 0.10677083333333333 0.9963348765432098 0.10243055555555555 0.9945987654320988 0.09809027777777778 0.9836033950617284 0.09852430555555555 0.9731867283950617 0.10221354166666667 0.9658564814814815 0.1193576388888889 0.9496527777777778
1 0.1410590277777778 0.6639660493827161 0.142578125 0.6790123456790124 0.1408420138888889 0.6811342592592593 0.1351996527777778 0.6792052469135802 0.13216145833333334 0.6720679012345679 0.13368055555555555 0.6657021604938271 0.1408420138888889 0.6639660493827161
1 0.14930555555555555 0.4533179012345679 0.1538628472222222 0.4564043209876543 0.15516493055555555 0.46334876543209874 0.1460503472222222 0.47010030864197533 0.1440972222222222 0.47434413580246915 0.13758680555555555 0.4704861111111111 0.12890625 0.470679012345679 0.12782118055555555 0.4635416666666667 0.13346354166666666 0.4558256172839506 0.140625 0.45698302469135804 0.14908854166666666 0.4533179012345679
1 0.11957465277777778 0.44155092592592593 0.13216145833333334 0.453125 0.13346354166666666 0.45987654320987653 0.1304253472222222 0.46334876543209874 0.13020833333333334 0.4683641975308642 0.11610243055555555 0.45447530864197533 0.1134982638888889 0.44598765432098764 0.115234375 0.4427083333333333 0.1193576388888889 0.4417438271604938
1 0.1525607638888889 0.36824845679012347 0.15733506944444445 0.375 0.15538194444444445 0.38310185185185186 0.15104166666666666 0.38503086419753085 0.1365017361111111 0.3854166666666667 0.1267361111111111 0.3915895061728395 0.12456597222222222 0.390625 0.1247829861111111 0.3869598765432099 0.11957465277777778 0.38406635802469136 0.1265190972222222 0.38059413580246915 0.12413194444444445 0.3759645061728395 0.1265190972222222 0.3742283950617284 0.1388888888888889 0.3751929012345679 0.15234375 0.36824845679012347
1 0.4008246527777778 0.16087962962962962 0.4073350694444444 0.17515432098765432 0.404296875 0.1849922839506173 0.4010416666666667 0.1869212962962963 0.3910590277777778 0.18229166666666666 0.3884548611111111 0.17573302469135801 0.3880208333333333 0.16493055555555555 0.3940972222222222 0.16628086419753085 0.3975694444444444 0.16107253086419754 0.4006076388888889 0.16107253086419754
1 0.2663845486111111 0.15113811728395063 0.013237847222222222 0.010609567901234568
1 0.4841579861111111 0.06751543209876543 0.4880642361111111 0.06828703703703703 0.4878472222222222 0.08468364197530864 0.4811197916666667 0.08564814814814815 0.4787326388888889 0.08159722222222222 0.4841579861111111 0.06770833333333333
1 0.546875 0.047839506172839504 0.5570746527777778 0.05536265432098766 0.5572916666666666 0.06481481481481481 0.5392795138888888 0.06346450617283951 0.5384114583333334 0.06076388888888889 0.5466579861111112 0.048032407407407406
1 0.4637586805555556 0.05632716049382716 0.4722222222222222 0.060378086419753084 0.4702690972222222 0.06442901234567901 0.4631076388888889 0.0628858024691358 0.4618055555555556 0.05922067901234568 0.4635416666666667 0.05632716049382716
1 0.4051649305555556 0.06847993827160494 0.4077690972222222 0.07195216049382716 0.4086371527777778 0.08236882716049383 0.4045138888888889 0.08777006172839506 0.3995225694444444 0.08661265432098765 0.3975694444444444 0.08121141975308642 0.4049479166666667 0.06847993827160494
1 0.4461805555555556 0.046489197530864196 0.4494357638888889 0.04996141975308642 0.4529079861111111 0.047453703703703706 0.4546440972222222 0.04861111111111111 0.4576822916666667 0.057291666666666664 0.4576822916666667 0.0642361111111111 0.4522569444444444 0.06963734567901235 0.4461805555555556 0.06905864197530864 0.4418402777777778 0.06385030864197531 0.4459635416666667 0.046489197530864196
1 0.3420138888888889 0.06983024691358025 0.3474392361111111 0.0779320987654321 0.3452690972222222 0.08487654320987655 0.3387586805555556 0.08584104938271606 0.3305121527777778 0.08198302469135803 0.3315972222222222 0.07561728395061729 0.341796875 0.07002314814814815
1 0.026258680555555556 0.7797067901234568 0.030381944444444444 0.7808641975308642 0.033203125 0.7885802469135802 0.03797743055555555 0.7934027777777778 0.038628472222222224 0.7972608024691358 0.033203125 0.8003472222222222 0.029730902777777776 0.7993827160493827 0.022352430555555556 0.7916666666666666 0.021484375 0.7827932098765432 0.026041666666666668 0.7797067901234568
1 0 0.5111882716049383 0.004991319444444444 0.5152391975308642 0.008463541666666666 0.5241126543209876 0.026041666666666668 0.5235339506172839 0.027560763888888888 0.5256558641975309 0.025390625 0.5434027777777778 0.022135416666666668 0.544945987654321 0 0.5322145061728395 0 0.5113811728395061
1 0.08528645833333333 0.36323302469135804 0.09418402777777778 0.36612654320987653 0.10394965277777778 0.37364969135802467 0.10221354166666667 0.38252314814814814 0.09223090277777778 0.3856095679012346 0.08485243055555555 0.3836805555555556 0.07942708333333333 0.37287808641975306 0.0798611111111111 0.3663194444444444 0.08506944444444445 0.36323302469135804
1 0.036458333333333336 0.41512345679012347 0.045572916666666664 0.4253472222222222 0.043619791666666664 0.43190586419753085 0.028428819444444444 0.42824074074074076 0.029730902777777776 0.41705246913580246 0.03624131944444445 0.41512345679012347
1 0.3459201388888889 0.05999228395061729 0.3474392361111111 0.07465277777777778 0.3454861111111111 0.07889660493827161 0.3400607638888889 0.07465277777777778 0.33984375 0.07040895061728394 0.3413628472222222 0.06076388888888889 0.345703125 0.05999228395061729
1 0.3524305555555556 0.058834876543209874 0.3569878472222222 0.07098765432098765 0.3556857638888889 0.0779320987654321 0.3524305555555556 0.08082561728395062 0.3463541666666667 0.0777391975308642 0.3435329861111111 0.07118055555555555 0.3485243055555556 0.060378086419753084 0.3522135416666667 0.058834876543209874
1 0.5017361111111112 0.029320987654320986 0.5049913194444444 0.045717592592592594 0.498046875 0.051118827160493825 0.4945746527777778 0.051118827160493825 0.4911024305555556 0.047839506172839504 0.4876302083333333 0.03356481481481482 0.4947916666666667 0.036458333333333336 0.498046875 0.030285493827160493 0.5015190972222222 0.029320987654320986
1 0.4639756944444444 0.02199074074074074 0.4704861111111111 0.03009259259259259 0.4739583333333333 0.030671296296296297 0.4776475694444444 0.03684413580246913 0.4772135416666667 0.04610339506172839 0.4633246527777778 0.04243827160493827 0.4572482638888889 0.036265432098765434 0.4637586805555556 0.02199074074074074
1 0.7660590277777778 0.020061728395061727 0.779296875 0.02199074074074074 0.7821180555555556 0.025655864197530864 0.7814670138888888 0.036458333333333336 0.7762586805555556 0.04031635802469136 0.751953125 0.03780864197530864 0.7428385416666666 0.025848765432098766 0.7447916666666666 0.022762345679012346 0.7504340277777778 0.020833333333333332 0.7658420138888888 0.020061728395061727
1 0.9322916666666666 0.3308256172839506 0.9320746527777778 0.3315972222222222 0.9357638888888888 0.33661265432098764 0.9390190972222222 0.3439429012345679 0.9424913194444444 0.3447145061728395 0.9440104166666666 0.3439429012345679 0.9476996527777778 0.33989197530864196 0.9496527777777778 0.33584104938271603 0.9490017361111112 0.3314043209876543 0.9416232638888888 0.3279320987654321 0.935546875 0.328125