1 0.8244357638888888 0.9774305555555556 0.8263888888888888 0.9837962962962963 0.8218315972222222 0.9874614197530864 0.814453125 0.9847608024691358 0.8040364583333334 0.9849537037037037 0.8016493055555556 0.9809027777777778 0.82421875 0.9774305555555556
1 0.7311197916666666 0.9837962962962963 0.736328125 0.9876543209876543 0.7367621527777778 0.9911265432098766 0.734375 0.9928626543209876 0.7287326388888888 0.9878472222222222 0.7287326388888888 0.984375 0.7309027777777778 0.9837962962962963
1 0.7905815972222222 0.7912808641975309 0.7944878472222222 0.7932098765432098 0.7966579861111112 0.8009259259259259 0.7931857638888888 0.8005401234567902 0.7868923611111112 0.7932098765432098 0.7903645833333334 0.7912808641975309
1 0.6664496527777778 0.9141589506172839 0.6716579861111112 0.9212962962962963 0.6684027777777778 0.9346064814814815 0.6647135416666666 0.9334490740740741 0.6575520833333334 0.921875 0.6612413194444444 0.9137731481481481 0.6662326388888888 0.9141589506172839
1 0.9483506944444444 0.6003086419753086 0.9670138888888888 0.6128472222222222 0.9657118055555556 0.6161265432098766 0.9581163194444444 0.6176697530864198 0.953125 0.6224922839506173 0.9496527777777778 0.6221064814814815 0.9346788194444444 0.609375 0.9359809027777778 0.6030092592592593 0.9481336805555556 0.6003086419753086
1 0.6371527777777778 0.9066358024691358 0.6453993055555556 0.9128086419753086 0.6460503472222222 0.9193672839506173 0.6447482638888888 0.9220679012345679 0.6343315972222222 0.9255401234567902 0.6267361111111112 0.9245756172839507 0.6215277777777778 0.9143518518518519 0.6263020833333334 0.9099151234567902 0.6369357638888888 0.9066358024691358
1 0.8025173611111112 0.6959876543209876 0.8068576388888888 0.7054398148148148 0.8053385416666666 0.7202932098765432 0.810546875 0.7280092592592593 0.7994791666666666 0.7260802469135802 0.7897135416666666 0.7081404320987654 0.7897135416666666 0.7027391975308642 0.7944878472222222 0.6961805555555556 0.796875 0.6940586419753086 0.8023003472222222 0.6959876543209876
1 0.6232638888888888 0.7908950617283951 0.6267361111111112 0.7924382716049383 0.6273871527777778 0.7957175925925926 0.6232638888888888 0.8028549382716049 0.6187065972222222 0.7934027777777778 0.623046875 0.7908950617283951
1 0.810546875 0.6122685185185185 0.8257378472222222 0.6128472222222222 0.8324652777777778 0.6163194444444444 0.8335503472222222 0.6201774691358025 0.8318142361111112 0.6219135802469136 0.8185763888888888 0.6234567901234568 0.8131510416666666 0.623070987654321 0.7999131944444444 0.613233024691358 0.8103298611111112 0.6122685185185185
1 0.9405381944444444 0.35378086419753085 0.9431423611111112 0.35551697530864196 0.9427083333333334 0.3597608024691358 0.9348958333333334 0.36940586419753085 0.9290364583333334 0.373070987654321 0.921875 0.3705632716049383 0.921875 0.3653549382716049 0.9320746527777778 0.3549382716049383 0.9403211805555556 0.35378086419753085
1 0.5590277777777778 0.9677854938271605 0.5640190972222222 0.9693287037037037 0.5674913194444444 0.9743441358024691 0.556640625 0.9845679012345679 0.5542534722222222 0.9924768518518519 0.5431857638888888 0.984375 0.5390625 0.9778163580246914 0.5390625 0.9733796296296297 0.54296875 0.9695216049382716 0.5503472222222222 0.970679012345679 0.5588107638888888 0.9677854938271605
1 0.6148003472222222 0.7912808641975309 0.626953125 0.7926311728395061 0.6267361111111112 0.7993827160493827 0.6232638888888888 0.8028549382716049 0.6163194444444444 0.794945987654321 0.6126302083333334 0.798804012345679 0.6089409722222222 0.7932098765432098 0.6145833333333334 0.7912808641975309
1 0.6128472222222222 0.7908950617283951 0.6180555555555556 0.7934027777777778 0.6150173611111112 0.7984182098765432 0.6128472222222222 0.7995756172839507 0.6089409722222222 0.7934027777777778 0.6126302083333334 0.7910879629629629
1 0.5815972222222222 0.7907021604938271 0.5833333333333334 0.793016975308642 0.5815972222222222 0.8011188271604939 0.578125 0.7997685185185185 0.57421875 0.7932098765432098 0.5763888888888888 0.7908950617283951 0.5813802083333334 0.7907021604938271
1 0.4503038194444444 0.9656635802469136 0.4563802083333333 0.9679783950617284 0.4596354166666667 0.9735725308641975 0.453125 0.9928626543209876 0.4461805555555556 0.984375 0.4383680555555556 0.9841820987654321 0.44140625 0.9702932098765432 0.4500868055555556 0.9656635802469136
1 0.4253472222222222 0.9895833333333334 0.4357638888888889 0.9913194444444444 0.4361979166666667 0.9998070987654321 0.41796875 0.9998070987654321 0.4151475694444444 0.9949845679012346 0.4166666666666667 0.9915123456790124 0.4251302083333333 0.9895833333333334
1 0.5336371527777778 0.7748842592592593 0.5418836805555556 0.779320987654321 0.5425347222222222 0.783179012345679 0.5397135416666666 0.7878086419753086 0.5329861111111112 0.7895447530864198 0.5260416666666666 0.7883873456790124 0.5193142361111112 0.7826003086419753 0.5260416666666666 0.7756558641975309 0.5334201388888888 0.7748842592592593
1 0.6909722222222222 0.5810185185185185 0.7063802083333334 0.5844907407407407 0.7074652777777778 0.591820987654321 0.7029079861111112 0.6010802469135802 0.6857638888888888 0.5962577160493827 0.6822916666666666 0.5889274691358025 0.6831597222222222 0.5852623456790124 0.6907552083333334 0.5810185185185185
1 0.5062934027777778 0.7798996913580247 0.5121527777777778 0.7843364197530864 0.5162760416666666 0.800733024691358 0.515625 0.8036265432098766 0.51171875 0.8055555555555556 0.5041232638888888 0.7978395061728395 0.5015190972222222 0.8074845679012346 0.4991319444444444 0.7829861111111112 0.5015190972222222 0.7798996913580247 0.5060763888888888 0.7798996913580247
1 0.4984809027777778 0.7795138888888888 0.5026041666666666 0.7827932098765432 0.5036892361111112 0.7918595679012346 0.5032552083333334 0.8072916666666666 0.4993489583333333 0.8096064814814815 0.4958767361111111 0.8074845679012346 0.4943576388888889 0.7984182098765432 0.4906684027777778 0.7934027777777778 0.4921875 0.783179012345679 0.4982638888888889 0.7795138888888888
1 0.546875 0.6728395061728395 0.5503472222222222 0.6755401234567902 0.5520833333333334 0.6820987654320988 0.5438368055555556 0.6932870370370371 0.537109375 0.6890432098765432 0.5353732638888888 0.6819058641975309 0.5386284722222222 0.6751543209876543 0.5466579861111112 0.6728395061728395
1 0.5859375 0.6018518518518519 0.6056857638888888 0.6024305555555556 0.5987413194444444 0.6064814814814815 0.6011284722222222 0.6172839506172839 0.5985243055555556 0.6178626543209876 0.5887586805555556 0.6082175925925926 0.5855034722222222 0.6082175925925926 0.5753038194444444 0.6111111111111112 0.5677083333333334 0.6224922839506173 0.5668402777777778 0.6161265432098766 0.5709635416666666 0.6030092592592593 0.5857204861111112 0.6018518518518519
1 0.5805121527777778 0.6018518518518519 0.5970052083333334 0.6026234567901234 0.5998263888888888 0.6163194444444444 0.587890625 0.607445987654321 0.5746527777777778 0.6116898148148148 0.5679253472222222 0.6224922839506173 0.5666232638888888 0.6161265432098766 0.5707465277777778 0.6035879629629629 0.5802951388888888 0.6018518518518519
1 0.3283420138888889 0.9614197530864198 0.3383246527777778 0.9654706790123457 0.3387586805555556 0.9714506172839507 0.314453125 0.9737654320987654 0.3096788194444444 0.9693287037037037 0.3218315972222222 0.9625771604938271 0.328125 0.9614197530864198
1 0.4322916666666667 0.6747685185185185 0.4368489583333333 0.6786265432098766 0.4344618055555556 0.6828703703703703 0.4151475694444444 0.691358024691358 0.4129774305555556 0.685570987654321 0.4032118055555556 0.6820987654320988 0.4021267361111111 0.6788194444444444 0.4320746527777778 0.6747685185185185
1 0.2727864583333333 0.9564043209876543 0.2764756944444444 0.9577546296296297 0.2795138888888889 0.9633487654320988 0.2758246527777778 0.9753086419753086 0.2723524305555556 0.9751157407407407 0.2688802083333333 0.96875 0.2610677083333333 0.9670138888888888 0.2595486111111111 0.9635416666666666 0.2619357638888889 0.9592978395061729 0.2725694444444444 0.9564043209876543
1 0.2942708333333333 0.8329475308641975 0.3031684027777778 0.8368055555555556 0.3157552083333333 0.8383487654320988 0.318359375 0.841820987654321 0.3116319444444444 0.863233024691358 0.3075086805555556 0.8653549382716049 0.3031684027777778 0.8624614197530864 0.3009982638888889 0.8464506172839507 0.2914496527777778 0.8350694444444444 0.2940538194444444 0.8329475308641975
1 0.3463541666666667 0.7029320987654321 0.3576388888888889 0.703125 0.3556857638888889 0.7179783950617284 0.3489583333333333 0.714891975308642 0.3424479166666667 0.7172067901234568 0.337890625 0.7156635802469136 0.3385416666666667 0.7064043209876543 0.3461371527777778 0.7029320987654321
1 0.3576388888888889 0.703125 0.3556857638888889 0.7179783950617284 0.3487413194444444 0.714891975308642 0.3426649305555556 0.7175925925925926 0.3376736111111111 0.7172067901234568 0.3348524305555556 0.7100694444444444 0.328125 0.7141203703703703 0.3211805555555556 0.7150848765432098 0.3209635416666667 0.7098765432098766 0.326171875 0.703125 0.357421875 0.703125
1 0.3385416666666667 0.7162422839506173 0.3361545138888889 0.7098765432098766 0.3211805555555556 0.7162422839506173 0.3226996527777778 0.7037037037037037 0.3387586805555556 0.703125 0.3387586805555556 0.7160493827160493
1 0.3491753472222222 0.6751543209876543 0.3556857638888889 0.6786265432098766 0.353515625 0.685570987654321 0.3483072916666667 0.6896219135802469 0.3333333333333333 0.6934799382716049 0.3266059027777778 0.6925154320987654 0.3268229166666667 0.6875 0.3372395833333333 0.6776620370370371 0.3489583333333333 0.6751543209876543
1 0.3246527777777778 0.6653163580246914 0.328125 0.6649305555555556 0.3311631944444444 0.6678240740740741 0.3513454861111111 0.6753472222222222 0.3279079861111111 0.6805555555555556 0.3229166666666667 0.6716820987654321 0.3246527777777778 0.6655092592592593
1 0.3177083333333333 0.6674382716049383 0.3200954861111111 0.6684027777777778 0.3203125 0.6716820987654321 0.310546875 0.6797839506172839 0.3064236111111111 0.6790123456790124 0.3057725694444444 0.6720679012345679 0.3098958333333333 0.6684027777777778 0.3174913194444444 0.6674382716049383
1 0.6028645833333334 0.35204475308641975 0.6067708333333334 0.3551311728395062 0.6080729166666666 0.36651234567901236 0.6056857638888888 0.3734567901234568 0.5993923611111112 0.37789351851851855 0.5952690972222222 0.3765432098765432 0.5926649305555556 0.36959876543209874 0.5974392361111112 0.3628472222222222 0.5998263888888888 0.35378086419753085 0.6026475694444444 0.35204475308641975
1 0.4357638888888889 0.36612654320987653 0.4385850694444444 0.3748070987654321 0.455078125 0.3773148148148148 0.4572482638888889 0.37982253086419754 0.4359809027777778 0.3883101851851852 0.4318576388888889 0.3881172839506173 0.4268663194444444 0.38078703703703703 0.4309895833333333 0.36824845679012347 0.435546875 0.36612654320987653
1 0.4181857638888889 0.3705632716049383 0.421875 0.3726851851851852 0.4264322916666667 0.38155864197530864 0.4242621527777778 0.3904320987654321 0.4181857638888889 0.3917824074074074 0.4144965277777778 0.3863811728395062 0.4147135416666667 0.3722993827160494 0.41796875 0.3707561728395062
1 0.5303819444444444 0.1996527777777778 0.5345052083333334 0.21334876543209877 0.5297309027777778 0.21392746913580246 0.51953125 0.21334876543209877 0.5301649305555556 0.1996527777777778
1 0.20833333333333334 0.890625 0.2133246527777778 0.8935185185185185 0.21354166666666666 0.8985339506172839 0.20052083333333334 0.9047067901234568 0.19856770833333334 0.9018132716049383 0.1994357638888889 0.8942901234567902 0.2033420138888889 0.8910108024691358 0.20811631944444445 0.890625
1 0.20985243055555555 0.8913966049382716 0.2133246527777778 0.8939043209876543 0.2133246527777778 0.9091435185185185 0.208984375 0.9151234567901234 0.1968315972222222 0.921875 0.1955295138888889 0.918016975308642 0.19986979166666666 0.9077932098765432 0.1994357638888889 0.8966049382716049 0.2026909722222222 0.8921682098765432 0.20963541666666666 0.8913966049382716
1 0.296875 0.6685956790123457 0.3042534722222222 0.6751543209876543 0.3051215277777778 0.6788194444444444 0.296875 0.6934799382716049 0.2936197916666667 0.6950231481481481 0.2894965277777778 0.6948302469135802 0.2836371527777778 0.6907793209876543 0.2810329861111111 0.6780478395061729 0.2966579861111111 0.6685956790123457
1 0.21006944444444445 0.6732253086419753 0.21354166666666666 0.6753472222222222 0.21484375 0.6820987654320988 0.203125 0.6925154320987654 0.19270833333333334 0.6925154320987654 0.1911892361111111 0.685570987654321 0.1859809027777778 0.6815200617283951 0.18858506944444445 0.6790123456790124 0.20985243055555555 0.6732253086419753
1 0.2938368055555556 0.4565972222222222 0.2983940972222222 0.4600694444444444 0.2899305555555556 0.4747299382716049 0.2862413194444444 0.47781635802469136 0.2762586805555556 0.47974537037037035 0.2623697916666667 0.47415123456790126 0.259765625 0.4693287037037037 0.2758246527777778 0.4600694444444444 0.2829861111111111 0.46141975308641975 0.2897135416666667 0.4565972222222222 0.2936197916666667 0.4565972222222222
1 0.1684027777777778 0.9184027777777778 0.17078993055555555 0.921875 0.16493055555555555 0.9270833333333334 0.1616753472222222 0.9253472222222222 0.16145833333333334 0.9207175925925926 0.1681857638888889 0.9184027777777778
1 0.12000868055555555 0.949266975308642 0.1232638888888889 0.9529320987654321 0.12022569444444445 0.9598765432098766 0.1232638888888889 0.966820987654321 0.12760416666666666 0.9650848765432098 0.13346354166666666 0.9533179012345679 0.13736979166666666 0.9538966049382716 0.13953993055555555 0.9604552469135802 0.13606770833333334 0.9701003086419753 0.1371527777777778 0.9810956790123457 0.12999131944444445 0.9749228395061729 0.123046875 0.9828317901234568 0.11263020833333333 0.986304012345679 0.10677083333333333 0.9949845679012346 0.10243055555555555 0.9934413580246914 0.09895833333333333 0.9855324074074074 0.09852430555555555 0.9735725308641975 0.10394965277777778 0.9637345679012346 0.11979166666666667 0.949266975308642
1 0.140625 0.6635802469135802 0.14344618055555555 0.6645447530864198 0.14149305555555555 0.6801697530864198 0.13563368055555555 0.6795910493827161 0.1312934027777778 0.6720679012345679 0.13368055555555555 0.6662808641975309 0.1404079861111111 0.6637731481481481
1 0.13368055555555555 0.6691743827160493 0.1369357638888889 0.6736111111111112 0.1404079861111111 0.669945987654321 0.1404079861111111 0.6784336419753086 0.13671875 0.6790123456790124 0.123046875 0.6950231481481481 0.11848958333333333 0.6956018518518519 0.11566840277777778 0.6896219135802469 0.11805555555555555 0.6792052469135802 0.13368055555555555 0.6693672839506173
1 0.1857638888888889 0.3690200617283951 0.19270833333333334 0.3748070987654321 0.2029079861111111 0.37712191358024694 0.2072482638888889 0.38040123456790126 0.2087673611111111 0.38503086419753085 0.20377604166666666 0.38753858024691357 0.18619791666666666 0.38483796296296297 0.17708333333333334 0.3765432098765432 0.185546875 0.3690200617283951
1 0.2690972222222222 0.2810570987654321 0.2795138888888889 0.2924382716049383 0.2897135416666667 0.29301697530864196 0.2977430555555556 0.3003472222222222 0.2829861111111111 0.31037808641975306 0.265625 0.3130787037037037 0.2641059027777778 0.3107638888888889 0.2701822916666667 0.3038194444444444 0.2651909722222222 0.2935956790123457 0.2654079861111111 0.2827932098765432 0.2688802083333333 0.2810570987654321
1 0.4709201388888889 0.19888117283950618 0.4772135416666667 0.2023533950617284 0.4845920138888889 0.2013888888888889 0.486328125 0.2029320987654321 0.4848090277777778 0.21334876543209877 0.4739583333333333 0.21412037037037038 0.4702690972222222 0.21315586419753085 0.470703125 0.19888117283950618
1 0.4461805555555556 0.20794753086419754 0.4568142361111111 0.21354166666666666 0.4542100694444444 0.22395833333333334 0.4659288194444444 0.24479166666666666 0.4633246527777778 0.24633487654320987 0.4359809027777778 0.23109567901234568 0.4381510416666667 0.2204861111111111 0.4459635416666667 0.20814043209876543
1 0.447265625 0.20736882716049382 0.4572482638888889 0.21334876543209877 0.4537760416666667 0.22781635802469136 0.4490017361111111 0.22955246913580246 0.4496527777777778 0.2341820987654321 0.4476996527777778 0.2349537037037037 0.4388020833333333 0.2339891975308642 0.4357638888888889 0.23109567901234568 0.4379340277777778 0.2197145061728395 0.4427083333333333 0.21026234567901234 0.4470486111111111 0.20736882716049382
1 0.2384982638888889 0.26350308641975306 0.240234375 0.2648533950617284 0.2406684027777778 0.27912808641975306 0.2384982638888889 0.2804783950617284 0.2306857638888889 0.2802854938271605 0.228515625 0.2760416666666667 0.2309027777777778 0.267554012345679 0.23828125 0.26350308641975306
1 0.5538194444444444 0.16165123456790123 0.5640190972222222 0.16396604938271606 0.5638020833333334 0.1753472222222222 0.5607638888888888 0.18036265432098766 0.5501302083333334 0.18306327160493827 0.5455729166666666 0.17862654320987653 0.5462239583333334 0.1716820987654321 0.5536024305555556 0.16184413580246915
1 0.4878472222222222 0.1712962962962963 0.4930555555555556 0.1753472222222222 0.4911024305555556 0.1840277777777778 0.4850260416666667 0.1863425925925926 0.4841579861111111 0.19077932098765432 0.4728732638888889 0.18209876543209877 0.4715711805555556 0.17843364197530864 0.4737413194444444 0.17631172839506173 0.4806857638888889 0.17650462962962962 0.4876302083333333 0.1714891975308642
1 0.5052083333333334 0.16049382716049382 0.5121527777777778 0.16338734567901234 0.5188802083333334 0.15817901234567902 0.5234375 0.1714891975308642 0.5197482638888888 0.17862654320987653 0.5149739583333334 0.18016975308641975 0.5080295138888888 0.17901234567901234 0.50390625 0.1720679012345679 0.5052083333333334 0.16068672839506173
1 0.4913194444444444 0.1587577160493827 0.5047743055555556 0.16049382716049382 0.5052083333333334 0.1684027777777778 0.5030381944444444 0.1722608024691358 0.4932725694444444 0.17650462962962962 0.4911024305555556 0.1840277777777778 0.4854600694444444 0.18229166666666666 0.4856770833333333 0.16473765432098766 0.4911024305555556 0.15895061728395063
1 0.5049913194444444 0.15104166666666666 0.5067274305555556 0.1576003086419753 0.5132378472222222 0.16454475308641975 0.5121527777777778 0.16801697530864199 0.5071614583333334 0.1693672839506173 0.5052083333333334 0.17418981481481483 0.5006510416666666 0.16917438271604937 0.4995659722222222 0.16473765432098766 0.5028211805555556 0.16107253086419754 0.5049913194444444 0.15123456790123457
1 0.4357638888888889 0.18074845679012347 0.4398871527777778 0.18209876543209877 0.4290364583333333 0.1896219135802469 0.4259982638888889 0.1863425925925926 0.4288194444444444 0.17554012345679013 0.4320746527777778 0.17380401234567902 0.435546875 0.18074845679012347
1 0.435546875 0.15914351851851852 0.4396701388888889 0.16107253086419754 0.4450954861111111 0.17766203703703703 0.4427083333333333 0.18171296296296297 0.435546875 0.18595679012345678 0.431640625 0.18557098765432098 0.4312065972222222 0.17341820987654322 0.435546875 0.15933641975308643
1 0.4626736111111111 0.15104166666666666 0.4680989583333333 0.15432098765432098 0.4735243055555556 0.16782407407407407 0.470703125 0.1730324074074074 0.4639756944444444 0.17573302469135801 0.4598524305555556 0.1753472222222222 0.455078125 0.1684027777777778 0.4563802083333333 0.15354938271604937 0.4624565972222222 0.15104166666666666
1 0.4255642361111111 0.16126543209876543 0.4290364583333333 0.16473765432098766 0.4305555555555556 0.17959104938271606 0.4288194444444444 0.1867283950617284 0.4177517361111111 0.17573302469135801 0.421875 0.16415895061728394 0.4253472222222222 0.16126543209876543
1 0.5006510416666666 0.1410108024691358 0.5056423611111112 0.15084876543209877 0.5049913194444444 0.15470679012345678 0.5015190972222222 0.1570216049382716 0.4878472222222222 0.1548996913580247 0.4800347222222222 0.14834104938271606 0.4845920138888889 0.1423611111111111 0.5004340277777778 0.1410108024691358
1 0.4986979166666667 0.1419753086419753 0.5049913194444444 0.14872685185185186 0.5049913194444444 0.1550925925925926 0.4982638888888889 0.15779320987654322 0.4945746527777778 0.16184413580246915 0.4858940972222222 0.16396604938271606 0.4724392361111111 0.16145833333333334 0.4680989583333333 0.14814814814814814 0.46875 0.14390432098765432 0.4778645833333333 0.14718364197530864 0.4841579861111111 0.14255401234567902 0.4984809027777778 0.1419753086419753
1 0.5 0.1415895061728395 0.5052083333333334 0.14776234567901234 0.505859375 0.15625 0.5017361111111112 0.16878858024691357 0.4952256944444444 0.171875 0.482421875 0.16261574074074073 0.4772135416666667 0.16010802469135801 0.4737413194444444 0.16107253086419754 0.47265625 0.1576003086419753 0.4763454861111111 0.15432098765432098 0.4694010416666667 0.14737654320987653 0.470703125 0.1440972222222222 0.4772135416666667 0.14911265432098766 0.4845920138888889 0.1427469135802469 0.4997829861111111 0.1415895061728395
1 0.5759548611111112 0.09760802469135803 0.5779079861111112 0.10223765432098765 0.5746527777777778 0.10590277777777778 0.5705295138888888 0.10532407407407407 0.5687934027777778 0.09895833333333333 0.5757378472222222 0.09760802469135803
1 0.5570746527777778 0.09741512345679013 0.560546875 0.09992283950617284 0.576171875 0.09760802469135803 0.578125 0.09876543209876543 0.5768229166666666 0.10416666666666667 0.5744357638888888 0.10609567901234568 0.5633680555555556 0.10590277777777778 0.5570746527777778 0.10204475308641975 0.5568576388888888 0.09760802469135803
1 0.5575086805555556 0.09587191358024691 0.5642361111111112 0.09895833333333333 0.5750868055555556 0.09953703703703703 0.5744357638888888 0.10397376543209877 0.5666232638888888 0.10628858024691358 0.5570746527777778 0.10435956790123457 0.5542534722222222 0.09741512345679013 0.5572916666666666 0.09587191358024691
1 0.546875 0.07445987654320987 0.55078125 0.08159722222222222 0.5466579861111112 0.08699845679012345 0.5399305555555556 0.08603395061728394 0.5379774305555556 0.08198302469135803 0.5401475694444444 0.0763888888888889 0.5466579861111112 0.07445987654320987
1 0.640625 0.06278935185185185 0.008680555555555556 0.010223765432098766
1 0.6299913194444444 0.05594135802469136 0.6336805555555556 0.05709876543209876 0.6369357638888888 0.0625 0.640625 0.058256172839506175 0.6438802083333334 0.05806327160493827 0.6447482638888888 0.0642361111111111 0.642578125 0.06751543209876543 0.6299913194444444 0.06732253086419752 0.6284722222222222 0.0642361111111111 0.6299913194444444 0.05613425925925926
1 0.630859375 0.05594135802469136 0.6336805555555556 0.057291666666666664 0.6356336805555556 0.06404320987654322 0.6338975694444444 0.06751543209876543 0.6299913194444444 0.06751543209876543 0.6284722222222222 0.06539351851851852 0.6306423611111112 0.05594135802469136
1 0.4607204861111111 0.11361882716049383 0.4665798611111111 0.11940586419753087 0.4670138888888889 0.12307098765432099 0.4605034722222222 0.12827932098765432 0.4466145833333333 0.1263503086419753 0.4420572916666667 0.11998456790123457 0.4526909722222222 0.11265432098765432 0.4605034722222222 0.11361882716049383
1 0.5521918402777778 0.07552083333333333 0.011935763888888888 0.019483024691358024
1 0.1369357638888889 0.9529320987654321 0.13997395833333334 0.9598765432098766 0.1365017361111111 0.9701003086419753 0.1371527777777778 0.9820601851851852 0.13020833333333334 0.9745370370370371 0.12630208333333334 0.9741512345679012 0.13020833333333334 0.956983024691358 0.1330295138888889 0.953125 0.13671875 0.9529320987654321
1 0.12109375 0.9494598765432098 0.1232638888888889 0.9567901234567902 0.1193576388888889 0.9629629629629629 0.12065972222222222 0.9702932098765432 0.11566840277777778 0.9724151234567902 0.11241319444444445 0.9701003086419753 0.111328125 0.9735725308641975 0.10590277777777778 0.9743441358024691 0.10221354166666667 0.9776234567901234 0.09917534722222222 0.9739583333333334 0.10221354166666667 0.966820987654321 0.11610243055555555 0.9506172839506173 0.1208767361111111 0.9494598765432098
1 0.14171006944444445 0.6635802469135802 0.14366319444444445 0.6649305555555556 0.140625 0.6809413580246914 0.1351996527777778 0.6790123456790124 0.1312934027777778 0.6716820987654321 0.13368055555555555 0.6660879629629629 0.14149305555555555 0.6635802469135802
1 0.14973958333333334 0.45447530864197533 0.154296875 0.4575617283950617 0.15516493055555555 0.46334876543209874 0.1404079861111111 0.4737654320987654 0.1293402777777778 0.4704861111111111 0.12999131944444445 0.46662808641975306 0.13368055555555555 0.46199845679012347 0.14952256944444445 0.45447530864197533
1 0.12022569444444445 0.4419367283950617 0.13758680555555555 0.4581404320987654 0.1408420138888889 0.4591049382716049 0.1486545138888889 0.4548611111111111 0.154296875 0.4583333333333333 0.1547309027777778 0.4635416666666667 0.1404079861111111 0.47337962962962965 0.12782118055555555 0.4704861111111111 0.1252170138888889 0.4643132716049383 0.1171875 0.4565972222222222 0.11414930555555555 0.4461805555555556 0.11610243055555555 0.4427083333333333 0.12000868055555555 0.4419367283950617
1 0.15147569444444445 0.36786265432098764 0.15690104166666666 0.3734567901234568 0.15755208333333334 0.3802083333333333 0.15559895833333334 0.38348765432098764 0.1349826388888889 0.38522376543209874 0.1232638888888889 0.3896604938271605 0.12348090277777778 0.3800154320987654 0.1265190972222222 0.3765432098765432 0.1443142361111111 0.3740354938271605 0.15125868055555555 0.36786265432098764
1 0.3993055555555556 0.16300154320987653 0.40625 0.17496141975308643 0.4012586805555556 0.18518518518518517 0.3910590277777778 0.18229166666666666 0.3884548611111111 0.17515432098765432 0.3888888888888889 0.16493055555555555 0.3990885416666667 0.16300154320987653
1 0.24934895833333334 0.14853395061728394 0.2599826388888889 0.15393518518518517 0.2552083333333333 0.1568287037037037 0.24891493055555555 0.1541280864197531 0.24717881944444445 0.14988425925925927 0.24913194444444445 0.14853395061728394
1 0.4114583333333333 0.0935570987654321 0.41796875 0.09876543209876543 0.4181857638888889 0.10551697530864197 0.4105902777777778 0.10474537037037036 0.4112413194444444 0.09375
1 0.5482855902777778 0.07503858024691358 0.019314236111111112 0.02199074074074074
1 0.4848090277777778 0.06751543209876543 0.4878472222222222 0.06809413580246913 0.4884982638888889 0.0798611111111111 0.4871961805555556 0.08487654320987655 0.4845920138888889 0.08622685185185185 0.4809027777777778 0.08564814814814815 0.4787326388888889 0.08198302469135803 0.4787326388888889 0.0779320987654321 0.4845920138888889 0.06751543209876543
1 0.5475260416666666 0.04996141975308642 0.5572916666666666 0.055169753086419755 0.5581597222222222 0.06404320987654322 0.5542534722222222 0.06577932098765432 0.5486111111111112 0.06404320987654322 0.546875 0.06076388888888889 0.548828125 0.05787037037037037 0.5473090277777778 0.04996141975308642
1 0.546875 0.04822530864197531 0.5570746527777778 0.05555555555555555 0.5575086805555556 0.0642361111111111 0.5509982638888888 0.06520061728395062 0.5388454861111112 0.062114197530864196 0.5466579861111112 0.04841820987654321
1 0.546875 0.04822530864197531 0.5518663194444444 0.05381944444444445 0.5501302083333334 0.062114197530864196 0.54296875 0.06404320987654322 0.5377604166666666 0.06095679012345679 0.5466579861111112 0.04841820987654321
1 0.4652777777777778 0.05709876543209876 0.4715711805555556 0.05960648148148148 0.4702690972222222 0.0642361111111111 0.4633246527777778 0.0628858024691358 0.4626736111111111 0.05787037037037037 0.4650607638888889 0.05709876543209876
1 0.2690972222222222 0.1410108024691358 0.2690972222222222 0.14756944444444445 0.2738715277777778 0.1545138888888889 0.2699652777777778 0.1560570987654321 0.2601996527777778 0.1545138888888889 0.2621527777777778 0.14776234567901234 0.2677951388888889 0.14448302469135801 0.2690972222222222 0.1412037037037037
1 0.4045138888888889 0.06828703703703703 0.4077690972222222 0.07253086419753087 0.4079861111111111 0.08526234567901235 0.4008246527777778 0.08757716049382716 0.3975694444444444 0.08179012345679013 0.404296875 0.06847993827160494
1 0.341796875 0.07310956790123457 0.3463541666666667 0.08082561728395062 0.3450520833333333 0.08487654320987655 0.3385416666666667 0.08564814814814815 0.3305121527777778 0.08179012345679013 0.3315972222222222 0.07581018518518519 0.3415798611111111 0.07330246913580248
1 0.4533420138888889 0.047839506172839504 0.4563802083333333 0.04976851851851852 0.4583333333333333 0.06114969135802469 0.4565972222222222 0.06751543209876543 0.453125 0.06963734567901235 0.4455295138888889 0.06770833333333333 0.4448784722222222 0.0642361111111111 0.4474826388888889 0.05497685185185185 0.453125 0.047839506172839504
1 0.4461805555555556 0.045910493827160496 0.4516059027777778 0.06751543209876543 0.4466145833333333 0.06867283950617284 0.4407552083333333 0.06095679012345679 0.4427083333333333 0.046489197530864196 0.4459635416666667 0.045910493827160496
1 0.7747395833333334 0.019290123456790122 0.7808159722222222 0.021604938271604937 0.7866753472222222 0.03298611111111111 0.7730034722222222 0.03993055555555555 0.7517361111111112 0.036458333333333336 0.7456597222222222 0.025848765432098766 0.7690972222222222 0.01890432098765432 0.7745225694444444 0.019290123456790122
1 0.7259114583333334 0.018518518518518517 0.7272135416666666 0.032214506172839504 0.7241753472222222 0.03587962962962963 0.7131076388888888 0.035493827160493825 0.7085503472222222 0.02353395061728395 0.7133246527777778 0.019483024691358024 0.7256944444444444 0.018518518518518517
1 0.5017361111111112 0.029513888888888888 0.5049913194444444 0.04533179012345679 0.4982638888888889 0.05092592592592592 0.4945746527777778 0.05073302469135803 0.4911024305555556 0.047453703703703706 0.4876302083333333 0.033371913580246916 0.4947916666666667 0.03607253086419753 0.4978298611111111 0.030478395061728395 0.5015190972222222 0.029513888888888888
1 0.3491753472222222 0.05960648148148148 0.3528645833333333 0.06076388888888889 0.3567708333333333 0.07214506172839506 0.3567708333333333 0.0779320987654321 0.3528645833333333 0.0798611111111111 0.3450520833333333 0.0783179012345679 0.341796875 0.07484567901234568 0.3420138888888889 0.06500771604938271 0.3452690972222222 0.06732253086419752 0.3463541666666667 0.06114969135802469 0.3489583333333333 0.05960648148148148
1 0.3452690972222222 0.05941358024691358 0.3474392361111111 0.060570987654320986 0.349609375 0.078125 0.3454861111111111 0.07966820987654322 0.33984375 0.07465277777777778 0.3411458333333333 0.061535493827160496 0.3450520833333333 0.05960648148148148
1 0.029296875 0.7798996913580247 0.03342013888888889 0.7887731481481481 0.03819444444444445 0.7932098765432098 0.03819444444444445 0.796875 0.034505208333333336 0.7986111111111112 0.029296875 0.7978395061728395 0.022135416666666668 0.7926311728395061 0.021484375 0.78125 0.029079861111111112 0.7798996913580247
1 0 0.5111882716049383 0.004991319444444444 0.5146604938271605 0.008463541666666666 0.5237268518518519 0.016927083333333332 0.5246913580246914 0.026041666666666668 0.5227623456790124 0.028211805555555556 0.5254629629629629 0.028862847222222224 0.5360725308641975 0.019097222222222224 0.5408950617283951 0.004774305555555556 0.5349151234567902 0 0.5304783950617284 0 0.5113811728395061
1 0.078125 0.3638117283950617 0.0920138888888889 0.3653549382716049 0.10221354166666667 0.3717206790123457 0.10416666666666667 0.37635030864197533 0.10243055555555555 0.38233024691358025 0.0920138888888889 0.38676697530864196 0.08528645833333333 0.38406635802469136 0.08116319444444445 0.37962962962962965 0.07682291666666667 0.36651234567901236 0.0779079861111111 0.36400462962962965
1 0.03342013888888889 0.41705246913580246 0.0390625 0.4184027777777778 0.043402777777777776 0.4226466049382716 0.04578993055555555 0.42843364197530864 0.043619791666666664 0.43113425925925924 0.027994791666666668 0.4288194444444444 0.030598958333333332 0.4185956790123457 0.033203125 0.41705246913580246
1 0.4624565972222222 0.022376543209876542 0.4652777777777778 0.022569444444444444 0.46875 0.030285493827160493 0.4741753472222222 0.03279320987654321 0.478515625 0.041859567901234566 0.4774305555555556 0.046296296296296294 0.4741753472222222 0.046489197530864196 0.4596354166666667 0.040123456790123455 0.4574652777777778 0.03298611111111111 0.4624565972222222 0.022569444444444444
1 0.9307725694444444 0.330054012345679 0.9307725694444444 0.33275462962962965 0.9364149305555556 0.33719135802469136 0.9372829861111112 0.3420138888888889 0.9390190972222222 0.3441358024691358 0.947265625 0.3420138888888889 0.9498697916666666 0.33892746913580246 0.9505208333333334 0.33526234567901236 0.9498697916666666 0.3314043209876543 0.9431423611111112 0.3279320987654321 0.9327256944444444 0.3283179012345679