1 0.8255208333333334 0.9780092592592593 0.8276909722222222 0.9803240740740741 0.8268229166666666 0.984375 0.8213975694444444 0.9874614197530864 0.8140190972222222 0.9845679012345679 0.8038194444444444 0.984375 0.8020833333333334 0.9809027777777778 0.8253038194444444 0.9780092592592593
1 0.7330729166666666 0.9841820987654321 0.7365451388888888 0.988233024691358 0.734375 0.9930555555555556 0.728515625 0.9876543209876543 0.7287326388888888 0.9841820987654321 0.7328559027777778 0.9841820987654321
1 0.7899305555555556 0.7912808641975309 0.7942708333333334 0.7935956790123457 0.7966579861111112 0.8009259259259259 0.7931857638888888 0.8003472222222222 0.7868923611111112 0.7932098765432098 0.7897135416666666 0.7912808641975309
1 0.6653645833333334 0.9130015432098766 0.6716579861111112 0.9212962962962963 0.6684027777777778 0.9344135802469136 0.6647135416666666 0.9332561728395061 0.6577690972222222 0.921875 0.66015625 0.9147376543209876 0.6651475694444444 0.9130015432098766
1 0.9494357638888888 0.6003086419753086 0.9674479166666666 0.6128472222222222 0.966796875 0.6157407407407407 0.9581163194444444 0.6176697530864198 0.9529079861111112 0.6226851851851852 0.9359809027777778 0.6105324074074074 0.9340277777777778 0.6062885802469136 0.9368489583333334 0.6022376543209876 0.94921875 0.6003086419753086
1 0.6399739583333334 0.9091435185185185 0.6462673611111112 0.9133873456790124 0.6462673611111112 0.9189814814814815 0.64453125 0.9216820987654321 0.6338975694444444 0.9253472222222222 0.6254340277777778 0.9234182098765432 0.6217447916666666 0.9143518518518519 0.6234809027777778 0.9112654320987654 0.6365017361111112 0.9064429012345679 0.6397569444444444 0.9091435185185185
1 0.7977430555555556 0.6948302469135802 0.8055555555555556 0.7033179012345679 0.8055555555555556 0.7172067901234568 0.8107638888888888 0.7233796296296297 0.810546875 0.7268518518518519 0.7960069444444444 0.7237654320987654 0.7951388888888888 0.714891975308642 0.7899305555555556 0.7029320987654321 0.7975260416666666 0.6948302469135802
1 0.5609809027777778 0.9675925925925926 0.564453125 0.9689429012345679 0.5653211805555556 0.9737654320987654 0.5622829861111112 0.9809027777777778 0.5572916666666666 0.9853395061728395 0.5533854166666666 0.9816743827160493 0.5512152777777778 0.9737654320987654 0.5531684027777778 0.9695216049382716 0.5607638888888888 0.9675925925925926
1 0.5442708333333334 0.9695216049382716 0.5538194444444444 0.9782021604938271 0.5564236111111112 0.9911265432098766 0.5542534722222222 0.9928626543209876 0.5466579861111112 0.9878472222222222 0.5388454861111112 0.9776234567901234 0.5397135416666666 0.9718364197530864 0.5440538194444444 0.9695216049382716
1 0.6243489583333334 0.7912808641975309 0.6271701388888888 0.7932098765432098 0.6271701388888888 0.796875 0.6232638888888888 0.8032407407407407 0.6187065972222222 0.7928240740740741 0.6241319444444444 0.7912808641975309
1 0.6130642361111112 0.7903163580246914 0.6206597222222222 0.7932098765432098 0.6158854166666666 0.7943672839506173 0.61328125 0.8001543209876543 0.6089409722222222 0.7934027777777778 0.6128472222222222 0.7903163580246914
1 0.5785590277777778 0.7910879629629629 0.5828993055555556 0.7934027777777778 0.5815972222222222 0.8001543209876543 0.578125 0.7997685185185185 0.576171875 0.7932098765432098 0.5783420138888888 0.7910879629629629
1 0.453125 0.9662422839506173 0.4596354166666667 0.9733796296296297 0.453125 0.9928626543209876 0.4496527777777778 0.9907407407407407 0.4461805555555556 0.9837962962962963 0.4379340277777778 0.9841820987654321 0.4418402777777778 0.9702932098765432 0.44921875 0.9658564814814815 0.4529079861111111 0.9662422839506173
1 0.8209635416666666 0.6126543209876543 0.8311631944444444 0.6149691358024691 0.8335503472222222 0.6197916666666666 0.8313802083333334 0.6222993827160493 0.8192274305555556 0.6234567901234568 0.8131510416666666 0.623070987654321 0.7996961805555556 0.6126543209876543 0.8207465277777778 0.6126543209876543
1 0.939453125 0.3533950617283951 0.9427083333333334 0.35474537037037035 0.9427083333333334 0.3591820987654321 0.935546875 0.36863425925925924 0.9288194444444444 0.373070987654321 0.921875 0.3705632716049383 0.921875 0.36516203703703703 0.9301215277777778 0.3557098765432099 0.9392361111111112 0.3533950617283951
1 0.9403211805555556 0.3277391975308642 0.9494357638888888 0.33198302469135804 0.9565972222222222 0.3306327160493827 0.962890625 0.33815586419753085 0.9739583333333334 0.33834876543209874 0.9754774305555556 0.34085648148148145 0.9672309027777778 0.3506944444444444 0.9470486111111112 0.3541666666666667 0.94140625 0.3524305555555556 0.9427083333333334 0.3452932098765432 0.9331597222222222 0.3315972222222222 0.9401041666666666 0.3277391975308642
1 0.4229600694444444 0.9897762345679012 0.435546875 0.9928626543209876 0.4361979166666667 0.9998070987654321 0.4177517361111111 0.9998070987654321 0.4184027777777778 0.9917052469135802 0.4227430555555556 0.9897762345679012
1 0.5334201388888888 0.7748842592592593 0.5399305555555556 0.7781635802469136 0.5423177083333334 0.7824074074074074 0.5397135416666666 0.7876157407407407 0.5334201388888888 0.7895447530864198 0.5260416666666666 0.7885802469135802 0.5203993055555556 0.7827932098765432 0.5203993055555556 0.7795138888888888 0.5256076388888888 0.7758487654320988 0.533203125 0.7748842592592593
1 0.7035590277777778 0.5825617283950617 0.7065972222222222 0.5850694444444444 0.7076822916666666 0.5902777777777778 0.7033420138888888 0.6018518518518519 0.6966145833333334 0.5987654320987654 0.6946614583333334 0.5893132716049383 0.6963975694444444 0.5833333333333334 0.7033420138888888 0.5825617283950617
1 0.6909722222222222 0.5808256172839507 0.6959635416666666 0.5831404320987654 0.703125 0.5825617283950617 0.7063802083333334 0.5848765432098766 0.7074652777777778 0.5920138888888888 0.7033420138888888 0.6010802469135802 0.6890190972222222 0.5983796296296297 0.685546875 0.5958719135802469 0.6829427083333334 0.5856481481481481 0.6861979166666666 0.5817901234567902 0.6907552083333334 0.5808256172839507
1 0.4984809027777778 0.7797067901234568 0.5082465277777778 0.7810570987654321 0.5119357638888888 0.7843364197530864 0.513671875 0.8038194444444444 0.5121527777777778 0.8055555555555556 0.5084635416666666 0.8040123456790124 0.5049913194444444 0.7976466049382716 0.5026041666666666 0.8074845679012346 0.4982638888888889 0.8092206790123457 0.4906684027777778 0.7932098765432098 0.4924045138888889 0.7833719135802469 0.4982638888888889 0.7797067901234568
1 0.5479600694444444 0.6734182098765432 0.5520833333333334 0.6784336419753086 0.5520833333333334 0.6822916666666666 0.5438368055555556 0.6932870370370371 0.5373263888888888 0.689429012345679 0.5353732638888888 0.6815200617283951 0.5401475694444444 0.6741898148148148 0.5477430555555556 0.6734182098765432
1 0.6056857638888888 0.6020447530864198 0.6161024305555556 0.6030092592592593 0.6171875 0.6057098765432098 0.6141493055555556 0.6062885802469136 0.6052517361111112 0.6057098765432098 0.6004774305555556 0.6024305555555556 0.60546875 0.6020447530864198
1 0.3296440972222222 0.9618055555555556 0.3361545138888889 0.9635416666666666 0.3389756944444444 0.966820987654321 0.3387586805555556 0.9716435185185185 0.33203125 0.9739583333333334 0.322265625 0.9722222222222222 0.3140190972222222 0.9739583333333334 0.3090277777777778 0.9704861111111112 0.3096788194444444 0.9683641975308642 0.3216145833333333 0.9625771604938271 0.3294270833333333 0.9618055555555556
1 0.2732204861111111 0.9560185185185185 0.2764756944444444 0.9571759259259259 0.2797309027777778 0.9631558641975309 0.2758246527777778 0.9768518518518519 0.2723524305555556 0.9764660493827161 0.2673611111111111 0.9670138888888888 0.2682291666666667 0.9598765432098766 0.2730034722222222 0.9560185185185185
1 0.5766059027777778 0.6024305555555556 0.5965711805555556 0.6026234567901234 0.5989583333333334 0.6163194444444444 0.5889756944444444 0.6109182098765432 0.5848524305555556 0.6134259259259259 0.58203125 0.6126543209876543 0.5768229166666666 0.6026234567901234
1 0.4292534722222222 0.6743827160493827 0.4357638888888889 0.6759259259259259 0.435546875 0.6817129629629629 0.4149305555555556 0.6915509259259259 0.4131944444444444 0.6853780864197531 0.4034288194444444 0.6820987654320988 0.4014756944444444 0.6788194444444444 0.4290364583333333 0.6743827160493827
1 0.2619357638888889 0.9515817901234568 0.2669270833333333 0.9562114197530864 0.275390625 0.9565972222222222 0.2784288194444444 0.9598765432098766 0.2795138888888889 0.9658564814814815 0.2766927083333333 0.9758873456790124 0.2725694444444444 0.9760802469135802 0.2690972222222222 0.9693287037037037 0.2608506944444444 0.9672067901234568 0.2584635416666667 0.9556327160493827 0.26171875 0.9517746913580247
1 0.2934027777777778 0.8323688271604939 0.3177083333333333 0.8402777777777778 0.3177083333333333 0.8462577160493827 0.3109809027777778 0.8641975308641975 0.3038194444444444 0.8640046296296297 0.3012152777777778 0.8466435185185185 0.2916666666666667 0.8350694444444444 0.2931857638888889 0.8325617283950617
1 0.3504774305555556 0.7029320987654321 0.3578559027777778 0.703125 0.3556857638888889 0.7177854938271605 0.3487413194444444 0.714891975308642 0.3394097222222222 0.716820987654321 0.3365885416666667 0.7133487654320988 0.3400607638888889 0.703125 0.3502604166666667 0.7029320987654321
1 0.3500434027777778 0.7029320987654321 0.3576388888888889 0.703125 0.3556857638888889 0.7175925925925926 0.3489583333333333 0.714891975308642 0.3381076388888889 0.7170138888888888 0.3350694444444444 0.7108410493827161 0.3248697916666667 0.7154706790123457 0.3209635416666667 0.7150848765432098 0.3211805555555556 0.7065972222222222 0.3244357638888889 0.7027391975308642 0.3498263888888889 0.7029320987654321
1 0.3322482638888889 0.7027391975308642 0.3365885416666667 0.703125 0.337890625 0.7073688271604939 0.3246527777777778 0.7158564814814815 0.3209635416666667 0.7154706790123457 0.3211805555555556 0.7058256172839507 0.32421875 0.7025462962962963 0.33203125 0.7027391975308642
1 0.349609375 0.6749614197530864 0.3563368055555556 0.6786265432098766 0.3559027777777778 0.6830632716049383 0.3491753472222222 0.6896219135802469 0.3348524305555556 0.6929012345679012 0.3266059027777778 0.6915509259259259 0.3253038194444444 0.6890432098765432 0.3274739583333333 0.6844135802469136 0.337890625 0.6759259259259259 0.3493923611111111 0.6749614197530864
1 0.3283420138888889 0.6657021604938271 0.3459201388888889 0.6714891975308642 0.3506944444444444 0.6753472222222222 0.328125 0.6824845679012346 0.3246527777777778 0.6788194444444444 0.3226996527777778 0.6687885802469136 0.328125 0.6657021604938271
1 0.6026475694444444 0.35165895061728397 0.6061197916666666 0.35320216049382713 0.6082899305555556 0.36651234567901236 0.6056857638888888 0.37364969135802467 0.5989583333333334 0.37808641975308643 0.5950520833333334 0.37635030864197533 0.5928819444444444 0.36940586419753085 0.6024305555555556 0.35165895061728397
1 0.3181423611111111 0.6678240740740741 0.3190104166666667 0.671875 0.3107638888888889 0.6793981481481481 0.3059895833333333 0.6786265432098766 0.3057725694444444 0.671875 0.3101128472222222 0.6684027777777778 0.3179253472222222 0.6678240740740741
1 0.4418402777777778 0.37635030864197533 0.4481336805555556 0.37789351851851855 0.4476996527777778 0.38329475308641975 0.4327256944444444 0.3883101851851852 0.4279513888888889 0.38406635802469136 0.4286024305555556 0.3782793209876543 0.4322916666666667 0.3761574074074074 0.4416232638888889 0.37635030864197533
1 0.4188368055555556 0.37094907407407407 0.4223090277777778 0.3734567901234568 0.4266493055555556 0.38329475308641975 0.4266493055555556 0.3871527777777778 0.421875 0.3917824074074074 0.4168836805555556 0.3904320987654321 0.4140625 0.38387345679012347 0.4147135416666667 0.3722993827160494 0.4186197916666667 0.37094907407407407
1 0.5297309027777778 0.1996527777777778 0.5349392361111112 0.21296296296296297 0.5299479166666666 0.21392746913580246 0.5197482638888888 0.21334876543209877 0.5295138888888888 0.1996527777777778
1 0.20985243055555555 0.8908179012345679 0.21354166666666666 0.8939043209876543 0.21354166666666666 0.8987268518518519 0.2029079861111111 0.9041280864197531 0.1987847222222222 0.902391975308642 0.1994357638888889 0.8956404320987654 0.2033420138888889 0.8910108024691358 0.20963541666666666 0.8908179012345679
1 0.2072482638888889 0.8908179012345679 0.2133246527777778 0.8939043209876543 0.21354166666666666 0.908179012345679 0.2105034722222222 0.9139660493827161 0.19921875 0.921875 0.19596354166666666 0.921875 0.1953125 0.9182098765432098 0.20052083333333334 0.908179012345679 0.1994357638888889 0.8973765432098766 0.203125 0.8919753086419753 0.20703125 0.8908179012345679
1 0.296875 0.6689814814814815 0.3042534722222222 0.6753472222222222 0.3053385416666667 0.6788194444444444 0.2936197916666667 0.6944444444444444 0.2897135416666667 0.6944444444444444 0.2827690972222222 0.6880787037037037 0.2808159722222222 0.6788194444444444 0.2829861111111111 0.6755401234567902 0.2886284722222222 0.6743827160493827 0.2966579861111111 0.6689814814814815
1 0.21006944444444445 0.6722608024691358 0.2144097222222222 0.6753472222222222 0.2150607638888889 0.6820987654320988 0.2074652777777778 0.6903935185185185 0.2009548611111111 0.6927083333333334 0.19270833333333334 0.6923225308641975 0.18836805555555555 0.6822916666666666 0.1996527777777778 0.6743827160493827 0.20985243055555555 0.6722608024691358
1 0.2957899305555556 0.45775462962962965 0.3036024305555556 0.4600694444444444 0.2940538194444444 0.4679783950617284 0.2877604166666667 0.4774305555555556 0.2745225694444444 0.47974537037037035 0.2608506944444444 0.4739583333333333 0.2599826388888889 0.4691358024691358 0.2693142361111111 0.46489197530864196 0.2732204861111111 0.4600694444444444 0.2829861111111111 0.46199845679012347 0.2894965277777778 0.4573688271604938 0.2955729166666667 0.45775462962962965
1 0.14756944444444445 0.996141975308642 0.14973958333333334 0.9998070987654321 0.1382378472222222 0.9998070987654321 0.13975694444444445 0.9974922839506173 0.14735243055555555 0.996141975308642
1 0.16883680555555555 0.9191743827160493 0.1716579861111111 0.921875 0.16471354166666666 0.9274691358024691 0.16145833333333334 0.9270833333333334 0.16145833333333334 0.9211033950617284 0.16861979166666666 0.9191743827160493
1 0.12000868055555555 0.9494598765432098 0.1232638888888889 0.953125 0.12065972222222222 0.9631558641975309 0.123046875 0.9672067901234568 0.1271701388888889 0.966820987654321 0.12890625 0.9602623456790124 0.13368055555555555 0.9546682098765432 0.13780381944444445 0.9560185185185185 0.13975694444444445 0.9635416666666666 0.13606770833333334 0.9701003086419753 0.1362847222222222 0.9766589506172839 0.12999131944444445 0.9758873456790124 0.123046875 0.9826388888888888 0.1111111111111111 0.9866898148148148 0.10633680555555555 0.9951774691358025 0.10221354166666667 0.9936342592592593 0.09895833333333333 0.986304012345679 0.09917534722222222 0.970679012345679 0.11414930555555555 0.953125 0.11979166666666667 0.9494598765432098
1 0.1306423611111111 0.6728395061728395 0.13389756944444445 0.6751543209876543 0.1345486111111111 0.6822916666666666 0.12044270833333333 0.6961805555555556 0.11631944444444445 0.6930941358024691 0.11610243055555555 0.6815200617283951 0.12369791666666667 0.6751543209876543 0.1304253472222222 0.6728395061728395
1 0.18619791666666666 0.3690200617283951 0.19270833333333334 0.3748070987654321 0.20247395833333334 0.376929012345679 0.2072482638888889 0.3802083333333333 0.20833333333333334 0.38522376543209874 0.2035590277777778 0.38753858024691357 0.1929253472222222 0.3869598765432099 0.1840277777777778 0.3836805555555556 0.1779513888888889 0.3748070987654321 0.18272569444444445 0.36959876543209874 0.1859809027777778 0.3690200617283951
1 0.2697482638888889 0.2814429012345679 0.279296875 0.29224537037037035 0.2897135416666667 0.29398148148148145 0.2977430555555556 0.3003472222222222 0.2901475694444444 0.30709876543209874 0.265625 0.31655092592592593 0.2641059027777778 0.3142361111111111 0.2719184027777778 0.3072916666666667 0.2719184027777778 0.30362654320987653 0.2651909722222222 0.2943672839506173 0.265625 0.28260030864197533 0.26953125 0.2814429012345679
1 0.4459635416666667 0.20775462962962962 0.4563802083333333 0.21547067901234568 0.4557291666666667 0.22395833333333334 0.4659288194444444 0.24440586419753085 0.4633246527777778 0.24633487654320987 0.4361979166666667 0.23148148148148148 0.4379340277777778 0.22067901234567902 0.4459635416666667 0.20794753086419754
1 0.2380642361111111 0.2654320987654321 0.24088541666666666 0.2795138888888889 0.23111979166666666 0.28125 0.22005208333333334 0.2808641975308642 0.2172309027777778 0.27816358024691357 0.2267795138888889 0.27642746913580246 0.23046875 0.26871141975308643 0.2378472222222222 0.2654320987654321
1 0.9865451388888888 0.13695987654320987 0.9945746527777778 0.13117283950617284 0.9997829861111112 0.13078703703703703 0.9997829861111112 0.15914351851851852 0.9869791666666666 0.1579861111111111 0.9809027777777778 0.15297067901234568 0.9793836805555556 0.14737654320987653 0.9865451388888888 0.1371527777777778
1 0.5549045138888888 0.16145833333333334 0.5640190972222222 0.16319444444444445 0.5638020833333334 0.1753472222222222 0.5603298611111112 0.18055555555555555 0.5503472222222222 0.18344907407407407 0.544921875 0.17515432098765432 0.5546875 0.16145833333333334
1 0.5188802083333334 0.1583719135802469 0.5227864583333334 0.16801697530864199 0.5225694444444444 0.1753472222222222 0.5197482638888888 0.17862654320987653 0.5121527777777778 0.18036265432098766 0.5047743055555556 0.1753472222222222 0.5052083333333334 0.16030092592592593 0.5123697916666666 0.16319444444444445 0.5186631944444444 0.1583719135802469
1 0.4876302083333333 0.1684027777777778 0.4932725694444444 0.1753472222222222 0.4911024305555556 0.18441358024691357 0.4848090277777778 0.1865354938271605 0.4841579861111111 0.19116512345679013 0.4796006944444444 0.1857638888888889 0.4737413194444444 0.18306327160493827 0.4720052083333333 0.17901234567901234 0.4817708333333333 0.17727623456790123 0.4876302083333333 0.16859567901234568
1 0.5017361111111112 0.15625 0.5060763888888888 0.16126543209876543 0.5041232638888888 0.1728395061728395 0.4939236111111111 0.17573302469135801 0.4911024305555556 0.18306327160493827 0.4869791666666667 0.18229166666666666 0.4891493055555556 0.17862654320987653 0.4858940972222222 0.17515432098765432 0.4856770833333333 0.16493055555555555 0.4913194444444444 0.1597222222222222 0.5015190972222222 0.15625
1 0.5047743055555556 0.14969135802469136 0.5069444444444444 0.1579861111111111 0.513671875 0.16435185185185186 0.5130208333333334 0.16820987654320987 0.5086805555555556 0.16859567901234568 0.5052083333333334 0.17515432098765432 0.5032552083333334 0.1720679012345679 0.4973958333333333 0.1716820987654321 0.4978298611111111 0.16184413580246915 0.501953125 0.1597222222222222 0.5047743055555556 0.14988425925925927
1 0.5017361111111112 0.14583333333333334 0.5056423611111112 0.14853395061728394 0.5075954861111112 0.16145833333333334 0.5041232638888888 0.1705246913580247 0.4952256944444444 0.17341820987654322 0.4880642361111111 0.171875 0.4865451388888889 0.1693672839506173 0.4850260416666667 0.16435185185185186 0.4867621527777778 0.15432098765432098 0.4908854166666667 0.14930555555555555 0.5015190972222222 0.14583333333333334
1 0.4609375 0.15065586419753085 0.4678819444444444 0.15393518518518517 0.4739583333333333 0.16820987654320987 0.4711371527777778 0.1726466049382716 0.4641927083333333 0.17573302469135801 0.4594184027777778 0.1753472222222222 0.4548611111111111 0.16898148148148148 0.4561631944444444 0.15432098765432098 0.4607204861111111 0.15065586419753085
1 0.4364149305555556 0.15914351851851852 0.4416232638888889 0.16493055555555555 0.4450954861111111 0.17862654320987653 0.4357638888888889 0.1863425925925926 0.4288194444444444 0.1884645061728395 0.4270833333333333 0.18248456790123457 0.4361979166666667 0.15914351851851852
1 0.48828125 0.1415895061728395 0.5010850694444444 0.14371141975308643 0.5052083333333334 0.15162037037037038 0.5017361111111112 0.1556712962962963 0.498046875 0.1552854938271605 0.4878472222222222 0.15952932098765432 0.4782986111111111 0.14911265432098766 0.484375 0.1419753086419753 0.4880642361111111 0.1415895061728395
1 0.4264322916666667 0.16145833333333334 0.4296875 0.16743827160493827 0.4305555555555556 0.18557098765432098 0.4288194444444444 0.1865354938271605 0.4264322916666667 0.18287037037037038 0.4184027777777778 0.17862654320987653 0.4177517361111111 0.17554012345679013 0.4220920138888889 0.16377314814814814 0.4262152777777778 0.16145833333333334
1 0.5813802083333334 0.09683641975308642 0.5831163194444444 0.09895833333333333 0.5818142361111112 0.10551697530864197 0.5720486111111112 0.10570987654320987 0.5698784722222222 0.10300925925925926 0.5740017361111112 0.09895833333333333 0.5811631944444444 0.09702932098765432
1 0.5570746527777778 0.09587191358024691 0.5713975694444444 0.10243055555555555 0.5700954861111112 0.10570987654320987 0.5648871527777778 0.10628858024691358 0.5570746527777778 0.10455246913580248 0.5544704861111112 0.09895833333333333 0.5568576388888888 0.09587191358024691
1 0.6417100694444444 0.05767746913580247 0.6438802083333334 0.05864197530864197 0.6438802083333334 0.06751543209876543 0.63671875 0.06616512345679013 0.6414930555555556 0.05767746913580247
1 0.546875 0.07368827160493827 0.5505642361111112 0.08140432098765432 0.5492621527777778 0.08506944444444445 0.5451388888888888 0.08738425925925926 0.5397135416666666 0.08603395061728394 0.5384114583333334 0.08082561728395062 0.5416666666666666 0.07445987654320987 0.5466579861111112 0.07368827160493827
1 0.6306423611111112 0.05594135802469136 0.6338975694444444 0.05709876543209876 0.63671875 0.061921296296296294 0.6404079861111112 0.058256172839506175 0.6438802083333334 0.059027777777777776 0.6438802083333334 0.06693672839506173 0.6362847222222222 0.06770833333333333 0.6293402777777778 0.06674382716049383 0.6304253472222222 0.05594135802469136
1 0.6299913194444444 0.05555555555555555 0.6336805555555556 0.056712962962962965 0.6354166666666666 0.06365740740740741 0.6351996527777778 0.06751543209876543 0.6293402777777778 0.06732253086419752 0.6299913194444444 0.055748456790123455
1 0.4578993055555556 0.11265432098765432 0.4670138888888889 0.12114197530864197 0.4670138888888889 0.1267361111111111 0.4620225694444444 0.12905092592592593 0.4401041666666667 0.1232638888888889 0.4411892361111111 0.11959876543209877 0.4529079861111111 0.11246141975308642 0.4576822916666667 0.11265432098765432
1 0.5536024305555556 0.06539351851851852 0.5577256944444444 0.07098765432098765 0.5575086805555556 0.08121141975308642 0.5540364583333334 0.08429783950617284 0.548828125 0.08352623456790123 0.546875 0.078125 0.5481770833333334 0.06751543209876543 0.5533854166666666 0.06539351851851852
1 0.1365017361111111 0.9542824074074074 0.1401909722222222 0.9621913580246914 0.1365017361111111 0.9701003086419753 0.1369357638888889 0.9791666666666666 0.1267361111111111 0.9753086419753086 0.12890625 0.9598765432098766 0.13368055555555555 0.9540895061728395 0.1362847222222222 0.9542824074074074
1 0.1349826388888889 0.9540895061728395 0.1384548611111111 0.9565972222222222 0.1404079861111111 0.9627700617283951 0.1362847222222222 0.9702932098765432 0.13585069444444445 0.9770447530864198 0.12977430555555555 0.9758873456790124 0.1232638888888889 0.9810956790123457 0.12044270833333333 0.9807098765432098 0.12391493055555555 0.9739583333333334 0.12261284722222222 0.9702932098765432 0.126953125 0.96875 0.1284722222222222 0.9600694444444444 0.134765625 0.9540895061728395
1 0.11631944444444445 0.9510030864197531 0.12000868055555555 0.9494598765432098 0.123046875 0.9525462962962963 0.1232638888888889 0.9573688271604939 0.11957465277777778 0.9635416666666666 0.12391493055555555 0.970679012345679 0.12065972222222222 0.9743441358024691 0.1254340277777778 0.9756944444444444 0.1265190972222222 0.9739583333333334 0.1265190972222222 0.9772376543209876 0.11631944444444445 0.9849537037037037 0.11263020833333333 0.9832175925925926 0.10611979166666667 0.9953703703703703 0.10112847222222222 0.9920910493827161 0.09809027777777778 0.9778163580246914 0.10069444444444445 0.9672067901234568 0.11631944444444445 0.951195987654321
1 0.12065972222222222 0.9494598765432098 0.123046875 0.9515817901234568 0.1232638888888889 0.9581404320987654 0.11675347222222222 0.9619984567901234 0.10894097222222222 0.9600694444444444 0.11610243055555555 0.9508101851851852 0.12044270833333333 0.9494598765432098
1 0.14171006944444445 0.6641589506172839 0.142578125 0.6755401234567902 0.140625 0.6807484567901234 0.13541666666666666 0.6795910493827161 0.13216145833333334 0.6716820987654321 0.1349826388888889 0.6649305555555556 0.14149305555555555 0.6641589506172839
1 0.1508246527777778 0.4542824074074074 0.154296875 0.45717592592592593 0.15516493055555555 0.4635416666666667 0.14713541666666666 0.4702932098765432 0.14735243055555555 0.47550154320987653 0.1382378472222222 0.4704861111111111 0.12825520833333334 0.4704861111111111 0.1267361111111111 0.4635416666666667 0.13368055555555555 0.45717592592592593 0.13758680555555555 0.4581404320987654 0.1506076388888889 0.4542824074074074
1 0.11979166666666667 0.44155092592592593 0.13368055555555555 0.4564043209876543 0.1332465277777778 0.4600694444444444 0.1271701388888889 0.4660493827160494 0.11805555555555555 0.45775462962962965 0.11436631944444445 0.4494598765432099 0.1150173611111111 0.4427083333333333 0.11957465277777778 0.44155092592592593
1 0.15104166666666666 0.36766975308641975 0.1545138888888889 0.36824845679012347 0.15690104166666666 0.3732638888888889 0.15538194444444445 0.38310185185185186 0.1345486111111111 0.3854166666666667 0.1265190972222222 0.3894675925925926 0.1193576388888889 0.38348765432098764 0.1284722222222222 0.37635030864197533 0.14561631944444445 0.3738425925925926 0.1508246527777778 0.36786265432098764
1 0.3917100694444444 0.16435185185185186 0.4008246527777778 0.16358024691358025 0.4036458333333333 0.1711033950617284 0.4079861111111111 0.16859567901234568 0.41015625 0.16994598765432098 0.4045138888888889 0.18229166666666666 0.400390625 0.18364197530864199 0.3936631944444444 0.18344907407407407 0.3893229166666667 0.17862654320987653 0.3882378472222222 0.16743827160493827 0.3888888888888889 0.16473765432098766 0.3914930555555556 0.16435185185185186
1 0.4852430555555556 0.06732253086419752 0.4878472222222222 0.06790123456790123 0.4887152777777778 0.08082561728395062 0.4876302083333333 0.08468364197530864 0.4845920138888889 0.08622685185185185 0.4800347222222222 0.08468364197530864 0.478515625 0.07889660493827161 0.4850260416666667 0.06732253086419752
1 0.5466579861111112 0.048996913580246916 0.5570746527777778 0.05555555555555555 0.5581597222222222 0.05941358024691358 0.5562065972222222 0.06500771604938271 0.5397135416666666 0.06385030864197531 0.5381944444444444 0.06076388888888889 0.5466579861111112 0.04918981481481482
1 0.546875 0.048804012345679014 0.5514322916666666 0.05381944444444445 0.5479600694444444 0.0628858024691358 0.5394965277777778 0.0642361111111111 0.5375434027777778 0.06114969135802469 0.5466579861111112 0.048996913580246916
1 0.4633246527777778 0.057291666666666664 0.4713541666666667 0.060378086419753084 0.4702690972222222 0.06346450617283951 0.4650607638888889 0.06365740740740741 0.4624565972222222 0.06076388888888889 0.4633246527777778 0.057484567901234566
1 0.404296875 0.06847993827160494 0.4077690972222222 0.07118055555555555 0.408203125 0.08468364197530864 0.4045138888888889 0.08777006172839506 0.4008246527777778 0.08757716049382716 0.3975694444444444 0.08217592592592593 0.404296875 0.06867283950617284
1 0.4450954861111111 0.046875 0.4494357638888889 0.04996141975308642 0.4526909722222222 0.047839506172839504 0.4548611111111111 0.048996913580246916 0.4585503472222222 0.06076388888888889 0.4548611111111111 0.06886574074074074 0.4494357638888889 0.06963734567901235 0.4444444444444444 0.06732253086419752 0.4411892361111111 0.060570987654320986 0.4450954861111111 0.0470679012345679
1 0.5015190972222222 0.03009259259259259 0.5052083333333334 0.04301697530864197 0.50390625 0.047839506172839504 0.4989149305555556 0.05073302469135803 0.4937065972222222 0.050347222222222224 0.4876302083333333 0.03722993827160494 0.4878472222222222 0.03298611111111111 0.4945746527777778 0.036458333333333336 0.4973958333333333 0.03125 0.5013020833333334 0.030285493827160493
1 0.027126736111111112 0.7797067901234568 0.030381944444444444 0.78125 0.03797743055555555 0.7932098765432098 0.037760416666666664 0.796875 0.033203125 0.798804012345679 0.029513888888888888 0.7982253086419753 0.022352430555555556 0.7918595679012346 0.021267361111111112 0.7826003086419753 0.026909722222222224 0.7797067901234568
1 0 0.511766975308642 0.004991319444444444 0.5158179012345679 0.008680555555555556 0.5241126543209876 0.018880208333333332 0.5246913580246914 0.026041666666666668 0.5227623456790124 0.02734375 0.5256558641975309 0.023654513888888888 0.5439814814814815 0.022569444444444444 0.5453317901234568 0.019097222222222224 0.5439814814814815 0 0.5302854938271605 0 0.5119598765432098
1 0.08940972222222222 0.36400462962962965 0.09852430555555555 0.3690200617283951 0.10416666666666667 0.3761574074074074 0.1017795138888889 0.38271604938271603 0.09223090277777778 0.3863811728395062 0.08485243055555555 0.38406635802469136 0.08138020833333333 0.37962962962962965 0.07921006944444445 0.37037037037037035 0.08138020833333333 0.36651234567901236 0.08919270833333333 0.36400462962962965
1 0.034722222222222224 0.41435185185185186 0.045572916666666664 0.42476851851851855 0.04600694444444445 0.42920524691358025 0.043619791666666664 0.43209876543209874 0.029947916666666668 0.4305555555555556 0.027994791666666668 0.42862654320987653 0.030164930555555556 0.41647376543209874 0.034505208333333336 0.41435185185185186
1 0.3517795138888889 0.06018518518518518 0.3565538194444444 0.07484567901234568 0.3546006944444444 0.0787037037037037 0.3491753472222222 0.08043981481481481 0.3433159722222222 0.0777391975308642 0.3411458333333333 0.07079475308641975 0.3420138888888889 0.06655092592592593 0.345703125 0.06712962962962964 0.3472222222222222 0.06076388888888889 0.3515625 0.06018518518518518
1 0.3459201388888889 0.05999228395061729 0.3493923611111111 0.078125 0.3454861111111111 0.08101851851851852 0.3385416666666667 0.07368827160493827 0.3409288194444444 0.061921296296296294 0.345703125 0.05999228395061729
1 0.4637586805555556 0.022183641975308643 0.466796875 0.023726851851851853 0.4685329861111111 0.031057098765432098 0.4774305555555556 0.03742283950617284 0.4772135416666667 0.0470679012345679 0.4633246527777778 0.04224537037037037 0.4572482638888889 0.036265432098765434 0.4635416666666667 0.022183641975308643
1 0.2608506944444444 0.15200617283950618 0.2604166666666667 0.1545138888888889 0.2634548611111111 0.1566358024691358 0.26953125 0.1568287037037037 0.2719184027777778 0.1560570987654321 0.2732204861111111 0.1545138888888889 0.2721354166666667 0.15123456790123457 0.2706163194444444 0.14949845679012347 0.2688802083333333 0.14814814814814814 0.2658420138888889 0.14737654320987653 0.2615017361111111 0.15046296296296297
1 0.3302951388888889 0.07908950617283951 0.3305121527777778 0.08256172839506173 0.3381076388888889 0.08603395061728394 0.3422309027777778 0.08661265432098765 0.3454861111111111 0.08487654320987655 0.345703125 0.08082561728395062 0.3385416666666667 0.07619598765432099 0.3350694444444444 0.07561728395061729 0.3315972222222222 0.07619598765432099