1 0.822265625 0.9778163580246914 0.8268229166666666 0.9807098765432098 0.8244357638888888 0.9886188271604939 0.8020833333333334 0.9841820987654321 0.8018663194444444 0.9807098765432098 0.8040364583333334 0.9793595679012346 0.8220486111111112 0.9778163580246914
1 0.7313368055555556 0.9836033950617284 0.7356770833333334 0.9876543209876543 0.734375 0.9934413580246914 0.7282986111111112 0.9876543209876543 0.7280815972222222 0.984375 0.7311197916666666 0.9836033950617284
1 0.7934027777777778 0.7920524691358025 0.7966579861111112 0.7986111111111112 0.794921875 0.8009259259259259 0.7862413194444444 0.7932098765432098 0.7888454861111112 0.7910879629629629 0.7931857638888888 0.7920524691358025
1 0.6651475694444444 0.9128086419753086 0.6716579861111112 0.921875 0.6684027777777778 0.9346064814814815 0.6649305555555556 0.933641975308642 0.6575520833333334 0.921875 0.6595052083333334 0.9151234567901234 0.6649305555555556 0.9128086419753086
1 0.640625 0.9097222222222222 0.6462673611111112 0.9133873456790124 0.646484375 0.9193672839506173 0.6338975694444444 0.9253472222222222 0.6280381944444444 0.9251543209876543 0.6247829861111112 0.9228395061728395 0.6217447916666666 0.9184027777777778 0.6221788194444444 0.9128086419753086 0.6343315972222222 0.9064429012345679 0.6369357638888888 0.90625 0.6404079861111112 0.9097222222222222
1 0.7983940972222222 0.6946373456790124 0.8062065972222222 0.7035108024691358 0.8070746527777778 0.7278163580246914 0.7947048611111112 0.7237654320987654 0.7947048611111112 0.7139274691358025 0.7907986111111112 0.699266975308642 0.7931857638888888 0.6952160493827161 0.7981770833333334 0.6946373456790124
1 0.5620659722222222 0.9664351851851852 0.5668402777777778 0.9702932098765432 0.5642361111111112 0.9826388888888888 0.5538194444444444 0.9810956790123457 0.5505642361111112 0.9741512345679012 0.5520833333333334 0.9693287037037037 0.5618489583333334 0.9664351851851852
1 0.5447048611111112 0.9691358024691358 0.5490451388888888 0.9710648148148148 0.5531684027777778 0.9772376543209876 0.556640625 0.9909336419753086 0.5546875 0.9928626543209876 0.5466579861111112 0.9876543209876543 0.5388454861111112 0.9782021604938271 0.5399305555555556 0.9708719135802469 0.5444878472222222 0.9691358024691358
1 0.6254340277777778 0.7914737654320988 0.626953125 0.7997685185185185 0.6234809027777778 0.8024691358024691 0.6193576388888888 0.7928240740740741 0.6252170138888888 0.7914737654320988
1 0.4529079861111111 0.9662422839506173 0.4585503472222222 0.9702932098765432 0.4598524305555556 0.9762731481481481 0.453125 0.9928626543209876 0.4461805555555556 0.9841820987654321 0.4383680555555556 0.9841820987654321 0.4418402777777778 0.9704861111111112 0.4468315972222222 0.966820987654321 0.4526909722222222 0.9662422839506173
1 0.4249131944444444 0.9899691358024691 0.4351128472222222 0.9913194444444444 0.4372829861111111 0.9998070987654321 0.4181857638888889 0.9998070987654321 0.4194878472222222 0.9913194444444444 0.4246961805555556 0.9899691358024691
1 0.8081597222222222 0.6122685185185185 0.8257378472222222 0.6128472222222222 0.8313802083333334 0.6151620370370371 0.8337673611111112 0.6194058641975309 0.8318142361111112 0.6221064814814815 0.8205295138888888 0.6232638888888888 0.8131510416666666 0.623070987654321 0.8081597222222222 0.6174768518518519 0.8005642361111112 0.6140046296296297 0.7999131944444444 0.6124614197530864 0.8079427083333334 0.6122685185185185
1 0.5319010416666666 0.7744984567901234 0.5394965277777778 0.7775848765432098 0.5425347222222222 0.7824074074074074 0.5403645833333334 0.7874228395061729 0.5336371527777778 0.7905092592592593 0.5260416666666666 0.7887731481481481 0.5199652777777778 0.7829861111111112 0.5208333333333334 0.7795138888888888 0.5258246527777778 0.7758487654320988 0.5316840277777778 0.7744984567901234
1 0.5067274305555556 0.7800925925925926 0.5112847222222222 0.7829861111111112 0.5134548611111112 0.7895447530864198 0.5149739583333334 0.8038194444444444 0.5121527777777778 0.8059413580246914 0.5015190972222222 0.7951388888888888 0.5 0.7820216049382716 0.5015190972222222 0.7797067901234568 0.5065104166666666 0.7800925925925926
1 0.6903211805555556 0.5808256172839507 0.703125 0.5823688271604939 0.7063802083333334 0.5846836419753086 0.7076822916666666 0.5910493827160493 0.703125 0.6010802469135802 0.6857638888888888 0.5960648148148148 0.6822916666666666 0.5873842592592593 0.685546875 0.5823688271604939 0.6901041666666666 0.5808256172839507
1 0.4984809027777778 0.779320987654321 0.5036892361111112 0.7827932098765432 0.5049913194444444 0.7935956790123457 0.5030381944444444 0.8072916666666666 0.4982638888888889 0.8096064814814815 0.4956597222222222 0.8076774691358025 0.4943576388888889 0.7984182098765432 0.4904513888888889 0.7918595679012346 0.4921875 0.7829861111111112 0.4982638888888889 0.779320987654321
1 0.5466579861111112 0.6726466049382716 0.5503472222222222 0.6755401234567902 0.5520833333333334 0.6822916666666666 0.5434027777777778 0.6932870370370371 0.5373263888888888 0.689429012345679 0.53515625 0.6820987654320988 0.5401475694444444 0.6741898148148148 0.5464409722222222 0.6726466049382716
1 0.6072048611111112 0.6022376543209876 0.6154513888888888 0.6059027777777778 0.5954861111111112 0.6072530864197531 0.5911458333333334 0.6057098765432098 0.5928819444444444 0.6039737654320988 0.6069878472222222 0.6022376543209876
1 0.330078125 0.9619984567901234 0.3368055555555556 0.9643132716049383 0.3394097222222222 0.9702932098765432 0.3315972222222222 0.9739583333333334 0.3140190972222222 0.9731867283950617 0.3090277777777778 0.9702932098765432 0.3218315972222222 0.9623842592592593 0.3298611111111111 0.9619984567901234
1 0.4006076388888889 0.6753472222222222 0.4325086805555556 0.6749614197530864 0.4375 0.6768904320987654 0.439453125 0.6803626543209876 0.4361979166666667 0.685570987654321 0.4236111111111111 0.6882716049382716 0.4181857638888889 0.6919367283950617 0.4149305555555556 0.6909722222222222 0.4142795138888889 0.6846064814814815 0.4014756944444444 0.6790123456790124 0.4006076388888889 0.6755401234567902
1 0.2727864583333333 0.9571759259259259 0.279296875 0.9627700617283951 0.2784288194444444 0.9701003086419753 0.2762586805555556 0.9716435185185185 0.2621527777777778 0.9673996913580247 0.2604166666666667 0.9650848765432098 0.2621527777777778 0.9589120370370371 0.2725694444444444 0.9571759259259259
1 0.2936197916666667 0.8325617283950617 0.3177083333333333 0.839891975308642 0.3116319444444444 0.8628472222222222 0.30859375 0.8651620370370371 0.3033854166666667 0.8641975308641975 0.3023003472222222 0.8506944444444444 0.2990451388888889 0.8429783950617284 0.2914496527777778 0.8352623456790124 0.2934027777777778 0.8325617283950617
1 0.3578559027777778 0.703125 0.3559027777777778 0.7179783950617284 0.3489583333333333 0.714891975308642 0.3383246527777778 0.716820987654321 0.3368055555555556 0.7106481481481481 0.3402777777777778 0.703125 0.3576388888888889 0.703125
1 0.3578559027777778 0.703125 0.3559027777777778 0.7177854938271605 0.3487413194444444 0.7146990740740741 0.3383246527777778 0.7172067901234568 0.3350694444444444 0.7108410493827161 0.3211805555555556 0.7156635802469136 0.3209635416666667 0.7100694444444444 0.3246527777777778 0.7029320987654321 0.3576388888888889 0.703125
1 0.33203125 0.7023533950617284 0.3374565972222222 0.703125 0.3368055555555556 0.7087191358024691 0.3315972222222222 0.7133487654320988 0.3213975694444444 0.7162422839506173 0.3226996527777778 0.7044753086419753 0.3246527777777778 0.7025462962962963 0.3318142361111111 0.7023533950617284
1 0.2068142361111111 0.8910108024691358 0.2133246527777778 0.8937114197530864 0.21397569444444445 0.8979552469135802 0.20182291666666666 0.9033564814814815 0.1976996527777778 0.9010416666666666 0.1994357638888889 0.894483024691358 0.203125 0.8908179012345679 0.2065972222222222 0.8910108024691358
1 0.20638020833333334 0.8927469135802469 0.21180555555555555 0.8939043209876543 0.2133246527777778 0.8964120370370371 0.2126736111111111 0.9112654320987654 0.19661458333333334 0.921875 0.1953125 0.9182098765432098 0.20008680555555555 0.908179012345679 0.20182291666666666 0.8939043209876543 0.20616319444444445 0.8927469135802469
1 0.9396701388888888 0.35262345679012347 0.9429253472222222 0.3557098765432099 0.9427083333333334 0.359375 0.9344618055555556 0.3697916666666667 0.9288194444444444 0.3732638888888889 0.9223090277777778 0.37094907407407407 0.9216579861111112 0.3653549382716049 0.9299045138888888 0.35551697530864196 0.9353298611111112 0.35223765432098764 0.939453125 0.35262345679012347
1 0.5889756944444444 0.6018518518518519 0.5991753472222222 0.6024305555555556 0.5998263888888888 0.6057098765432098 0.5909288194444444 0.6095679012345679 0.5850694444444444 0.6155478395061729 0.5768229166666666 0.6059027777777778 0.5763888888888888 0.6024305555555556 0.5887586805555556 0.6018518518518519
1 0.13411458333333334 0.9540895061728395 0.13758680555555555 0.955054012345679 0.1401909722222222 0.9596836419753086 0.1369357638888889 0.9795524691358025 0.12977430555555555 0.9756944444444444 0.123046875 0.9818672839506173 0.1189236111111111 0.9809027777777778 0.12152777777777778 0.9704861111111112 0.1252170138888889 0.9681712962962963 0.13389756944444445 0.9540895061728395
1 0.5855034722222222 0.6016589506172839 0.6061197916666666 0.6022376543209876 0.615234375 0.6057098765432098 0.6024305555555556 0.6053240740740741 0.5909288194444444 0.6097608024691358 0.5850694444444444 0.6153549382716049 0.5766059027777778 0.6059027777777778 0.5759548611111112 0.6024305555555556 0.5852864583333334 0.6016589506172839
1 0.3491753472222222 0.6747685185185185 0.35546875 0.6788194444444444 0.3532986111111111 0.685570987654321 0.3489583333333333 0.6896219135802469 0.3324652777777778 0.6940586419753086 0.3276909722222222 0.6936728395061729 0.3272569444444444 0.6898148148148148 0.3365885416666667 0.6782407407407407 0.3489583333333333 0.6747685185185185
1 0.3296440972222222 0.6662808641975309 0.3465711805555556 0.671875 0.3498263888888889 0.6751543209876543 0.337890625 0.6768904320987654 0.3313802083333333 0.6819058641975309 0.328125 0.6819058641975309 0.3244357638888889 0.6786265432098766 0.3233506944444444 0.6682098765432098 0.3272569444444444 0.6653163580246914 0.3294270833333333 0.6662808641975309
1 0.3177083333333333 0.6678240740740741 0.3181423611111111 0.6724537037037037 0.3111979166666667 0.6792052469135802 0.3072916666666667 0.6797839506172839 0.3042534722222222 0.6765046296296297 0.3055555555555556 0.6720679012345679 0.3107638888888889 0.6682098765432098 0.3174913194444444 0.6678240740740741
1 0.296875 0.6685956790123457 0.3040364583333333 0.6751543209876543 0.3049045138888889 0.6788194444444444 0.2931857638888889 0.6944444444444444 0.2897135416666667 0.6940586419753086 0.2827690972222222 0.6880787037037037 0.2810329861111111 0.6820987654320988 0.283203125 0.675733024691358 0.2894965277777778 0.6739969135802469 0.2966579861111111 0.6685956790123457
1 0.2105034722222222 0.6728395061728395 0.2133246527777778 0.6739969135802469 0.21397569444444445 0.6822916666666666 0.20442708333333334 0.6929012345679012 0.19249131944444445 0.6927083333333334 0.1890190972222222 0.6828703703703703 0.19813368055555555 0.6753472222222222 0.21028645833333334 0.6728395061728395
1 0.6041666666666666 0.35204475308641975 0.6067708333333334 0.35455246913580246 0.6082899305555556 0.36651234567901236 0.6059027777777778 0.3734567901234568 0.5993923611111112 0.37789351851851855 0.5952690972222222 0.3765432098765432 0.5928819444444444 0.36940586419753085 0.5978732638888888 0.36246141975308643 0.6004774305555556 0.35262345679012347 0.6039496527777778 0.35204475308641975
1 0.4359809027777778 0.3757716049382716 0.4459635416666667 0.3767361111111111 0.4487847222222222 0.38059413580246915 0.4459635416666667 0.38503086419753085 0.4338107638888889 0.3881172839506173 0.4286024305555556 0.3856095679012346 0.4275173611111111 0.3794367283950617 0.4290364583333333 0.3767361111111111 0.4357638888888889 0.3757716049382716
1 0.5297309027777778 0.19926697530864199 0.5347222222222222 0.21199845679012347 0.5308159722222222 0.21392746913580246 0.5199652777777778 0.21334876543209877 0.5295138888888888 0.19926697530864199
1 0.4713541666666667 0.19907407407407407 0.4772135416666667 0.2025462962962963 0.4858940972222222 0.2023533950617284 0.4854600694444444 0.21277006172839505 0.4830729166666667 0.21392746913580246 0.4704861111111111 0.21354166666666666 0.4694010416666667 0.19945987654320987 0.4711371527777778 0.19907407407407407
1 0.4463975694444444 0.20794753086419754 0.4561631944444444 0.21682098765432098 0.4546440972222222 0.22415123456790123 0.4633246527777778 0.23881172839506173 0.4654947916666667 0.24459876543209877 0.4639756944444444 0.24614197530864199 0.4359809027777778 0.23128858024691357 0.4381510416666667 0.2204861111111111 0.4461805555555556 0.20794753086419754
1 0.4463975694444444 0.20756172839506173 0.4563802083333333 0.2170138888888889 0.447265625 0.22723765432098766 0.4444444444444444 0.2341820987654321 0.4377170138888889 0.2332175925925926 0.4357638888888889 0.22800925925925927 0.4390190972222222 0.2177854938271605 0.4461805555555556 0.20756172839506173
1 0.5564236111111112 0.16222993827160495 0.5640190972222222 0.16300154320987653 0.5635850694444444 0.17573302469135801 0.560546875 0.18074845679012347 0.55078125 0.18306327160493827 0.5457899305555556 0.17881944444444445 0.544921875 0.17515432098765432 0.5536024305555556 0.16203703703703703 0.5562065972222222 0.16222993827160495
1 0.4876302083333333 0.1705246913580247 0.4934895833333333 0.1753472222222222 0.4913194444444444 0.18441358024691357 0.4856770833333333 0.1857638888888889 0.4841579861111111 0.19058641975308643 0.4728732638888889 0.18229166666666666 0.4717881944444444 0.17881944444444445 0.4806857638888889 0.17689043209876543 0.4876302083333333 0.1707175925925926
1 0.5188802083333334 0.15856481481481483 0.5230034722222222 0.16878858024691357 0.5206163194444444 0.17804783950617284 0.5143229166666666 0.18036265432098766 0.5086805555555556 0.17959104938271606 0.5036892361111112 0.171875 0.5052083333333334 0.16261574074074073 0.5119357638888888 0.16338734567901234 0.5186631944444444 0.1587577160493827
1 0.5049913194444444 0.15258487654320987 0.5067274305555556 0.1579861111111111 0.513671875 0.16454475308641975 0.5134548611111112 0.16820987654320987 0.5084635416666666 0.16878858024691357 0.5052083333333334 0.1753472222222222 0.4997829861111111 0.16994598765432098 0.4989149305555556 0.16493055555555555 0.5026041666666666 0.16126543209876543 0.5049913194444444 0.1527777777777778
1 0.5023871527777778 0.14988425925925927 0.5049913194444444 0.15084876543209877 0.5073784722222222 0.16126543209876543 0.5052083333333334 0.16994598765432098 0.4930555555555556 0.17708333333333334 0.4911024305555556 0.18364197530864199 0.4848090277777778 0.18248456790123457 0.4869791666666667 0.17862654320987653 0.484375 0.16493055555555555 0.4913194444444444 0.15432098765432098 0.5021701388888888 0.14988425925925927
1 0.4657118055555556 0.15104166666666666 0.4689670138888889 0.1541280864197531 0.4739583333333333 0.16878858024691357 0.4709201388888889 0.1730324074074074 0.4639756944444444 0.17573302469135801 0.4596354166666667 0.1753472222222222 0.4561631944444444 0.171875 0.4552951388888889 0.16666666666666666 0.4565972222222222 0.15354938271604937 0.4600694444444444 0.15027006172839505 0.4654947916666667 0.15104166666666666
1 0.4368489583333333 0.15933641975308643 0.4398871527777778 0.16145833333333334 0.4453125 0.17862654320987653 0.4327256944444444 0.1869212962962963 0.4288194444444444 0.18557098765432098 0.4320746527777778 0.18209876543209877 0.4338107638888889 0.16126543209876543 0.4366319444444444 0.15933641975308643
1 0.5017361111111112 0.1402391975308642 0.5073784722222222 0.16145833333333334 0.5034722222222222 0.1693672839506173 0.4950086805555556 0.1728395061728395 0.4876302083333333 0.16782407407407407 0.4865451388888889 0.15354938271604937 0.4839409722222222 0.15084876543209877 0.4945746527777778 0.14621913580246915 0.5015190972222222 0.1402391975308642
1 0.4227430555555556 0.16145833333333334 0.4264322916666667 0.16473765432098766 0.4318576388888889 0.17862654320987653 0.4327256944444444 0.18557098765432098 0.4288194444444444 0.1876929012345679 0.4270833333333333 0.18248456790123457 0.4194878472222222 0.17862654320987653 0.41796875 0.17573302469135801 0.419921875 0.16358024691358025 0.4225260416666667 0.16145833333333334
1 0.470703125 0.14872685185185186 0.4748263888888889 0.15104166666666666 0.4754774305555556 0.15393518518518517 0.4739583333333333 0.16820987654320987 0.4715711805555556 0.1720679012345679 0.4635416666666667 0.17554012345679013 0.453125 0.171875 0.4557291666666667 0.15393518518518517 0.4598524305555556 0.14949845679012347 0.4704861111111111 0.14872685185185186
1 0.5794270833333334 0.09760802469135803 0.5807291666666666 0.09895833333333333 0.5746527777777778 0.10609567901234568 0.5716145833333334 0.10474537037037036 0.5718315972222222 0.10011574074074074 0.5792100694444444 0.09760802469135803
1 0.5577256944444444 0.09702932098765432 0.5703125 0.10223765432098765 0.5698784722222222 0.10551697530864197 0.5659722222222222 0.10628858024691358 0.5572916666666666 0.10474537037037036 0.5555555555555556 0.09837962962962964 0.5575086805555556 0.09702932098765432
1 0.5577256944444444 0.09702932098765432 0.5707465277777778 0.10030864197530864 0.5774739583333334 0.09741512345679013 0.5802951388888888 0.09876543209876543 0.5748697916666666 0.10570987654320987 0.5677083333333334 0.10648148148148148 0.5572916666666666 0.10455246913580248 0.5553385416666666 0.09876543209876543 0.5575086805555556 0.09702932098765432
1 0.6404079861111112 0.05709876543209876 0.6438802083333334 0.058256172839506175 0.64453125 0.06385030864197531 0.6438802083333334 0.06751543209876543 0.6369357638888888 0.06674382716049383 0.6404079861111112 0.057291666666666664
1 0.546875 0.07253086419753087 0.5512152777777778 0.08140432098765432 0.5466579861111112 0.08680555555555555 0.5405815972222222 0.08584104938271606 0.5381944444444444 0.08140432098765432 0.5399305555555556 0.07465277777777778 0.5466579861111112 0.07253086419753087
1 0.6302083333333334 0.05613425925925926 0.6334635416666666 0.056712962962962965 0.63671875 0.061535493827160496 0.640625 0.05787037037037037 0.6438802083333334 0.05922067901234568 0.6443142361111112 0.06327160493827161 0.6421440972222222 0.06751543209876543 0.6299913194444444 0.06751543209876543 0.6302083333333334 0.05632716049382716
1 0.6312934027777778 0.05613425925925926 0.6334635416666666 0.056712962962962965 0.634765625 0.06114969135802469 0.6338975694444444 0.06770833333333333 0.62890625 0.06616512345679013 0.6310763888888888 0.05613425925925926
1 0.5546875 0.06655092592592593 0.5581597222222222 0.07503858024691358 0.5570746527777778 0.08121141975308642 0.5538194444444444 0.08429783950617284 0.5501302083333334 0.08256172839506173 0.5494791666666666 0.06963734567901235 0.5503472222222222 0.06693672839506173 0.5544704861111112 0.06655092592592593
1 0.5526258680555556 0.07503858024691358 0.011067708333333334 0.019290123456790122
1 0.2901475694444444 0.45852623456790126 0.2925347222222222 0.4702932098765432 0.2864583333333333 0.47858796296296297 0.2795138888888889 0.4809027777777778 0.2608506944444444 0.47434413580246915 0.2593315972222222 0.4702932098765432 0.2760416666666667 0.4600694444444444 0.2827690972222222 0.46103395061728397 0.2899305555555556 0.45852623456790126
1 0.11957465277777778 0.9488811728395061 0.123046875 0.9521604938271605 0.1232638888888889 0.9567901234567902 0.11848958333333333 0.9633487654320988 0.1193576388888889 0.9702932098765432 0.11610243055555555 0.9714506172839507 0.11241319444444445 0.9693287037037037 0.1072048611111111 0.9737654320987654 0.10698784722222222 0.9772376543209876 0.11067708333333333 0.9810956790123457 0.10633680555555555 0.9942129629629629 0.10243055555555555 0.9928626543209876 0.09895833333333333 0.9847608024691358 0.09895833333333333 0.9729938271604939 0.11610243055555555 0.9500385802469136 0.1193576388888889 0.9490740740740741
1 0.12174479166666667 0.966820987654321 0.12586805555555555 0.9664351851851852 0.13172743055555555 0.9567901234567902 0.1369357638888889 0.9548611111111112 0.13997395833333334 0.9633487654320988 0.1351996527777778 0.9749228395061729 0.12999131944444445 0.9758873456790124 0.12369791666666667 0.982445987654321 0.111328125 0.9874614197530864 0.10633680555555555 0.9949845679012346 0.10221354166666667 0.9934413580246914 0.09895833333333333 0.9866898148148148 0.0993923611111111 0.9704861111111112 0.1189236111111111 0.9494598765432098 0.123046875 0.9527391975308642 0.1189236111111111 0.9633487654320988 0.12152777777777778 0.966820987654321
1 0.1410590277777778 0.6635802469135802 0.142578125 0.6792052469135802 0.140625 0.6822916666666666 0.1351996527777778 0.6801697530864198 0.13172743055555555 0.6716820987654321 0.13368055555555555 0.6660879629629629 0.1408420138888889 0.6635802469135802
1 0.1310763888888889 0.6726466049382716 0.1349826388888889 0.6782407407407407 0.1345486111111111 0.6820987654320988 0.12608506944444445 0.6925154320987654 0.12065972222222222 0.6952160493827161 0.11631944444444445 0.6923225308641975 0.11566840277777778 0.6822916666666666 0.12369791666666667 0.6751543209876543 0.130859375 0.6726466049382716
1 0.1404079861111111 0.6689814814814815 0.1404079861111111 0.6778549382716049 0.12608506944444445 0.6923225308641975 0.1208767361111111 0.6950231481481481 0.1169704861111111 0.6930941358024691 0.11631944444444445 0.6813271604938271 0.12999131944444445 0.6720679012345679 0.13368055555555555 0.6712962962962963 0.1371527777777778 0.6755401234567902 0.1401909722222222 0.6691743827160493
1 0.15169270833333334 0.455054012345679 0.15928819444444445 0.46334876543209874 0.1586371527777778 0.466820987654321 0.13736979166666666 0.47280092592592593 0.12825520833333334 0.4712577160493827 0.1265190972222222 0.46315586419753085 0.13368055555555555 0.4573688271604938 0.1408420138888889 0.45871913580246915 0.14735243055555555 0.4542824074074074 0.15147569444444445 0.455054012345679
1 0.1857638888888889 0.36882716049382713 0.19249131944444445 0.3748070987654321 0.2072482638888889 0.38040123456790126 0.2085503472222222 0.38522376543209874 0.20399305555555555 0.38753858024691357 0.193359375 0.3869598765432099 0.1833767361111111 0.38348765432098764 0.1773003472222222 0.3761574074074074 0.185546875 0.36882716049382713
1 0.11957465277777778 0.44135802469135804 0.13151041666666666 0.453125 0.130859375 0.46045524691358025 0.126953125 0.46296296296296297 0.1232638888888889 0.46219135802469136 0.1171875 0.4565972222222222 0.1134982638888889 0.44598765432098764 0.1150173611111111 0.4425154320987654 0.1193576388888889 0.44155092592592593
1 0.1508246527777778 0.36824845679012347 0.154296875 0.36882716049382713 0.15690104166666666 0.3732638888888889 0.15755208333333334 0.3802083333333333 0.1545138888888889 0.3836805555555556 0.13585069444444445 0.38580246913580246 0.1265190972222222 0.3915895061728395 0.1232638888888889 0.3904320987654321 0.12434895833333333 0.38657407407407407 0.1193576388888889 0.3836805555555556 0.12000868055555555 0.3802083333333333 0.14735243055555555 0.37210648148148145 0.1508246527777778 0.36844135802469136
1 0.4008246527777778 0.16030092592592593 0.4069010416666667 0.17476851851851852 0.4029947916666667 0.18383487654320987 0.4006076388888889 0.1853780864197531 0.3912760416666667 0.18229166666666666 0.3884548611111111 0.1743827160493827 0.388671875 0.16473765432098766 0.3904079861111111 0.16377314814814814 0.3940972222222222 0.16628086419753085 0.4006076388888889 0.16049382716049382
1 0.2688802083333333 0.2810570987654321 0.2727864583333333 0.283179012345679 0.2797309027777778 0.29282407407407407 0.2897135416666667 0.2941743827160494 0.2986111111111111 0.3001543209876543 0.2862413194444444 0.3090277777777778 0.2643229166666667 0.3142361111111111 0.265625 0.3082561728395062 0.271484375 0.3038194444444444 0.2651909722222222 0.2934027777777778 0.2658420138888889 0.2835648148148148 0.2686631944444444 0.28125
1 0.24110243055555555 0.2496141975308642 0.2398003472222222 0.2660108024691358 0.24305555555555555 0.2797067901234568 0.2400173611111111 0.2818287037037037 0.2282986111111111 0.2795138888888889 0.2306857638888889 0.26774691358024694 0.2365451388888889 0.2586805555555556 0.2380642361111111 0.2517361111111111 0.24110243055555555 0.2498070987654321
1 0.4112413194444444 0.0943287037037037 0.4181857638888889 0.09780092592592593 0.419921875 0.10185185185185185 0.4194878472222222 0.10570987654320987 0.41015625 0.10570987654320987 0.4112413194444444 0.09452160493827161
1 0.4848090277777778 0.06732253086419752 0.4878472222222222 0.06809413580246913 0.4887152777777778 0.07947530864197531 0.4876302083333333 0.08449074074074074 0.4845920138888889 0.08622685185185185 0.4809027777777778 0.08564814814814815 0.478515625 0.08140432098765432 0.4845920138888889 0.06732253086419752
1 0.5501302083333334 0.052662037037037035 0.5570746527777778 0.055169753086419755 0.5572916666666666 0.06520061728395062 0.5531684027777778 0.06655092592592593 0.5481770833333334 0.06404320987654322 0.5499131944444444 0.05285493827160494
1 0.5466579861111112 0.048804012345679014 0.5570746527777778 0.055748456790123455 0.5581597222222222 0.06018518518518518 0.5572916666666666 0.06442901234567901 0.5540364583333334 0.06539351851851852 0.5388454861111112 0.0630787037037037 0.5381944444444444 0.060570987654320986 0.5466579861111112 0.048996913580246916
1 0.546875 0.04861111111111111 0.5514322916666666 0.05381944444444445 0.548828125 0.0626929012345679 0.5397135416666666 0.0642361111111111 0.5375434027777778 0.061535493827160496 0.5466579861111112 0.048804012345679014
1 0.4639756944444444 0.05690586419753087 0.470703125 0.060570987654320986 0.4702690972222222 0.06404320987654322 0.4676649305555556 0.0642361111111111 0.4620225694444444 0.06095679012345679 0.4637586805555556 0.05690586419753087
1 0.404296875 0.06828703703703703 0.4077690972222222 0.07253086419753087 0.408203125 0.08506944444444445 0.4045138888888889 0.08796296296296297 0.4008246527777778 0.08777006172839506 0.3975694444444444 0.08179012345679013 0.404296875 0.06847993827160494
1 0.3350694444444444 0.07368827160493827 0.345703125 0.08063271604938271 0.3452690972222222 0.08468364197530864 0.3389756944444444 0.08584104938271606 0.3309461805555556 0.08275462962962964 0.3315972222222222 0.07561728395061729 0.3348524305555556 0.07388117283950617
1 0.4542100694444444 0.047839506172839504 0.4583333333333333 0.06076388888888889 0.4565972222222222 0.06790123456790123 0.453125 0.07021604938271606 0.4457465277777778 0.06751543209876543 0.4476996527777778 0.06076388888888889 0.4459635416666667 0.049575617283950615 0.4539930555555556 0.047839506172839504
1 0.4524739583333333 0.06616512345679013 0.453125 0.06828703703703703 0.4459635416666667 0.06867283950617284 0.44140625 0.06365740740740741 0.4435763888888889 0.048996913580246916 0.4459635416666667 0.04610339506172839 0.4522569444444444 0.06616512345679013
1 0.7690972222222222 0.019290123456790122 0.7827690972222222 0.02488425925925926 0.78515625 0.029320987654320986 0.7790798611111112 0.03742283950617284 0.7727864583333334 0.03973765432098766 0.7554253472222222 0.036458333333333336 0.7534722222222222 0.03298611111111111 0.7541232638888888 0.02488425925925926 0.7688802083333334 0.019290123456790122
1 0.501953125 0.029320987654320986 0.5049913194444444 0.04533179012345679 0.4986979166666667 0.05092592592592592 0.494140625 0.05073302469135803 0.4913194444444444 0.04822530864197531 0.4874131944444444 0.03279320987654321 0.4947916666666667 0.036458333333333336 0.4978298611111111 0.030864197530864196 0.5017361111111112 0.029320987654320986
1 0.2662760416666667 0.14660493827160495 0.2732204861111111 0.15432098765432098 0.2690972222222222 0.1564429012345679 0.2586805555555556 0.1545138888888889 0.2621527777777778 0.14834104938271606 0.2660590277777778 0.14660493827160495
1 0.3519965277777778 0.05999228395061729 0.3563368055555556 0.07523148148148148 0.3522135416666667 0.08082561728395062 0.3491753472222222 0.08140432098765432 0.3420138888888889 0.0783179012345679 0.3402777777777778 0.07445987654320987 0.3420138888888889 0.06732253086419752 0.3454861111111111 0.06539351851851852 0.3467881944444444 0.06095679012345679 0.3517795138888889 0.05999228395061729
1 0.3454861111111111 0.059799382716049385 0.3474392361111111 0.0775462962962963 0.345703125 0.0798611111111111 0.3396267361111111 0.07465277777777778 0.3411458333333333 0.061342592592592594 0.3452690972222222 0.059799382716049385
1 0.028645833333333332 0.7798996913580247 0.03797743055555555 0.7934027777777778 0.037760416666666664 0.7976466049382716 0.03342013888888889 0.7993827160493827 0.022135416666666668 0.7932098765432098 0.021701388888888888 0.7818287037037037 0.028428819444444444 0.7798996913580247
1 0.0915798611111111 0.3638117283950617 0.10264756944444445 0.37191358024691357 0.10394965277777778 0.37635030864197533 0.10221354166666667 0.38290895061728397 0.09288194444444445 0.38753858024691357 0.08485243055555555 0.3836805555555556 0.07899305555555555 0.37017746913580246 0.08072916666666667 0.36728395061728397 0.09136284722222222 0.3638117283950617
1 0 0.5108024691358025 0.0026041666666666665 0.5119598765432098 0.008029513888888888 0.5239197530864198 0.017144097222222224 0.5246913580246914 0.025824652777777776 0.5227623456790124 0.02734375 0.5250771604938271 0.023654513888888888 0.544945987654321 0.022569444444444444 0.5462962962962963 0.018880208333333332 0.544945987654321 0 0.5318287037037037 0 0.5109953703703703
1 0.033203125 0.41454475308641975 0.043619791666666664 0.4228395061728395 0.045355902777777776 0.42920524691358025 0.043402777777777776 0.43190586419753085 0.030164930555555556 0.42862654320987653 0.029947916666666668 0.4212962962962963 0.03298611111111111 0.41454475308641975
1 0.4631076388888889 0.022376543209876542 0.466796875 0.023726851851851853 0.46875 0.030864197530864196 0.4772135416666667 0.036458333333333336 0.4787326388888889 0.043209876543209874 0.4772135416666667 0.0466820987654321 0.4598524305555556 0.04031635802469136 0.4574652777777778 0.03279320987654321 0.4631076388888889 0.022569444444444444
1 0.4140625 0.37287808641975306 0.4134114583333333 0.3802083333333333 0.4144965277777778 0.3863811728395062 0.4181857638888889 0.3915895061728395 0.4220920138888889 0.3915895061728395 0.4251302083333333 0.3896604938271605 0.4270833333333333 0.3869598765432099 0.4262152777777778 0.38059413580246915 0.4201388888888889 0.37210648148148145 0.4181857638888889 0.37114197530864196 0.4164496527777778 0.3713348765432099
1 0.1636284722222222 0.9207175925925926 0.1625434027777778 0.9216820987654321 0.16276041666666666 0.9255401234567902 0.1636284722222222 0.9286265432098766 0.16514756944444445 0.9293981481481481 0.16927083333333334 0.9265046296296297 0.1714409722222222 0.9216820987654321 0.16861979166666666 0.919945987654321
1 0.9338107638888888 0.6043595679012346 0.9333767361111112 0.6060956790123457 0.9351128472222222 0.6097608024691358 0.9388020833333334 0.6130401234567902 0.9435763888888888 0.6151620370370371 0.9463975694444444 0.6174768518518519 0.9496527777777778 0.6217206790123457 0.9529079861111112 0.6213348765432098 0.9572482638888888 0.6172839506172839 0.9646267361111112 0.6161265432098766 0.9661458333333334 0.6151620370370371 0.9663628472222222 0.6124614197530864 0.9526909722222222 0.6018518518518519 0.9494357638888888 0.6001157407407407 0.9411892361111112 0.6001157407407407 0.9364149305555556 0.6018518518518519
1 0.9340277777777778 0.3306327160493827 0.9390190972222222 0.3447145061728395 0.9459635416666666 0.3439429012345679 0.9481336805555556 0.3414351851851852 0.94921875 0.33545524691358025 0.9483506944444444 0.3315972222222222 0.9424913194444444 0.328125 0.9364149305555556 0.3283179012345679
1 0.4810503472222222 0.14977006172839508 0.4954854600694445 0.1494699074074074 0.48746592881944445 0.1424934413580247