1 0.94921875 0.9020833333333333 0.95390625 0.9097222222222222 0.953125 0.9201388888888888 0.95546875 0.9319444444444445 0.9515625 0.9381944444444444 0.9390625 0.94375 0.93359375 0.9423611111111111 0.93515625 0.9319444444444445 0.93046875 0.9256944444444445 0.93046875 0.9180555555555555 0.9390625 0.9055555555555556 0.94296875 0.9020833333333333 0.9484375 0.9020833333333333
1 0.946875 0.9013888888888889 0.95078125 0.9055555555555556 0.95 0.9138888888888889 0.94296875 0.91875 0.9328125 0.9215277777777777 0.9296875 0.9208333333333333 0.93125 0.9145833333333333 0.9390625 0.9048611111111111 0.94609375 0.9013888888888889
1 0.94609375 0.9020833333333333 0.95234375 0.9104166666666667 0.95390625 0.9347222222222222 0.91875 0.9583333333333334 0.9125 0.9569444444444445 0.90703125 0.9493055555555555 0.90546875 0.9444444444444444 0.90703125 0.9354166666666667 0.9421875 0.9027777777777778 0.9453125 0.9020833333333333
1 0.984375 0.8381944444444445 0.99921875 0.8395833333333333 0.99921875 0.8590277777777777 0.99140625 0.8638888888888889 0.9875 0.8618055555555556 0.9796875 0.8486111111111111 0.98359375 0.8388888888888889
1 0.89375 0.9006944444444445 0.89765625 0.9034722222222222 0.896875 0.9076388888888889 0.89375 0.9090277777777778 0.89140625 0.9076388888888889 0.890625 0.9034722222222222 0.89296875 0.9013888888888889
1 0.865625 0.9034722222222222 0.8703125 0.9041666666666667 0.8671875 0.9145833333333333 0.8625 0.9173611111111111 0.85859375 0.9131944444444444 0.85703125 0.9069444444444444 0.85703125 0.9041666666666667 0.86484375 0.9041666666666667
1 0.96796875 0.8145833333333333 0.9734375 0.8180555555555555 0.984375 0.8381944444444445 0.984375 0.8423611111111111 0.98046875 0.8479166666666667 0.9640625 0.8444444444444444 0.95859375 0.8375 0.95703125 0.83125 0.9625 0.8173611111111111 0.9671875 0.8145833333333333
1 0.90234375 0.8579861111111111 0.0078125 0.013194444444444444
1 0.9671875 0.7902777777777777 0.97421875 0.7965277777777777 0.96953125 0.8083333333333333 0.96484375 0.8076388888888889 0.96015625 0.7930555555555555 0.9625 0.7902777777777777 0.96640625 0.7902777777777777
1 0.88671875 0.8041666666666667 0.890625 0.8055555555555556 0.9 0.8208333333333333 0.89453125 0.8291666666666667 0.89609375 0.8347222222222223 0.89375 0.8381944444444445 0.8890625 0.8395833333333333 0.88828125 0.8243055555555555 0.88203125 0.8138888888888889 0.8828125 0.8090277777777778 0.88671875 0.8048611111111111
1 0.778125 0.8743055555555556 0.77890625 0.8701388888888889 0.79453125 0.8673611111111111 0.803125 0.8625 0.80703125 0.8625 0.8046875 0.8729166666666667 0.77890625 0.8743055555555556
1 0.77578125 0.8069444444444445 0.77421875 0.8173611111111111 0.76484375 0.8215277777777777 0.759375 0.8284722222222223 0.7546875 0.8277777777777777 0.7546875 0.8111111111111111 0.7609375 0.8104166666666667 0.76640625 0.8125 0.775 0.8069444444444445
1 0.6109375 0.8159722222222222 0.615625 0.8201388888888889 0.61796875 0.8270833333333333 0.61875 0.8423611111111111 0.61328125 0.8451388888888889 0.6078125 0.8430555555555556 0.60546875 0.8340277777777778 0.6046875 0.8173611111111111 0.61015625 0.8159722222222222
1 0.4890625 0.9895833333333334 0.49140625 0.9930555555555556 0.48984375 0.9993055555555556 0.4734375 0.9993055555555556 0.47109375 0.9951388888888889 0.4765625 0.9895833333333334 0.48828125 0.9895833333333334
1 0.721875 0.7055555555555556 0.73203125 0.70625 0.740625 0.7131944444444445 0.740625 0.7166666666666667 0.73359375 0.7138888888888889 0.7296875 0.7166666666666667 0.7296875 0.7291666666666666 0.72109375 0.7270833333333333 0.721875 0.7166666666666667 0.7171875 0.70625 0.72109375 0.7055555555555556
1 0.60078125 0.8166666666666667 0.60546875 0.8201388888888889 0.60625 0.8291666666666667 0.60625 0.8451388888888889 0.60234375 0.85 0.59921875 0.8486111111111111 0.6 0.8444444444444444 0.59375 0.8277777777777777 0.5953125 0.81875 0.6 0.8166666666666667
1 0.49453125 0.9527777777777777 0.49609375 0.9576388888888889 0.49296875 0.9708333333333333 0.4859375 0.9708333333333333 0.4828125 0.9680555555555556 0.48046875 0.9520833333333333 0.484375 0.95 0.49375 0.9527777777777777
1 0.6609375 0.7298611111111111 0.675 0.7347222222222223 0.675 0.7506944444444444 0.671875 0.7513888888888889 0.665625 0.7479166666666667 0.65703125 0.7493055555555556 0.6578125 0.7333333333333333 0.66015625 0.7305555555555555
1 0.52890625 0.8715277777777778 0.5375 0.8854166666666666 0.5359375 0.8965277777777778 0.5296875 0.9020833333333333 0.52578125 0.9006944444444445 0.521875 0.8875 0.521875 0.8729166666666667 0.528125 0.8715277777777778
1 0.51875 0.8680555555555556 0.5296875 0.86875 0.53203125 0.8763888888888889 0.521875 0.8805555555555555 0.5171875 0.8736111111111111 0.51875 0.86875
1 0.6515625 0.7111111111111111 0.66171875 0.7291666666666666 0.67578125 0.7361111111111112 0.67578125 0.7486111111111111 0.6734375 0.7513888888888889 0.665625 0.7479166666666667 0.6578125 0.75 0.65625 0.7486111111111111 0.65703125 0.7340277777777777 0.646875 0.7208333333333333 0.64765625 0.7138888888888889 0.65078125 0.7111111111111111
1 0.6515625 0.7104166666666667 0.65859375 0.7236111111111111 0.6578125 0.7284722222222222 0.646875 0.7208333333333333 0.646875 0.7145833333333333 0.65078125 0.7104166666666667
1 0.63046875 0.74375 0.634375 0.7256944444444444 0.6375 0.7263888888888889 0.6375 0.7340277777777777 0.63359375 0.74375 0.63125 0.74375
1 0.4921875 0.8847222222222222 0.4984375 0.8861111111111111 0.5015625 0.8972222222222223 0.50625 0.9034722222222222 0.496875 0.9048611111111111 0.49453125 0.9083333333333333 0.49140625 0.90625 0.4859375 0.8909722222222223 0.48671875 0.8868055555555555 0.49140625 0.8847222222222222
1 0.471875 0.8763888888888889 0.49921875 0.8791666666666667 0.49765625 0.8861111111111111 0.48984375 0.8861111111111111 0.48359375 0.8916666666666667 0.48125 0.8902777777777777 0.48046875 0.8854166666666666 0.471875 0.8791666666666667 0.471875 0.8770833333333333
1 0.4875 0.8555555555555555 0.490625 0.8583333333333333 0.48828125 0.8645833333333334 0.48125 0.8659722222222223 0.48125 0.8604166666666667 0.48671875 0.85625
1 0.4890625 0.7895833333333333 0.5 0.7895833333333333 0.50234375 0.7930555555555555 0.5 0.7965277777777777 0.50078125 0.8069444444444445 0.4984375 0.8090277777777778 0.4921875 0.8083333333333333 0.4890625 0.7902777777777777
1 0.54296875 0.7291666666666666 0.55 0.7375 0.54296875 0.7486111111111111 0.53984375 0.7506944444444444 0.53359375 0.7506944444444444 0.52734375 0.7430555555555556 0.5296875 0.7368055555555556 0.5375 0.7354166666666667 0.54296875 0.7298611111111111
1 0.39921875 0.9201388888888888 0.403125 0.925 0.4015625 0.9277777777777778 0.38671875 0.9395833333333333 0.3765625 0.9375 0.36640625 0.9284722222222223 0.365625 0.9243055555555556 0.3890625 0.9236111111111112 0.3984375 0.9201388888888888
1 0.76015625 0.5291666666666667 0.765625 0.5270833333333333 0.77265625 0.5298611111111111 0.7765625 0.5381944444444444 0.7828125 0.5430555555555555 0.77421875 0.5513888888888889 0.7546875 0.5555555555555556 0.75234375 0.55 0.76015625 0.5298611111111111
1 0.95859375 0.26666666666666666 0.9609375 0.26875 0.95859375 0.27708333333333335 0.95 0.2861111111111111 0.93984375 0.2881944444444444 0.93125 0.28541666666666665 0.93203125 0.27847222222222223 0.9453125 0.27361111111111114 0.95078125 0.26805555555555555 0.9578125 0.26666666666666666
1 0.896875 0.2722222222222222 0.896875 0.26458333333333334 0.9015625 0.2652777777777778 0.90078125 0.2722222222222222 0.89765625 0.2722222222222222
1 0.87109375 0.2652777777777778 0.87578125 0.2673611111111111 0.87578125 0.2701388888888889 0.8734375 0.27847222222222223 0.86953125 0.28055555555555556 0.86328125 0.27708333333333335 0.86171875 0.2673611111111111 0.86328125 0.2652777777777778 0.8703125 0.2652777777777778
1 0.559375 0.6368055555555555 0.5671875 0.6395833333333333 0.5640625 0.6458333333333334 0.56484375 0.6520833333333333 0.56015625 0.6583333333333333 0.55390625 0.6590277777777778 0.55 0.6631944444444444 0.5421875 0.6604166666666667 0.54140625 0.6472222222222223 0.55625 0.6354166666666666 0.55859375 0.6368055555555555
1 0.503125 0.6381944444444444 0.51015625 0.6416666666666667 0.5109375 0.6458333333333334 0.4984375 0.6520833333333333 0.49453125 0.6506944444444445 0.490625 0.6388888888888888 0.49453125 0.6354166666666666 0.50234375 0.6381944444444444
1 0.99921875 0.20555555555555555 0.99921875 0.22847222222222222 0.99375 0.22708333333333333 0.9875 0.21180555555555555 0.9875 0.20625 0.9984375 0.20555555555555555
1 0.5125 0.5868055555555556 0.515625 0.5881944444444445 0.51328125 0.5916666666666667 0.5046875 0.5979166666666667 0.5015625 0.5951388888888889 0.5015625 0.5881944444444445 0.51171875 0.5868055555555556
1 0.49453125 0.5145833333333333 0.50546875 0.5222222222222223 0.5203125 0.5222222222222223 0.5296875 0.5256944444444445 0.52890625 0.5291666666666667 0.521875 0.5333333333333333 0.51484375 0.5340277777777778 0.5015625 0.5402777777777777 0.4921875 0.5340277777777778 0.49609375 0.5256944444444445 0.49453125 0.5152777777777777
1 0.4890625 0.3506944444444444 0.49375 0.3548611111111111 0.49453125 0.3611111111111111 0.49375 0.36666666666666664 0.4875 0.3701388888888889 0.48203125 0.36875 0.48125 0.3597222222222222 0.4765625 0.3548611111111111 0.47734375 0.35208333333333336 0.48828125 0.3506944444444444
1 0.49140625 0.3076388888888889 0.50078125 0.3104166666666667 0.4984375 0.3298611111111111 0.48671875 0.3277777777777778 0.484375 0.30972222222222223 0.490625 0.3076388888888889
1 0.9109375 0.2111111111111111 0.9109375 0.21736111111111112 0.9078125 0.2222222222222222 0.9046875 0.22152777777777777 0.903125 0.21319444444444444 0.91015625 0.2111111111111111
1 0.97421875 0.1798611111111111 0.97890625 0.18472222222222223 0.9859375 0.20069444444444445 0.98515625 0.2048611111111111 0.98125 0.20694444444444443 0.97109375 0.20625 0.96328125 0.19652777777777777 0.96796875 0.18125 0.9734375 0.1798611111111111
1 0.8109375 0.22152777777777777 0.81171875 0.225 0.8078125 0.23125 0.790625 0.23194444444444445 0.78359375 0.23194444444444445 0.78203125 0.23055555555555557 0.78359375 0.22708333333333333 0.81015625 0.22152777777777777
1 0.5328125 0.22430555555555556 0.54140625 0.23402777777777778 0.54140625 0.2388888888888889 0.5328125 0.2520833333333333 0.52734375 0.24861111111111112 0.525 0.23055555555555557 0.52578125 0.22708333333333333 0.53203125 0.22430555555555556
1 0.97109375 0.15 0.978125 0.16041666666666668 0.97734375 0.16527777777777777 0.9734375 0.16944444444444445 0.96953125 0.1673611111111111 0.9640625 0.15069444444444444 0.9703125 0.15
1 0.4984375 0.23819444444444443 0.50390625 0.23958333333333334 0.50625 0.24930555555555556 0.51015625 0.2548611111111111 0.51015625 0.25833333333333336 0.4984375 0.2611111111111111 0.4953125 0.2604166666666667 0.49453125 0.2534722222222222 0.4890625 0.24513888888888888 0.490625 0.23958333333333334 0.49765625 0.23819444444444443
1 0.53125 0.21736111111111112 0.5359375 0.2222222222222222 0.5359375 0.23541666666666666 0.5328125 0.2326388888888889 0.5296875 0.23402777777777778 0.52578125 0.2326388888888889 0.521875 0.22777777777777777 0.52265625 0.21875 0.53046875 0.21736111111111112
1 0.53359375 0.21944444444444444 0.54140625 0.2375 0.5328125 0.2513888888888889 0.52890625 0.25069444444444444 0.52578125 0.24583333333333332 0.51875 0.24513888888888888 0.51875 0.24166666666666667 0.525 0.2375 0.52109375 0.23125 0.52265625 0.22083333333333333 0.52890625 0.21805555555555556 0.5328125 0.21944444444444444
1 0.4796875 0.2298611111111111 0.5015625 0.2298611111111111 0.5046875 0.2326388888888889 0.5046875 0.24444444444444444 0.509375 0.25625 0.50859375 0.25833333333333336 0.5015625 0.25833333333333336 0.4984375 0.2604166666666667 0.4859375 0.24027777777777778 0.47734375 0.23402777777777778 0.47578125 0.23055555555555557 0.47890625 0.2298611111111111
1 0.47734375 0.22916666666666666 0.503125 0.2298611111111111 0.50390625 0.23680555555555555 0.4875 0.24166666666666667 0.4765625 0.23333333333333334 0.4765625 0.2298611111111111
1 0.77578125 0.16111111111111112 0.78046875 0.16111111111111112 0.7796875 0.16944444444444445 0.77578125 0.17430555555555555 0.77109375 0.175 0.76171875 0.18194444444444444 0.75859375 0.17847222222222223 0.7578125 0.17291666666666666 0.759375 0.1638888888888889 0.7625 0.1625 0.77265625 0.16597222222222222 0.77578125 0.16180555555555556
1 0.49375 0.2076388888888889 0.49375 0.21319444444444444 0.48828125 0.21736111111111112 0.484375 0.21666666666666667 0.48515625 0.20972222222222223 0.48984375 0.20694444444444443 0.49296875 0.2076388888888889
1 0.6109375 0.19236111111111112 0.6078125 0.1798611111111111 0.6078125 0.16805555555555557 0.6125 0.1638888888888889 0.615625 0.16458333333333333 0.62109375 0.17083333333333334 0.6234375 0.19305555555555556 0.61171875 0.19236111111111112
1 0.60546875 0.1673611111111111 0.6078125 0.17152777777777778 0.609375 0.18819444444444444 0.609375 0.19444444444444445 0.60625 0.2 0.60390625 0.19930555555555557 0.60390625 0.19166666666666668 0.59765625 0.17777777777777778 0.59921875 0.16875 0.6015625 0.16666666666666666 0.6046875 0.1673611111111111
1 0.67734375 0.08194444444444444 0.68125 0.09166666666666666 0.67578125 0.09791666666666667 0.66484375 0.09236111111111112 0.6609375 0.09444444444444444 0.66015625 0.0875 0.665625 0.08125 0.6765625 0.08194444444444444
1 0.72734375 0.050694444444444445 0.7375 0.052083333333333336 0.74453125 0.0625 0.734375 0.06180555555555556 0.7328125 0.07430555555555556 0.7265625 0.07708333333333334 0.7234375 0.07708333333333334 0.721875 0.07430555555555556 0.72578125 0.06736111111111111 0.72109375 0.05347222222222222 0.72265625 0.050694444444444445 0.7265625 0.050694444444444445
1 0.1875 0.7270833333333333 0.21328125 0.7208333333333333 0.2140625 0.7277777777777777 0.20625 0.7381944444444445 0.203125 0.7486111111111111 0.19921875 0.7486111111111111 0.19765625 0.7333333333333333 0.1890625 0.7305555555555555 0.18828125 0.7277777777777777
1 0.2328125 0.5493055555555556 0.2390625 0.5534722222222223 0.23828125 0.5631944444444444 0.234375 0.5673611111111111 0.23046875 0.5673611111111111 0.22265625 0.5555555555555556 0.22734375 0.5486111111111112 0.23203125 0.5493055555555556
1 0.2203125 0.5215277777777778 0.23359375 0.5270833333333333 0.25625 0.5326388888888889 0.25859375 0.5361111111111111 0.25078125 0.55 0.240625 0.5555555555555556 0.234375 0.5666666666666667 0.23046875 0.5659722222222222 0.22265625 0.5569444444444445 0.221875 0.5534722222222223 0.2265625 0.5458333333333333 0.221875 0.5430555555555555 0.2234375 0.5361111111111111 0.21328125 0.5222222222222223 0.21953125 0.5215277777777778
1 0.2171875 0.5201388888888889 0.2515625 0.5326388888888889 0.2515625 0.5347222222222222 0.240625 0.5354166666666667 0.23046875 0.5430555555555555 0.22421875 0.5409722222222222 0.22265625 0.5354166666666667 0.21640625 0.5291666666666667 0.21328125 0.5229166666666667 0.21640625 0.5201388888888889
1 0.10078125 0.9520833333333333 0.11953125 0.9576388888888889 0.12734375 0.9659722222222222 0.128125 0.9826388888888888 0.121875 0.9909722222222223 0.1265625 0.9944444444444445 0.11796875 0.9972222222222222 0.1171875 0.9993055555555556 0.10625 0.9944444444444445 0.103125 0.9798611111111111 0.09375 0.9673611111111111 0.0921875 0.95625 0.1 0.9520833333333333
1 0.06484375 0.8881944444444444 0.06875 0.8916666666666667 0.0703125 0.9055555555555556 0.06875 0.9097222222222222 0.0640625 0.9125 0.05390625 0.9111111111111111 0.0453125 0.8993055555555556 0.0453125 0.89375 0.0484375 0.8902777777777777 0.0640625 0.8881944444444444
1 0.1046875 0.7402777777777778 0.1109375 0.7423611111111111 0.12109375 0.7506944444444444 0.11953125 0.75625 0.10546875 0.7576388888888889 0.08828125 0.75625 0.08203125 0.7486111111111111 0.0828125 0.7444444444444445 0.090625 0.7409722222222223 0.10390625 0.7402777777777778
1 0.08046875 0.5986111111111111 0.07421875 0.6083333333333333 0.06953125 0.6090277777777777 0.06796875 0.5993055555555555 0.0796875 0.5979166666666667
1 0.49296875 0.13402777777777777 0.50546875 0.13680555555555557 0.5015625 0.15555555555555556 0.49609375 0.15555555555555556 0.4921875 0.14583333333333334 0.48125 0.1375 0.48359375 0.13472222222222222 0.4921875 0.13402777777777777
1 0.54609375 0.07430555555555556 0.553125 0.08472222222222223 0.54765625 0.09375 0.53828125 0.09791666666666667 0.53359375 0.09583333333333334 0.5296875 0.08958333333333333 0.53046875 0.08472222222222223 0.540625 0.08125 0.5453125 0.075
1 0.65390625 0.05625 0.65859375 0.06180555555555556 0.659375 0.07152777777777777 0.65390625 0.07361111111111111 0.6515625 0.06597222222222222 0.64609375 0.06388888888888888 0.64375 0.06666666666666667 0.64609375 0.075 0.64296875 0.0763888888888889 0.64296875 0.08125 0.6390625 0.08402777777777778 0.63671875 0.09097222222222222 0.63359375 0.08958333333333333 0.63984375 0.07013888888888889 0.64296875 0.06805555555555555 0.64375 0.06388888888888888 0.653125 0.05694444444444444
1 0.20234375 0.10416666666666667 0.19921875 0.10277777777777777 0.19609375 0.08819444444444445 0.1890625 0.08194444444444444 0.19375 0.07777777777777778 0.2015625 0.07708333333333334 0.20859375 0.07361111111111111 0.21484375 0.07430555555555556 0.215625 0.07777777777777778 0.2078125 0.08819444444444445 0.20234375 0.10347222222222222
1 0.10078125 0.10277777777777777 0.1203125 0.1111111111111111 0.12109375 0.11597222222222223 0.11328125 0.11944444444444445 0.0875 0.11944444444444445 0.084375 0.11736111111111111 0.08359375 0.11458333333333333 0.08828125 0.10625 0.1 0.10277777777777777
1 0.2171875 0.07361111111111111 0.21484375 0.08055555555555556 0.2078125 0.08819444444444445 0.20234375 0.10486111111111111 0.19921875 0.10347222222222222 0.196875 0.08958333333333333 0.1890625 0.08055555555555556 0.21015625 0.07291666666666667 0.21640625 0.07361111111111111
1 0.0234375 0.8222222222222222 0.04609375 0.8263888888888888 0.05 0.8305555555555556 0.046875 0.8409722222222222 0.03671875 0.8506944444444444 0.0140625 0.84375 0.00859375 0.8381944444444445 0.0078125 0.8347222222222223 0.0109375 0.8277777777777777 0.0140625 0.8243055555555555 0.02265625 0.8222222222222222
1 0.73671875 0 0.74140625 0 0.7421875 0.002777777777777778 0.74140625 0.008333333333333333 0.7375 0.009027777777777777 0.73671875 0.0006944444444444445
1 0.65390625 0 0.66015625 0 0.65703125 0.009027777777777777 0.65390625 0.008333333333333333 0.65390625 0.0006944444444444445
1 0.0359375 0.19722222222222222 0.04765625 0.19930555555555557 0.04609375 0.2111111111111111 0.0375 0.22083333333333333 0.01328125 0.21736111111111112 0.009375 0.20972222222222223 0.015625 0.19930555555555557 0.03515625 0.19722222222222222
1 0.54375 0 0.5640625 0 0.56328125 0.004861111111111111 0.56015625 0.00625 0.54609375 0.005555555555555556 0.54375 0.0006944444444444445
1 0.54296875 0 0.55546875 0 0.55390625 0.005555555555555556 0.54375 0.004861111111111111 0.54296875 0.0006944444444444445