1 0.99375 0.8381944444444445 0.99921875 0.8395833333333333 0.99921875 0.8583333333333333 0.9921875 0.8611111111111112 0.9859375 0.8583333333333333 0.98125 0.8444444444444444 0.984375 0.8381944444444445 0.99296875 0.8381944444444445
1 0.865625 0.9034722222222222 0.8703125 0.9041666666666667 0.87109375 0.9076388888888889 0.865625 0.9159722222222222 0.859375 0.9138888888888889 0.85703125 0.9069444444444444 0.85703125 0.9041666666666667 0.86484375 0.9034722222222222
1 0.90078125 0.8631944444444445 0.89921875 0.8513888888888889 0.9046875 0.8513888888888889 0.90625 0.8555555555555555 0.90546875 0.8625 0.9015625 0.8631944444444445
1 0.959375 0.7895833333333333 0.9703125 0.7902777777777777 0.97421875 0.7965277777777777 0.9703125 0.8083333333333333 0.96640625 0.8097222222222222 0.96328125 0.8055555555555556 0.96328125 0.7986111111111112 0.959375 0.7902777777777777
1 0.890625 0.8256944444444444 0.89296875 0.8090277777777778 0.89921875 0.8173611111111111 0.9 0.8222222222222222 0.89453125 0.8263888888888888 0.89140625 0.8256944444444444
1 0.77890625 0.8694444444444445 0.78984375 0.86875 0.803125 0.8631944444444445 0.80703125 0.8645833333333334 0.80625 0.8694444444444445 0.8 0.8743055555555556 0.77890625 0.8743055555555556 0.77734375 0.8729166666666667 0.77890625 0.8701388888888889
1 0.771875 0.8069444444444445 0.77578125 0.8069444444444445 0.77421875 0.8173611111111111 0.76484375 0.8215277777777777 0.759375 0.8291666666666667 0.7546875 0.8277777777777777 0.75390625 0.8208333333333333 0.75546875 0.8104166666666667 0.765625 0.8125 0.771875 0.8076388888888889
1 0.490625 0.9875 0.49140625 0.9993055555555556 0.47734375 0.9993055555555556 0.47734375 0.9944444444444445 0.48984375 0.9881944444444445
1 0.71796875 0.70625 0.73203125 0.70625 0.73828125 0.7104166666666667 0.74140625 0.7159722222222222 0.73125 0.7145833333333333 0.73046875 0.7270833333333333 0.728125 0.7291666666666666 0.72421875 0.7284722222222222 0.72109375 0.7270833333333333 0.72109375 0.7152777777777778 0.71796875 0.7069444444444445
1 0.6125 0.8302083333333333 0.015625 0.029861111111111113
1 0.6 0.8166666666666667 0.6046875 0.81875 0.60625 0.8270833333333333 0.60546875 0.8451388888888889 0.603125 0.8493055555555555 0.6 0.8486111111111111 0.60078125 0.8444444444444444 0.5953125 0.8333333333333334 0.59375 0.8243055555555555 0.5953125 0.81875 0.59921875 0.8166666666666667
1 0.4875 0.95 0.49609375 0.9527777777777777 0.4953125 0.9666666666666667 0.49140625 0.9708333333333333 0.48359375 0.9701388888888889 0.48203125 0.9666666666666667 0.48046875 0.9513888888888888 0.48671875 0.95
1 0.66640625 0.7305555555555555 0.678125 0.7388888888888889 0.67890625 0.7451388888888889 0.675 0.7486111111111111 0.66015625 0.7486111111111111 0.65703125 0.7451388888888889 0.6578125 0.7326388888888888 0.6609375 0.7298611111111111 0.665625 0.7305555555555555
1 0.52734375 0.8701388888888889 0.53671875 0.8840277777777777 0.54453125 0.8902777777777777 0.54453125 0.89375 0.5328125 0.8965277777777778 0.52890625 0.8895833333333333 0.52578125 0.9013888888888889 0.52265625 0.9006944444444445 0.52109375 0.8930555555555556 0.5171875 0.8895833333333333 0.52109375 0.8833333333333333 0.52109375 0.8722222222222222 0.5234375 0.8694444444444445 0.5265625 0.8701388888888889
1 0.65390625 0.7104166666666667 0.65859375 0.7243055555555555 0.6578125 0.7277777777777777 0.65078125 0.7243055555555555 0.64609375 0.71875 0.646875 0.7131944444444445 0.653125 0.7104166666666667
1 0.66484375 0.7291666666666666 0.67734375 0.7375 0.67890625 0.7458333333333333 0.67578125 0.7486111111111111 0.66015625 0.7486111111111111 0.6578125 0.7465277777777778 0.65546875 0.7326388888888888 0.64609375 0.7166666666666667 0.65 0.7111111111111111 0.65390625 0.7104166666666667 0.6578125 0.7215277777777778 0.6640625 0.7291666666666666
1 0.77578125 0.5222222222222223 0.77734375 0.5375 0.78515625 0.5416666666666666 0.78359375 0.5458333333333333 0.7671875 0.5534722222222223 0.75546875 0.55625 0.75234375 0.5534722222222223 0.75234375 0.5465277777777777 0.7578125 0.5347222222222222 0.759375 0.5340277777777778 0.76484375 0.5388888888888889 0.76796875 0.5361111111111111 0.76484375 0.53125 0.76484375 0.5256944444444445 0.77265625 0.5263888888888889 0.77578125 0.5229166666666667
1 0.8984375 0.26458333333333334 0.90078125 0.2652777777777778 0.90078125 0.2701388888888889 0.8984375 0.27152777777777776 0.8953125 0.26875 0.89765625 0.26458333333333334
1 0.86953125 0.27326388888888886 0.0140625 0.014583333333333334
1 0.9921875 0.2048611111111111 0.99921875 0.20555555555555555 0.99921875 0.22916666666666666 0.9921875 0.22708333333333333 0.9875 0.21666666666666667 0.9875 0.2076388888888889 0.99140625 0.2048611111111111
1 0.9078125 0.21041666666666667 0.9109375 0.21180555555555555 0.91015625 0.22152777777777777 0.90703125 0.22291666666666668 0.903125 0.21666666666666667 0.903125 0.2125 0.90703125 0.2111111111111111
1 0.9765625 0.18125 0.9875 0.2013888888888889 0.98515625 0.20625 0.9796875 0.2076388888888889 0.97265625 0.20694444444444443 0.9671875 0.2 0.96015625 0.19652777777777777 0.9671875 0.1875 0.96796875 0.18194444444444444 0.9703125 0.1798611111111111 0.97578125 0.18125
1 0.81015625 0.22083333333333333 0.81171875 0.225 0.8078125 0.23125 0.7828125 0.23125 0.7828125 0.22777777777777777 0.809375 0.22152777777777777
1 0.471875 0.8798611111111111 0.47265625 0.8770833333333333 0.49765625 0.8777777777777778 0.4984375 0.8854166666666666 0.49453125 0.8875 0.490625 0.8861111111111111 0.48515625 0.8916666666666667 0.48046875 0.8909722222222223 0.4796875 0.8847222222222222 0.47265625 0.8798611111111111
1 0.48359375 0.8555555555555555 0.48984375 0.8555555555555555 0.49140625 0.8590277777777777 0.4875 0.8652777777777778 0.4828125 0.8659722222222223 0.48125 0.8590277777777777 0.48359375 0.85625
1 0.4875 0.7895833333333333 0.50234375 0.7902777777777777 0.5 0.7986111111111112 0.50078125 0.8069444444444445 0.49921875 0.8090277777777778 0.4921875 0.8083333333333333 0.490625 0.8069444444444445 0.4921875 0.8 0.48828125 0.7902777777777777
1 0.54296875 0.7291666666666666 0.55 0.7375 0.54296875 0.7493055555555556 0.53359375 0.7506944444444444 0.52734375 0.7430555555555556 0.528125 0.7381944444444445 0.5375 0.7354166666666667 0.5421875 0.7298611111111111
1 0.55703125 0.6361111111111111 0.56015625 0.6388888888888888 0.5671875 0.6395833333333333 0.5640625 0.6458333333333334 0.5640625 0.6541666666666667 0.56015625 0.6569444444444444 0.55390625 0.6541666666666667 0.55625 0.6368055555555555
1 0.54609375 0.64375 0.55390625 0.6534722222222222 0.55234375 0.6618055555555555 0.54609375 0.6631944444444444 0.5421875 0.6611111111111111 0.540625 0.6527777777777778 0.5453125 0.6444444444444445
1 0.5578125 0.6361111111111111 0.5671875 0.6402777777777777 0.5640625 0.6451388888888889 0.5640625 0.6541666666666667 0.56015625 0.6576388888888889 0.5546875 0.6583333333333333 0.55 0.6631944444444444 0.5421875 0.6611111111111111 0.540625 0.6506944444444445 0.54296875 0.6444444444444445 0.546875 0.6416666666666667 0.553125 0.6444444444444445 0.55703125 0.6361111111111111
1 0.49453125 0.6354166666666666 0.509375 0.6402777777777777 0.5109375 0.6479166666666667 0.5 0.6541666666666667 0.49453125 0.6548611111111111 0.490625 0.6465277777777778 0.490625 0.6368055555555555 0.49375 0.6361111111111111
1 0.51328125 0.5868055555555556 0.515625 0.5881944444444445 0.51328125 0.5916666666666667 0.5046875 0.5979166666666667 0.50234375 0.5965277777777778 0.5015625 0.5881944444444445 0.5125 0.5868055555555556
1 0.49453125 0.5152777777777777 0.50546875 0.5222222222222223 0.52109375 0.5222222222222223 0.52890625 0.5256944444444445 0.528125 0.5298611111111111 0.51484375 0.5333333333333333 0.50546875 0.5395833333333333 0.50078125 0.5395833333333333 0.49765625 0.5368055555555555 0.4921875 0.5361111111111111 0.4953125 0.5263888888888889 0.49453125 0.5159722222222223
1 0.49453125 0.3798611111111111 0.49765625 0.3972222222222222 0.48359375 0.40347222222222223 0.48046875 0.40069444444444446 0.48046875 0.3854166666666667 0.49375 0.38055555555555554
1 0.490625 0.34930555555555554 0.49609375 0.35208333333333336 0.496875 0.35625 0.48515625 0.36666666666666664 0.48046875 0.36319444444444443 0.48125 0.35555555555555557 0.4859375 0.35 0.48984375 0.34930555555555554
1 0.484375 0.30694444444444446 0.49375 0.30694444444444446 0.5015625 0.3104166666666667 0.49921875 0.33055555555555555 0.4875 0.3298611111111111 0.484375 0.3076388888888889
1 0.528125 0.23055555555555557 0.5359375 0.2298611111111111 0.5484375 0.24375 0.54765625 0.2465277777777778 0.54296875 0.2465277777777778 0.53671875 0.25277777777777777 0.52890625 0.2534722222222222 0.52421875 0.24444444444444444 0.528125 0.23125
1 0.5328125 0.225 0.5484375 0.24513888888888888 0.54140625 0.2465277777777778 0.53125 0.25416666666666665 0.52734375 0.2534722222222222 0.51875 0.24444444444444444 0.525 0.2375 0.525 0.22708333333333333 0.53203125 0.225
1 0.49921875 0.24965277777777778 0.021875 0.024305555555555556
1 0.528515625 0.2361111111111111 0.02109375 0.030555555555555555
1 0.53125 0.21875 0.5359375 0.2222222222222222 0.5375 0.23194444444444445 0.54609375 0.24097222222222223 0.546875 0.24444444444444444 0.5359375 0.24166666666666667 0.5328125 0.23333333333333334 0.52578125 0.2375 0.52265625 0.23055555555555557 0.52265625 0.22361111111111112 0.52578125 0.21944444444444444 0.53046875 0.21875
1 0.9703125 0.1486111111111111 0.97890625 0.16111111111111112 0.9765625 0.1673611111111111 0.9734375 0.16944444444444445 0.96953125 0.16805555555555557 0.9625 0.15138888888888888 0.965625 0.1486111111111111 0.96953125 0.1486111111111111
1 0.77578125 0.16111111111111112 0.78046875 0.16111111111111112 0.77890625 0.17152777777777778 0.7703125 0.175 0.7640625 0.18194444444444444 0.76015625 0.18125 0.7578125 0.17430555555555555 0.75859375 0.1638888888888889 0.76328125 0.1625 0.77265625 0.16527777777777777 0.77578125 0.16180555555555556
1 0.52265625 0.21319444444444444 0.525 0.21736111111111112 0.5328125 0.21805555555555556 0.53515625 0.22013888888888888 0.5359375 0.22777777777777777 0.5296875 0.22916666666666666 0.5234375 0.22777777777777777 0.521875 0.21388888888888888
1 0.47734375 0.2298611111111111 0.50234375 0.23055555555555557 0.5046875 0.2326388888888889 0.50390625 0.2361111111111111 0.49296875 0.23958333333333334 0.4875 0.24513888888888888 0.48359375 0.23819444444444443 0.47734375 0.23402777777777778 0.4765625 0.23055555555555557
1 0.4921875 0.20694444444444443 0.49453125 0.20833333333333334 0.49453125 0.21180555555555555 0.4890625 0.21805555555555556 0.48515625 0.21736111111111112 0.484375 0.21319444444444444 0.4859375 0.20972222222222223 0.49140625 0.20694444444444443
1 0.61484375 0.16458333333333333 0.61953125 0.16875 0.62265625 0.17777777777777778 0.62265625 0.19236111111111112 0.61953125 0.19444444444444445 0.6125 0.19305555555555556 0.60859375 0.18472222222222223 0.6078125 0.16875 0.6140625 0.16458333333333333
1 0.60546875 0.1673611111111111 0.6078125 0.17152777777777778 0.609375 0.1875 0.609375 0.19375 0.60625 0.19930555555555557 0.59765625 0.17847222222222223 0.59921875 0.16875 0.6015625 0.16666666666666666 0.6046875 0.1673611111111111
1 0.67734375 0.08125 0.68046875 0.08472222222222223 0.68203125 0.09236111111111112 0.68046875 0.09652777777777778 0.66640625 0.09513888888888888 0.6609375 0.09166666666666666 0.66015625 0.08541666666666667 0.6625 0.08194444444444444 0.6765625 0.08125
1 0.73203125 0.050694444444444445 0.7421875 0.05694444444444444 0.74453125 0.06388888888888888 0.73515625 0.06111111111111111 0.7328125 0.06388888888888888 0.7328125 0.07430555555555556 0.73046875 0.0763888888888889 0.72265625 0.07430555555555556 0.725 0.06388888888888888 0.72109375 0.05138888888888889 0.73125 0.050694444444444445
1 0.49375 0.8847222222222222 0.4984375 0.8861111111111111 0.5015625 0.8972222222222223 0.50625 0.9034722222222222 0.49765625 0.9041666666666667 0.49453125 0.9090277777777778 0.490625 0.90625 0.4859375 0.8909722222222223 0.48671875 0.8861111111111111 0.49296875 0.8847222222222222
1 0.21328125 0.7215277777777778 0.2140625 0.7277777777777777 0.20703125 0.7368055555555556 0.20625 0.7458333333333333 0.20078125 0.7486111111111111 0.1984375 0.7472222222222222 0.19765625 0.7333333333333333 0.18984375 0.7305555555555555 0.18828125 0.7270833333333333 0.2125 0.7215277777777778
1 0.22734375 0.5520833333333334 0.23046875 0.55 0.24375 0.5513888888888889 0.2484375 0.55 0.246875 0.5638888888888889 0.24140625 0.5722222222222222 0.2265625 0.5645833333333333 0.225 0.5569444444444445 0.22734375 0.5527777777777778
1 0.21640625 0.5263888888888889 0.2234375 0.5305555555555556 0.2421875 0.5305555555555556 0.25546875 0.5333333333333333 0.2578125 0.5472222222222223 0.25 0.5548611111111111 0.24453125 0.5708333333333333 0.240625 0.5729166666666666 0.23671875 0.56875 0.23046875 0.5673611111111111 0.2265625 0.5638888888888889 0.225 0.5555555555555556 0.22890625 0.5430555555555555 0.215625 0.5319444444444444 0.2140625 0.5291666666666667 0.215625 0.5270833333333333
1 0.21640625 0.5256944444444445 0.22578125 0.5305555555555556 0.2546875 0.5326388888888889 0.25546875 0.5381944444444444 0.2515625 0.5465277777777777 0.246875 0.5486111111111112 0.23046875 0.5444444444444444 0.215625 0.5326388888888889 0.2140625 0.5298611111111111 0.215625 0.5263888888888889
1 0.49453125 0.13472222222222222 0.50390625 0.1375 0.50625 0.14027777777777778 0.50078125 0.15555555555555556 0.49453125 0.15486111111111112 0.4921875 0.1451388888888889 0.4796875 0.13680555555555557 0.48203125 0.13472222222222222 0.49375 0.13472222222222222
1 0.640625 0.06944444444444445 0.64375 0.07013888888888889 0.6453125 0.07430555555555556 0.64296875 0.07569444444444444 0.64296875 0.08125 0.63671875 0.09166666666666666 0.634375 0.08958333333333333 0.63671875 0.075 0.640625 0.07013888888888889
1 0.54609375 0.07430555555555556 0.553125 0.08402777777777778 0.54921875 0.09236111111111112 0.54453125 0.09652777777777778 0.53828125 0.09722222222222222 0.5328125 0.09444444444444444 0.5296875 0.08819444444444445 0.53203125 0.08333333333333333 0.540625 0.08125 0.5453125 0.075
1 0.2140625 0.07361111111111111 0.21484375 0.07916666666666666 0.2078125 0.08819444444444445 0.20234375 0.10277777777777777 0.19921875 0.10208333333333333 0.19609375 0.0875 0.1890625 0.08125 0.1921875 0.07847222222222222 0.20234375 0.07708333333333334 0.21015625 0.07291666666666667 0.21328125 0.07361111111111111
1 0.1703125 0.01597222222222222 0.18828125 0.018055555555555554 0.19453125 0.02361111111111111 0.19296875 0.04236111111111111 0.1859375 0.04652777777777778 0.1609375 0.044444444444444446 0.15234375 0.03819444444444445 0.1515625 0.03263888888888889 0.15859375 0.021527777777777778 0.16953125 0.01597222222222222
1 0.08203125 0.5979166666666667 0.071875 0.6090277777777777 0.06953125 0.6090277777777777 0.0671875 0.6013888888888889 0.0703125 0.5986111111111111 0.08125 0.5979166666666667
1 0.10234375 0.10208333333333333 0.121875 0.11180555555555556 0.12109375 0.11666666666666667 0.1125 0.11875 0.08671875 0.11805555555555555 0.0828125 0.11597222222222223 0.08984375 0.10555555555555556 0.1015625 0.10208333333333333
1 0.7625 0 0.7765625 0 0.77578125 0.009027777777777777 0.78125 0.01875 0.78046875 0.022222222222222223 0.77421875 0.02361111111111111 0.75703125 0.022222222222222223 0.7515625 0.01875 0.75078125 0.014583333333333334 0.7625 0.0006944444444444445
1 0.73671875 0 0.74140625 0 0.7421875 0.004861111111111111 0.74140625 0.008333333333333333 0.7375 0.009027777777777777 0.73671875 0.0006944444444444445
1 0.653125 0 0.6609375 0 0.6578125 0.009722222222222222 0.65390625 0.009027777777777777 0.653125 0.0006944444444444445
1 0.54375 0 0.55859375 0 0.559375 0.004861111111111111 0.546875 0.00625 0.54375 0.004861111111111111 0.54375 0.0006944444444444445