1 0.9484375 0.9006944444444445 0.9515625 0.9069444444444444 0.95078125 0.9159722222222222 0.94296875 0.9284722222222223 0.9359375 0.9326388888888889 0.93125 0.9180555555555555 0.93203125 0.9131944444444444 0.9390625 0.9041666666666667 0.94765625 0.9006944444444445
1 0.990234375 0.8503472222222223 0.01953125 0.024305555555555556
1 0.86953125 0.9034722222222222 0.8703125 0.9104166666666667 0.865625 0.9159722222222222 0.859375 0.9138888888888889 0.85703125 0.9041666666666667 0.86875 0.9034722222222222
1 0.89921875 0.8520833333333333 0.90390625 0.8520833333333333 0.90546875 0.8548611111111111 0.90390625 0.8659722222222223 0.90078125 0.8638888888888889 0.89921875 0.8527777777777777
1 0.96796875 0.7895833333333333 0.97109375 0.7909722222222222 0.97421875 0.8006944444444445 0.9671875 0.8083333333333333 0.96328125 0.8069444444444445 0.96328125 0.7979166666666667 0.96015625 0.7930555555555555 0.96015625 0.7902777777777777 0.9671875 0.7895833333333333
1 0.792578125 0.8697916666666666 0.03046875 0.011805555555555555
1 0.77578125 0.8069444444444445 0.7765625 0.8111111111111111 0.7734375 0.81875 0.76484375 0.8222222222222222 0.759375 0.8291666666666667 0.7546875 0.8277777777777777 0.7546875 0.8118055555555556 0.76015625 0.8104166666666667 0.765625 0.8125 0.775 0.8069444444444445
1 0.71796875 0.70625 0.73125 0.70625 0.740625 0.7125 0.74140625 0.7166666666666667 0.73125 0.7152777777777778 0.7296875 0.7284722222222222 0.7234375 0.7284722222222222 0.7203125 0.7270833333333333 0.72109375 0.7152777777777778 0.71796875 0.7069444444444445
1 0.609375 0.8152777777777778 0.61640625 0.8208333333333333 0.61796875 0.8270833333333333 0.61875 0.8423611111111111 0.6125 0.8451388888888889 0.6078125 0.8430555555555556 0.60546875 0.8375 0.6046875 0.8173611111111111 0.60859375 0.8152777777777778
1 0.59375 0.8243055555555555 0.59453125 0.8194444444444444 0.59765625 0.8166666666666667 0.60546875 0.8201388888888889 0.60546875 0.84375 0.60234375 0.8479166666666667 0.59453125 0.8298611111111112 0.59453125 0.825
1 0.6578125 0.7305555555555555 0.66796875 0.73125 0.6828125 0.7458333333333333 0.68203125 0.7486111111111111 0.6765625 0.75 0.66875 0.7479166666666667 0.659375 0.7486111111111111 0.65703125 0.74375 0.6578125 0.73125
1 0.6578125 0.7298611111111111 0.646875 0.7201388888888889 0.64921875 0.7111111111111111 0.65390625 0.7104166666666667 0.6578125 0.7291666666666666
1 0.77578125 0.5229166666666667 0.778125 0.5375 0.7828125 0.5409722222222222 0.7828125 0.5451388888888888 0.7734375 0.5513888888888889 0.7578125 0.5555555555555556 0.7546875 0.5555555555555556 0.75234375 0.5513888888888889 0.75859375 0.5333333333333333 0.765625 0.5381944444444444 0.76796875 0.5361111111111111 0.76484375 0.53125 0.765625 0.5256944444444445 0.771875 0.5263888888888889 0.775 0.5236111111111111
1 0.86796875 0.2659722222222222 0.87578125 0.26805555555555555 0.87265625 0.2798611111111111 0.86875 0.2798611111111111 0.8640625 0.27569444444444446 0.8625 0.26666666666666666 0.8671875 0.2659722222222222
1 0.90078125 0.2652777777777778 0.9 0.2722222222222222 0.896875 0.2722222222222222 0.89609375 0.26944444444444443 0.89609375 0.2652777777777778 0.9 0.2652777777777778
1 0.909375 0.21041666666666667 0.9109375 0.21666666666666667 0.9078125 0.22152777777777777 0.9046875 0.22013888888888888 0.90234375 0.21319444444444444 0.9046875 0.21041666666666667 0.90859375 0.21041666666666667
1 0.4921875 0.95 0.49609375 0.9520833333333333 0.49453125 0.9701388888888889 0.484375 0.9701388888888889 0.48203125 0.9673611111111111 0.48125 0.9527777777777777 0.48359375 0.95 0.49140625 0.95
1 0.49296875 0.8784722222222222 0.49765625 0.8819444444444444 0.5015625 0.8965277777777778 0.5015625 0.9069444444444444 0.49765625 0.9097222222222222 0.490625 0.9083333333333333 0.4875 0.9048611111111111 0.4875 0.89375 0.4828125 0.8833333333333333 0.484375 0.8763888888888889 0.4921875 0.8784722222222222
1 0.4875 0.8569444444444444 0.48828125 0.8625 0.48515625 0.8673611111111111 0.48828125 0.8729166666666667 0.49765625 0.8791666666666667 0.5015625 0.8972222222222223 0.50078125 0.9076388888888889 0.49375 0.9090277777777778 0.4875 0.9041666666666667 0.4875 0.89375 0.48203125 0.8840277777777777 0.4796875 0.8736111111111111 0.48125 0.8625 0.48671875 0.8576388888888888
1 0.4875 0.8548611111111111 0.48984375 0.8569444444444444 0.48984375 0.8618055555555556 0.48515625 0.8694444444444445 0.48515625 0.8736111111111111 0.48046875 0.8722222222222222 0.4796875 0.8645833333333334 0.48125 0.8569444444444444 0.48671875 0.8555555555555555
1 0.4875 0.7895833333333333 0.503125 0.7909722222222222 0.5 0.7986111111111112 0.5 0.8076388888888889 0.49453125 0.8083333333333333 0.490625 0.8069444444444445 0.49140625 0.7972222222222223 0.4875 0.7902777777777777
1 0.54296875 0.7284722222222222 0.55 0.7375 0.54375 0.7479166666666667 0.5359375 0.7513888888888889 0.52734375 0.7409722222222223 0.52890625 0.7375 0.53671875 0.7354166666666667 0.5421875 0.7291666666666666
1 0.554296875 0.65 0.02734375 0.027777777777777776
1 0.49453125 0.6354166666666666 0.50859375 0.6402777777777777 0.51015625 0.6465277777777778 0.50390625 0.6486111111111111 0.49765625 0.6541666666666667 0.49453125 0.6534722222222222 0.490625 0.6444444444444445 0.490625 0.6381944444444444 0.49375 0.6361111111111111
1 0.5125 0.5868055555555556 0.515625 0.5881944444444445 0.5046875 0.5979166666666667 0.5015625 0.5965277777777778 0.5015625 0.5881944444444445 0.51171875 0.5868055555555556
1 0.49453125 0.5159722222222223 0.49765625 0.5159722222222223 0.50625 0.5222222222222223 0.5203125 0.5222222222222223 0.5296875 0.5256944444444445 0.52734375 0.5305555555555556 0.515625 0.5333333333333333 0.50546875 0.5395833333333333 0.50078125 0.5395833333333333 0.4921875 0.5340277777777778 0.4953125 0.5263888888888889 0.49453125 0.5166666666666667
1 0.4890625 0.3819444444444444 0.49453125 0.38263888888888886 0.496875 0.3861111111111111 0.496875 0.3951388888888889 0.49375 0.39791666666666664 0.484375 0.3972222222222222 0.4828125 0.3854166666666667 0.48828125 0.3819444444444444
1 0.48125 0.35138888888888886 0.496875 0.35555555555555557 0.49453125 0.36736111111111114 0.48828125 0.36875 0.48203125 0.36736111111111114 0.4765625 0.35625 0.47578125 0.35208333333333336 0.48046875 0.35138888888888886
1 0.49609375 0.3076388888888889 0.50078125 0.30972222222222223 0.5015625 0.31319444444444444 0.4984375 0.33055555555555555 0.4875 0.3298611111111111 0.484375 0.3111111111111111 0.4875 0.30694444444444446 0.4953125 0.3076388888888889
1 0.9734375 0.17916666666666667 0.98046875 0.18611111111111112 0.9859375 0.20069444444444445 0.9859375 0.20416666666666666 0.98046875 0.20694444444444443 0.97421875 0.20625 0.96953125 0.19930555555555557 0.96171875 0.19583333333333333 0.9625 0.19236111111111112 0.9671875 0.18958333333333333 0.96875 0.18055555555555555 0.97265625 0.17916666666666667
1 0.52578125 0.22430555555555556 0.53359375 0.22361111111111112 0.5390625 0.2375 0.5375 0.25833333333333336 0.53515625 0.25833333333333336 0.53359375 0.25069444444444444 0.5296875 0.24861111111111112 0.525 0.2569444444444444 0.521875 0.25833333333333336 0.51875 0.25625 0.52578125 0.225
1 0.97109375 0.15 0.97734375 0.15694444444444444 0.978125 0.16111111111111112 0.9734375 0.1701388888888889 0.9703125 0.16944444444444445 0.96875 0.16180555555555556 0.96328125 0.15347222222222223 0.96328125 0.15069444444444444 0.9703125 0.15
1 0.5328125 0.22013888888888888 0.5359375 0.22291666666666668 0.5359375 0.23333333333333334 0.528125 0.23333333333333334 0.5234375 0.23055555555555557 0.5234375 0.22291666666666668 0.52890625 0.21944444444444444 0.53203125 0.22013888888888888
1 0.4875 0.22916666666666666 0.49609375 0.23055555555555557 0.5015625 0.23472222222222222 0.50546875 0.24791666666666667 0.5046875 0.2604166666666667 0.4921875 0.2590277777777778 0.4875 0.2298611111111111
1 0.77578125 0.16111111111111112 0.78046875 0.16111111111111112 0.7796875 0.1701388888888889 0.7765625 0.1736111111111111 0.77109375 0.175 0.7640625 0.18194444444444444 0.7609375 0.18194444444444444 0.7578125 0.17430555555555555 0.7578125 0.16597222222222222 0.76015625 0.16319444444444445 0.771875 0.16597222222222222 0.77578125 0.16180555555555556
1 0.484375 0.225 0.5015625 0.23055555555555557 0.503125 0.24444444444444444 0.5015625 0.24791666666666667 0.496875 0.24513888888888888 0.49453125 0.2548611111111111 0.484375 0.22569444444444445
1 0.49296875 0.2076388888888889 0.49453125 0.20972222222222223 0.490625 0.22013888888888888 0.5 0.22083333333333333 0.50390625 0.23055555555555557 0.49921875 0.2361111111111111 0.49140625 0.2375 0.4828125 0.22708333333333333 0.4828125 0.21944444444444444 0.48671875 0.20972222222222223 0.4921875 0.2076388888888889
1 0.49140625 0.20625 0.49453125 0.20833333333333334 0.49140625 0.21666666666666667 0.48828125 0.21805555555555556 0.484375 0.21666666666666667 0.4859375 0.20972222222222223 0.490625 0.20694444444444443
1 0.6125 0.19236111111111112 0.6078125 0.17847222222222223 0.6078125 0.1673611111111111 0.61171875 0.16458333333333333 0.615625 0.16458333333333333 0.61953125 0.16805555555555557 0.62265625 0.17569444444444443 0.62265625 0.19236111111111112 0.62109375 0.19375 0.61328125 0.19236111111111112
1 0.18828125 0.7270833333333333 0.209375 0.7208333333333333 0.21328125 0.7208333333333333 0.21484375 0.7229166666666667 0.2140625 0.7277777777777777 0.20703125 0.7368055555555556 0.20625 0.7451388888888889 0.203125 0.7493055555555556 0.1984375 0.7479166666666667 0.19765625 0.7333333333333333 0.1890625 0.7305555555555555 0.18828125 0.7277777777777777
1 0.25234375 0.5319444444444444 0.259375 0.5354166666666667 0.259375 0.5395833333333333 0.25 0.5520833333333334 0.24296875 0.5569444444444445 0.2390625 0.5652777777777778 0.234375 0.5673611111111111 0.2234375 0.5611111111111111 0.2234375 0.5548611111111111 0.2359375 0.5388888888888889 0.24453125 0.5319444444444444 0.2515625 0.5319444444444444
1 0.4984375 0.22152777777777777 0.5015625 0.22291666666666668 0.503125 0.23055555555555557 0.49921875 0.23402777777777778 0.4875 0.2326388888888889 0.4828125 0.2263888888888889 0.484375 0.21180555555555555 0.490625 0.20625 0.49453125 0.20625 0.49453125 0.21388888888888888 0.48984375 0.22152777777777777 0.49765625 0.22152777777777777
1 0.6046875 0.18368055555555557 0.0140625 0.034027777777777775
1 0.21640625 0.5284722222222222 0.221875 0.5319444444444444 0.2296875 0.5326388888888889 0.2484375 0.5305555555555556 0.259375 0.5354166666666667 0.259375 0.5395833333333333 0.2515625 0.55 0.24296875 0.55625 0.23828125 0.5659722222222222 0.23125 0.5666666666666667 0.2234375 0.5618055555555556 0.221875 0.5569444444444445 0.2265625 0.5493055555555556 0.225 0.5465277777777777 0.2171875 0.5458333333333333 0.21484375 0.54375 0.215625 0.5354166666666667 0.21328125 0.5291666666666667 0.215625 0.5291666666666667
1 0.675 0.08194444444444444 0.6828125 0.08958333333333333 0.68828125 0.09166666666666666 0.68671875 0.09513888888888888 0.67890625 0.09652777777777778 0.6640625 0.09375 0.6609375 0.09027777777777778 0.6609375 0.08402777777777778 0.66328125 0.08194444444444444 0.67421875 0.08194444444444444
1 0.73046875 0.050694444444444445 0.7375 0.052083333333333336 0.74375 0.059722222222222225 0.74375 0.06319444444444444 0.73828125 0.06180555555555556 0.7328125 0.06319444444444444 0.7328125 0.07361111111111111 0.73046875 0.0763888888888889 0.72265625 0.07430555555555556 0.725 0.0625 0.72109375 0.05416666666666667 0.72265625 0.050694444444444445 0.7296875 0.050694444444444445
1 0.48515625 0.13680555555555557 0.48984375 0.13541666666666666 0.50390625 0.13680555555555557 0.50546875 0.14097222222222222 0.50234375 0.15416666666666667 0.49765625 0.15555555555555556 0.49453125 0.15486111111111112 0.49453125 0.15069444444444444 0.4859375 0.1375
1 0.54609375 0.07430555555555556 0.553125 0.08333333333333333 0.55 0.09097222222222222 0.54453125 0.09583333333333334 0.5375 0.09652777777777778 0.5296875 0.08888888888888889 0.53046875 0.08472222222222223 0.54140625 0.08125 0.5453125 0.075
1 0.640625 0.06944444444444445 0.64296875 0.07291666666666667 0.6421875 0.08194444444444444 0.6390625 0.08402777777777778 0.63671875 0.09097222222222222 0.634375 0.09027777777777778 0.634375 0.08680555555555555 0.63984375 0.07013888888888889
1 0.21328125 0.07361111111111111 0.215625 0.07777777777777778 0.20703125 0.08958333333333333 0.20234375 0.10347222222222222 0.19921875 0.10277777777777777 0.19765625 0.09027777777777778 0.190625 0.08402777777777778 0.18984375 0.08055555555555556 0.19375 0.07777777777777778 0.2125 0.07361111111111111
1 0.65390625 0 0.6609375 0 0.6609375 0.004861111111111111 0.6578125 0.007638888888888889 0.65390625 0.005555555555555556 0.65390625 0.0006944444444444445
1 0.54375 0 0.56171875 0 0.5625 0.004861111111111111 0.54765625 0.00625 0.54453125 0.004861111111111111 0.54375 0.0006944444444444445
1 0.16953125 0.015277777777777777 0.178125 0.017361111111111112 0.1890625 0.01597222222222222 0.19609375 0.022222222222222223 0.19609375 0.02847222222222222 0.18984375 0.043055555555555555 0.1828125 0.04513888888888889 0.17578125 0.04236111111111111 0.1640625 0.04375 0.1515625 0.03958333333333333 0.1515625 0.029166666666666667 0.1640625 0.01597222222222222 0.16875 0.015277777777777777
1 0.08125 0.7673611111111112 0.08203125 0.775 0.078125 0.7784722222222222 0.07421875 0.7784722222222222 0.0734375 0.775 0.0765625 0.76875 0.08046875 0.7673611111111112
1 0.08125 0.5972222222222222 0.07890625 0.6027777777777777 0.071875 0.6090277777777777 0.06796875 0.6069444444444444 0.06796875 0.5986111111111111 0.08046875 0.5972222222222222
1 0.1046875 0.10347222222222222 0.12109375 0.1111111111111111 0.12109375 0.11666666666666667 0.11484375 0.11944444444444445 0.08828125 0.11944444444444445 0.0828125 0.11597222222222223 0.0953125 0.10347222222222222 0.10390625 0.10347222222222222
1 0.7828125 0.22708333333333333 0.78125 0.23055555555555557 0.78359375 0.2326388888888889 0.80234375 0.23333333333333334 0.81015625 0.23055555555555557 0.81328125 0.22291666666666668 0.809375 0.22083333333333333