1 0.89609375 0.9006944444444445 0.896875 0.9076388888888889 0.89375 0.9118055555555555 0.88984375 0.9041666666666667 0.89140625 0.9013888888888889 0.8953125 0.9006944444444445
1 0.8578125 0.9041666666666667 0.8703125 0.9048611111111111 0.86953125 0.9138888888888889 0.865625 0.9166666666666666 0.86015625 0.9145833333333333 0.8578125 0.9048611111111111
1 0.90390625 0.8666666666666667 0.90078125 0.8652777777777778 0.89921875 0.8520833333333333 0.90390625 0.8513888888888889 0.90546875 0.8534722222222222 0.9046875 0.8659722222222223
1 0.959375 0.7895833333333333 0.96875 0.7902777777777777 0.9734375 0.7958333333333333 0.9734375 0.8013888888888889 0.9703125 0.8069444444444445 0.965625 0.8083333333333333 0.959375 0.7902777777777777
1 0.77734375 0.8729166666666667 0.7796875 0.8694444444444445 0.79375 0.8673611111111111 0.80703125 0.8625 0.8078125 0.8666666666666667 0.80234375 0.8736111111111111 0.7828125 0.875 0.778125 0.8736111111111111
1 0.98984375 0.26180555555555557 0.99453125 0.2638888888888889 0.99375 0.2701388888888889 0.98984375 0.2722222222222222 0.98828125 0.26944444444444443 0.98984375 0.2625
1 0.71796875 0.70625 0.73125 0.70625 0.74140625 0.7131944444444445 0.74140625 0.7166666666666667 0.734375 0.7138888888888889 0.73046875 0.7159722222222222 0.73046875 0.7291666666666666 0.72734375 0.7298611111111111 0.721875 0.7270833333333333 0.721875 0.7166666666666667 0.71796875 0.7069444444444445
1 0.671875 0.7284722222222222 0.6734375 0.7305555555555555 0.671875 0.7381944444444445 0.67890625 0.7486111111111111 0.67890625 0.7520833333333333 0.671875 0.7493055555555556 0.6671875 0.7493055555555556 0.66484375 0.7520833333333333 0.65859375 0.7409722222222223 0.65703125 0.7298611111111111 0.67109375 0.7284722222222222
1 0.52578125 0.86875 0.5328125 0.8777777777777778 0.53203125 0.8986111111111111 0.52890625 0.8986111111111111 0.525 0.8944444444444445 0.521875 0.8840277777777777 0.51953125 0.8701388888888889 0.525 0.86875
1 0.655078125 0.7211805555555556 0.01640625 0.022916666666666665
1 0.7640625 0.5256944444444445 0.77265625 0.5284722222222222 0.77578125 0.5256944444444445 0.7765625 0.5354166666666667 0.7796875 0.5388888888888889 0.78359375 0.5395833333333333 0.784375 0.5423611111111111 0.7765625 0.55 0.75546875 0.55625 0.75234375 0.5479166666666667 0.75859375 0.5305555555555556 0.76171875 0.5368055555555555 0.76484375 0.5381944444444444 0.76796875 0.5361111111111111 0.76328125 0.5291666666666667 0.7640625 0.5263888888888889
1 0.9 0.2659722222222222 0.90078125 0.26875 0.89765625 0.27291666666666664 0.89609375 0.26666666666666666 0.89921875 0.2659722222222222
1 0.8625 0.26666666666666666 0.87265625 0.26666666666666666 0.87578125 0.26875 0.8734375 0.2777777777777778 0.86875 0.2791666666666667 0.8640625 0.2763888888888889 0.8625 0.2673611111111111
1 0.909375 0.21041666666666667 0.91171875 0.21319444444444444 0.9078125 0.2222222222222222 0.9046875 0.22152777777777777 0.903125 0.2125 0.90859375 0.21041666666666667
1 0.6109375 0.8159722222222222 0.6171875 0.8243055555555555 0.61953125 0.8416666666666667 0.61640625 0.8444444444444444 0.60859375 0.8430555555555556 0.6046875 0.8354166666666667 0.6046875 0.8173611111111111 0.61015625 0.8159722222222222
1 0.490625 0.9875 0.49453125 0.9944444444444445 0.49296875 0.9993055555555556 0.47578125 0.9993055555555556 0.475 0.9944444444444445 0.47734375 0.9923611111111111 0.48984375 0.9881944444444445
1 0.600390625 0.8336805555555555 0.01328125 0.034027777777777775
1 0.4859375 0.95 0.49609375 0.9555555555555556 0.49453125 0.9701388888888889 0.490625 0.9715277777777778 0.48359375 0.9694444444444444 0.48203125 0.9659722222222222 0.48046875 0.9513888888888888 0.48515625 0.95
1 0.63359375 0.7270833333333333 0.63671875 0.7263888888888889 0.63828125 0.7284722222222222 0.63359375 0.7423611111111111 0.63125 0.7423611111111111 0.63046875 0.7375 0.63359375 0.7277777777777777
1 0.8109375 0.22152777777777777 0.80859375 0.23055555555555557 0.78984375 0.23194444444444445 0.7828125 0.23125 0.78359375 0.22708333333333333 0.796875 0.22569444444444445 0.81015625 0.22152777777777777
1 0.9625 0.15069444444444444 0.9703125 0.15069444444444444 0.97734375 0.15763888888888888 0.9765625 0.16666666666666666 0.9703125 0.16875 0.96328125 0.15138888888888888
1 0.47265625 0.8763888888888889 0.4828125 0.8784722222222222 0.49453125 0.8770833333333333 0.49765625 0.8777777777777778 0.5 0.8819444444444444 0.49609375 0.8993055555555556 0.49296875 0.9041666666666667 0.4890625 0.9048611111111111 0.48359375 0.9006944444444445 0.48125 0.8868055555555555 0.47265625 0.8798611111111111 0.47265625 0.8770833333333333
1 0.471875 0.8763888888888889 0.49609375 0.8770833333333333 0.49921875 0.8791666666666667 0.49765625 0.8875 0.4828125 0.8868055555555555 0.471875 0.8798611111111111 0.471875 0.8770833333333333
1 0.48046875 0.8659722222222223 0.48125 0.8590277777777777 0.48515625 0.8555555555555555 0.4890625 0.8555555555555555 0.490625 0.8590277777777777 0.48671875 0.8652777777777778 0.48125 0.8659722222222223
1 0.48359375 0.7895833333333333 0.5015625 0.7909722222222222 0.50078125 0.8069444444444445 0.496875 0.8090277777777778 0.49140625 0.8076388888888889 0.49140625 0.7965277777777777 0.48359375 0.7930555555555555 0.48359375 0.7902777777777777
1 0.54296875 0.7284722222222222 0.55 0.7375 0.54296875 0.7486111111111111 0.5359375 0.7506944444444444 0.52734375 0.7416666666666667 0.5296875 0.7368055555555556 0.53828125 0.7347222222222223 0.5421875 0.7291666666666666
1 0.55703125 0.6354166666666666 0.56640625 0.6402777777777777 0.5640625 0.6444444444444445 0.5640625 0.6555555555555556 0.56015625 0.6590277777777778 0.55390625 0.6590277777777778 0.55078125 0.6625 0.5421875 0.6611111111111111 0.540625 0.6555555555555556 0.5421875 0.6465277777777778 0.55625 0.6361111111111111
1 0.49140625 0.6368055555555555 0.50078125 0.6368055555555555 0.5109375 0.6430555555555556 0.50859375 0.6493055555555556 0.5015625 0.6527777777777778 0.49609375 0.6527777777777778 0.49296875 0.6506944444444445 0.490625 0.64375 0.49140625 0.6375
1 0.51171875 0.5868055555555556 0.51484375 0.5881944444444445 0.5046875 0.5979166666666667 0.5015625 0.5972222222222222 0.5015625 0.5881944444444445 0.5109375 0.5868055555555556
1 0.49453125 0.5159722222222223 0.49765625 0.5159722222222223 0.5046875 0.5222222222222223 0.52109375 0.5222222222222223 0.5296875 0.5256944444444445 0.52890625 0.5298611111111111 0.52265625 0.5333333333333333 0.51484375 0.5340277777777778 0.50546875 0.5402777777777777 0.5 0.5402777777777777 0.49140625 0.5340277777777778 0.4953125 0.5256944444444445 0.49453125 0.5166666666666667
1 0.48828125 0.3680555555555556 0.49453125 0.3715277777777778 0.49609375 0.37777777777777777 0.49609375 0.39305555555555555 0.49453125 0.3972222222222222 0.49140625 0.39791666666666664 0.4796875 0.3972222222222222 0.475 0.3875 0.4671875 0.38333333333333336 0.465625 0.3798611111111111 0.46640625 0.37083333333333335 0.4734375 0.36944444444444446 0.47578125 0.37222222222222223 0.48046875 0.3729166666666667 0.4875 0.3680555555555556
1 0.49453125 0.35347222222222224 0.49453125 0.36875 0.4921875 0.3701388888888889 0.48359375 0.36736111111111114 0.48203125 0.3590277777777778 0.48515625 0.3541666666666667 0.49375 0.35347222222222224
1 0.490625 0.35347222222222224 0.4953125 0.35555555555555557 0.49453125 0.3951388888888889 0.490625 0.3972222222222222 0.48671875 0.39652777777777776 0.48359375 0.39166666666666666 0.465625 0.38125 0.46640625 0.36944444444444446 0.47734375 0.36736111111111114 0.48125 0.36319444444444443 0.4828125 0.35694444444444445 0.48984375 0.3541666666666667
1 0.49296875 0.30694444444444446 0.5015625 0.3104166666666667 0.4984375 0.33055555555555555 0.48828125 0.33055555555555555 0.48671875 0.3277777777777778 0.4875 0.3236111111111111 0.48359375 0.3104166666666667 0.48515625 0.30694444444444446 0.4921875 0.30694444444444446
1 0.52890625 0.21944444444444444 0.53671875 0.22847222222222222 0.53671875 0.2520833333333333 0.5328125 0.2520833333333333 0.528125 0.24791666666666667 0.5265625 0.2361111111111111 0.52265625 0.22847222222222222 0.52265625 0.22291666666666668 0.528125 0.22013888888888888
1 0.478125 0.2298611111111111 0.50234375 0.23055555555555557 0.50390625 0.24583333333333332 0.49453125 0.2569444444444444 0.4875 0.25416666666666665 0.4859375 0.24027777777777778 0.47734375 0.23402777777777778 0.47578125 0.23125 0.47734375 0.2298611111111111
1 0.77890625 0.16041666666666668 0.78046875 0.16111111111111112 0.77890625 0.17152777777777778 0.7625 0.18263888888888888 0.7578125 0.17847222222222223 0.75859375 0.16458333333333333 0.765625 0.16319444444444445 0.771875 0.16597222222222222 0.778125 0.16041666666666668
1 0.49453125 0.2076388888888889 0.49453125 0.21180555555555555 0.4890625 0.21736111111111112 0.484375 0.21666666666666667 0.484375 0.2125 0.4875 0.20833333333333334 0.49375 0.2076388888888889
1 0.6109375 0.19236111111111112 0.6078125 0.16805555555555557 0.61171875 0.16458333333333333 0.61640625 0.16527777777777777 0.6203125 0.1701388888888889 0.6234375 0.19236111111111112 0.62109375 0.19375 0.61171875 0.19236111111111112
1 0.60546875 0.1673611111111111 0.60859375 0.17152777777777778 0.61015625 0.18888888888888888 0.609375 0.19722222222222222 0.60546875 0.2 0.59765625 0.17847222222222223 0.59921875 0.16875 0.6015625 0.16666666666666666 0.6046875 0.1673611111111111
1 0.6109375 0.18263888888888888 0.0265625 0.03611111111111111
1 0.6609375 0.08055555555555556 0.67265625 0.08125 0.6828125 0.09513888888888888 0.68203125 0.1 0.675 0.09583333333333334 0.6671875 0.09930555555555555 0.66015625 0.08888888888888889 0.6609375 0.08125
1 0.72734375 0.050694444444444445 0.7375 0.052083333333333336 0.74453125 0.06041666666666667 0.74453125 0.06388888888888888 0.7375 0.06111111111111111 0.73359375 0.0625 0.73359375 0.07291666666666667 0.73046875 0.0763888888888889 0.72265625 0.075 0.72578125 0.06666666666666667 0.72109375 0.05277777777777778 0.72265625 0.050694444444444445 0.7265625 0.050694444444444445
1 0.49765625 0.8819444444444444 0.49921875 0.8916666666666667 0.4953125 0.9027777777777778 0.4921875 0.9055555555555556 0.4875 0.9048611111111111 0.48203125 0.8972222222222223 0.4828125 0.8881944444444444 0.49140625 0.8847222222222222 0.49453125 0.8854166666666666 0.49765625 0.8826388888888889
1 0.21328125 0.7215277777777778 0.2140625 0.7270833333333333 0.20703125 0.7361111111111112 0.203125 0.7486111111111111 0.19921875 0.7486111111111111 0.1984375 0.7465277777777778 0.19765625 0.7333333333333333 0.18984375 0.7305555555555555 0.18828125 0.7270833333333333 0.2125 0.7215277777777778
1 0.2109375 0.5326388888888889 0.23984375 0.5298611111111111 0.25703125 0.5305555555555556 0.25859375 0.5354166666666667 0.253125 0.5465277777777777 0.2484375 0.5513888888888889 0.23828125 0.5555555555555556 0.23359375 0.5645833333333333 0.22578125 0.5638888888888889 0.2234375 0.5604166666666667 0.21640625 0.5583333333333333 0.215625 0.5388888888888889 0.21171875 0.5333333333333333
1 0.4984375 0.1361111111111111 0.50390625 0.13819444444444445 0.50546875 0.14166666666666666 0.50234375 0.15416666666666667 0.49765625 0.15625 0.49453125 0.15486111111111112 0.4921875 0.14652777777777778 0.48203125 0.14097222222222222 0.48359375 0.13541666666666666 0.49765625 0.1361111111111111
1 0.54609375 0.07430555555555556 0.553125 0.08402777777777778 0.5484375 0.09236111111111112 0.54375 0.09652777777777778 0.53828125 0.09722222222222222 0.5296875 0.08888888888888889 0.53046875 0.08472222222222223 0.54140625 0.08125 0.5453125 0.075
1 0.63984375 0.06875 0.64296875 0.07430555555555556 0.64296875 0.08125 0.63671875 0.09236111111111112 0.634375 0.09166666666666666 0.63671875 0.07361111111111111 0.63984375 0.06944444444444445
1 0.6609375 0.05694444444444444 0.66171875 0.07083333333333333 0.66640625 0.07430555555555556 0.66328125 0.07777777777777778 0.675 0.08402777777777778 0.67578125 0.08819444444444445 0.68203125 0.09444444444444444 0.68203125 0.09930555555555555 0.67578125 0.09583333333333334 0.671875 0.09583333333333334 0.6671875 0.09930555555555555 0.65546875 0.08125 0.65859375 0.0763888888888889 0.6515625 0.06041666666666667 0.65390625 0.05625 0.66015625 0.05694444444444444
1 0.2546875 0.5298611111111111 0.25859375 0.5319444444444444 0.25859375 0.5347222222222222 0.25234375 0.5465277777777777 0.2484375 0.5506944444444445 0.240625 0.5527777777777778 0.2375 0.5527777777777778 0.23203125 0.5465277777777777 0.2171875 0.5465277777777777 0.21640625 0.5388888888888889 0.2109375 0.5326388888888889 0.23984375 0.5291666666666667 0.25390625 0.5298611111111111
1 0.215625 0.07430555555555556 0.21484375 0.0798611111111111 0.2078125 0.0875 0.203125 0.09791666666666667 0.19921875 0.09652777777777778 0.1984375 0.08680555555555555 0.18984375 0.08055555555555556 0.20859375 0.07361111111111111 0.21484375 0.07430555555555556
1 0.2578125 0.04652777777777778 0.2578125 0.05 0.24921875 0.05763888888888889 0.21640625 0.0763888888888889 0.20703125 0.08819444444444445 0.203125 0.09791666666666667 0.19921875 0.09652777777777778 0.19921875 0.08819444444444445 0.190625 0.08263888888888889 0.190625 0.07916666666666666 0.21484375 0.07291666666666667 0.25703125 0.04722222222222222
1 0.07734375 0.7680555555555556 0.08125 0.7680555555555556 0.08125 0.7763888888888889 0.078125 0.7784722222222222 0.07421875 0.7770833333333333 0.07734375 0.76875
1 0.07890625 0.5972222222222222 0.08203125 0.5986111111111111 0.07265625 0.6090277777777777 0.06953125 0.6083333333333333 0.0671875 0.6 0.078125 0.5972222222222222
1 0.7375 0 0.74140625 0 0.74140625 0.008333333333333333 0.7390625 0.009722222222222222 0.7359375 0.008333333333333333 0.7375 0.0006944444444444445
1 0.653125 0 0.66015625 0 0.65703125 0.009722222222222222 0.65390625 0.009027777777777777 0.653125 0.0006944444444444445
1 0.1015625 0.10277777777777777 0.11171875 0.10555555555555556 0.121875 0.1125 0.12109375 0.11666666666666667 0.11796875 0.11805555555555555 0.1046875 0.11944444444444445 0.09453125 0.11944444444444445 0.0875 0.11666666666666667 0.08984375 0.10416666666666667 0.10078125 0.10277777777777777
1 0.54296875 0 0.5625 0 0.5609375 0.005555555555555556 0.55 0.006944444444444444 0.54375 0.004861111111111111 0.54296875 0.0006944444444444445
1 0.759375 0.8104166666666667 0.76640625 0.8125 0.77265625 0.8069444444444445 0.77578125 0.8090277777777778 0.77421875 0.8180555555555555 0.76484375 0.8215277777777777 0.759375 0.8291666666666667 0.75625 0.8291666666666667 0.75390625 0.825 0.75390625 0.8138888888888889 0.75859375 0.8104166666666667
1 0.97421875 0.18055555555555555 0.97890625 0.18472222222222223 0.98671875 0.19930555555555557 0.9859375 0.20277777777777778 0.97890625 0.20694444444444443 0.9734375 0.20625 0.96796875 0.19791666666666666 0.9609375 0.19583333333333333 0.9609375 0.19236111111111112 0.96875 0.18541666666666667 0.96875 0.18125 0.9734375 0.18055555555555555