0 0.815755 0.985340 0.017795 0.014275
0 0.996202 0.805652 0.007595 0.010995
0 0.778212 0.985918 0.009115 0.010417
0 0.666124 0.924576 0.016710 0.021991
0 0.656576 0.924479 0.011068 0.022184
0 0.635634 0.914159 0.025174 0.021991
0 0.552409 0.967014 0.019314 0.017747
0 0.621202 0.796971 0.010200 0.011767
0 0.449870 0.975212 0.013021 0.021412
0 0.421441 0.994020 0.013455 0.011574
0 0.439670 0.963831 0.022135 0.016782
0 0.538520 0.803530 0.031467 0.027971
0 0.813043 0.621528 0.028863 0.018519
0 0.532118 0.784047 0.019531 0.012924
0 0.531684 0.762635 0.011285 0.022569
0 0.526259 0.767554 0.024306 0.028549
0 0.336046 0.967882 0.018446 0.018711
0 0.263780 0.964603 0.032769 0.017554
0 0.306858 0.847415 0.018663 0.033565
0 0.216363 0.982928 0.014323 0.011767
0 0.328234 0.710745 0.032769 0.016397
0 0.208550 0.898823 0.025608 0.018326
0 0.128038 0.965374 0.014757 0.024884
0 0.128255 0.965471 0.017361 0.025077
0 0.114692 0.953607 0.015408 0.008681
0 0.110677 0.978877 0.021267 0.041860
0 0.950412 0.607639 0.030165 0.022377
0 0.689453 0.588542 0.027778 0.030478
0 0.588108 0.609857 0.029080 0.014853
0 0.408637 0.684510 0.016059 0.019097
0 0.349501 0.711227 0.016276 0.016590
0 0.351020 0.683449 0.021050 0.021991
0 0.326389 0.705536 0.030382 0.006366
0 0.335938 0.675444 0.025174 0.015625
0 0.296766 0.673611 0.034505 0.024691
0 0.118273 0.973380 0.038628 0.047840
0 0.219401 0.683931 0.024306 0.022569
0 0.131185 0.673515 0.031901 0.024113
0 0.956055 0.362269 0.025391 0.017747
0 0.946398 0.334008 0.022569 0.020640
0 0.563151 0.378279 0.016493 0.021605
0 0.425781 0.380208 0.021701 0.013889
0 0.284505 0.470968 0.024740 0.027199
0 0.205729 0.381366 0.025608 0.016204
0 0.284614 0.304205 0.018880 0.026235
0 0.296007 0.292245 0.013889 0.023534
0 0.138780 0.455054 0.037109 0.032022
0 0.138455 0.374807 0.032118 0.022377
0 0.031141 0.789255 0.017578 0.018711
0 0.087565 0.382620 0.029297 0.014468
0 0.527018 0.207851 0.010634 0.010995
0 0.484266 0.206404 0.020182 0.014275
0 0.452040 0.228202 0.026476 0.035880
0 0.990017 0.145640 0.019965 0.030864
0 0.551758 0.176215 0.020616 0.023727
0 0.519640 0.172840 0.026259 0.018904
0 0.479818 0.180652 0.020399 0.013310
0 0.496419 0.169850 0.021918 0.014082
0 0.462674 0.163870 0.023003 0.021412
0 0.432617 0.176119 0.026693 0.030478
0 0.490777 0.145255 0.020182 0.011960
0 0.487413 0.154417 0.037326 0.028742
0 0.572591 0.102045 0.008464 0.008488
0 0.563911 0.102045 0.025391 0.008488
0 0.639974 0.063175 0.012587 0.009838
0 0.818793 0.042631 0.024740 0.013503
0 0.468641 0.159819 0.032335 0.028356
0 0.560004 0.101948 0.018012 0.007523
0 0.398763 0.174961 0.021484 0.020062
0 0.453668 0.120660 0.022786 0.018711
0 0.469618 0.115355 0.012153 0.019290
0 0.541884 0.081019 0.019965 0.015818
0 0.492079 0.077836 0.010634 0.017940
0 0.546766 0.057774 0.021050 0.014853
0 0.442600 0.072724 0.014540 0.019676
0 0.403754 0.076871 0.009766 0.018326
0 0.012478 0.530093 0.024957 0.038580
0 0.032335 0.421007 0.011285 0.019483
0 0.059787 0.375675 0.029731 0.026427
0 0.024523 0.422068 0.028646 0.019290
0 0.265082 0.152778 0.039714 0.010031
0 0.340386 0.073206 0.020182 0.024884
0 0.229926 0.274402 0.018012 0.017554
0 0.028429 0.374711 0.041667 0.016011
0 0.017253 0.348573 0.022786 0.021219
0 0.766059 0.029900 0.034288 0.019676
0 0.489149 0.041667 0.011285 0.020062
0 0.468533 0.038870 0.021267 0.017940
0 0.443576 0.377797 0.015625 0.021412
0 0.919271 0.974537 0.019531 0.027006
