0 0.913954 0.975116 0.031467 0.027392
0 0.814670 0.985340 0.018229 0.013503
0 0.996419 0.805073 0.006727 0.011381
0 0.778103 0.984761 0.009766 0.007716
0 0.662652 0.924190 0.023220 0.021605
0 0.656684 0.925058 0.011719 0.021412
0 0.634115 0.920235 0.023872 0.010995
0 0.637153 0.912037 0.027778 0.022377
0 0.552517 0.967593 0.019531 0.018133
0 0.449436 0.974633 0.014323 0.021412
0 0.421332 0.994213 0.013238 0.011188
0 0.439345 0.964410 0.021484 0.016782
0 0.540365 0.802373 0.028646 0.026427
0 0.813368 0.620949 0.029080 0.017747
0 0.531793 0.783083 0.019748 0.012153
0 0.521484 0.801119 0.024740 0.022762
0 0.520399 0.798611 0.023872 0.018133
0 0.531684 0.801794 0.046007 0.026813
0 0.525174 0.767940 0.026476 0.027778
0 0.335829 0.967978 0.018880 0.018904
0 0.264648 0.964699 0.030599 0.018133
0 0.306749 0.847222 0.018446 0.033179
0 0.215495 0.983121 0.013455 0.010995
0 0.327908 0.710841 0.032552 0.016204
0 0.209310 0.898727 0.024089 0.017747
0 0.114800 0.953704 0.015625 0.007716
0 0.114692 0.953607 0.015842 0.009838
0 0.950195 0.607735 0.031901 0.021798
0 0.956163 0.362558 0.026042 0.019483
0 0.959418 0.346065 0.033854 0.016590
0 0.955729 0.338927 0.040799 0.029321
0 0.947700 0.333816 0.025174 0.020640
0 0.688694 0.588156 0.026693 0.020448
0 0.582899 0.607639 0.015625 0.010417
0 0.587891 0.608989 0.025174 0.013503
0 0.408854 0.684221 0.016927 0.019290
0 0.350586 0.711613 0.017578 0.017361
0 0.324002 0.705054 0.026042 0.005787
0 0.334961 0.675637 0.025825 0.015625
0 0.563260 0.378376 0.016276 0.021798
0 0.444444 0.377508 0.013455 0.021219
0 0.425130 0.380305 0.022135 0.014853
0 0.484049 0.207272 0.021484 0.013696
0 0.452365 0.228106 0.026259 0.036458
0 0.551541 0.176312 0.020182 0.023920
0 0.519640 0.172840 0.026693 0.018904
0 0.351128 0.683835 0.020833 0.021991
0 0.496311 0.169753 0.021267 0.014275
0 0.479709 0.181038 0.020182 0.012924
0 0.463542 0.164255 0.023872 0.023341
0 0.431858 0.176408 0.023003 0.029900
0 0.492513 0.148052 0.025825 0.017168
0 0.572266 0.101755 0.009115 0.009066
0 0.561632 0.102334 0.012587 0.007523
0 0.565321 0.102141 0.020833 0.008681
0 0.640299 0.063465 0.012370 0.008873
0 0.296875 0.672840 0.034288 0.023148
0 0.117839 0.973476 0.039497 0.048418
0 0.219293 0.684414 0.022786 0.019290
0 0.131185 0.673129 0.031901 0.022184
0 0.205838 0.380980 0.025825 0.016590
0 0.284288 0.304688 0.018229 0.024113
0 0.398655 0.174961 0.021267 0.020062
0 0.453776 0.121431 0.022569 0.017554
0 0.469510 0.115355 0.011502 0.019290
0 0.540582 0.080536 0.022569 0.014853
0 0.491862 0.078029 0.011502 0.018711
0 0.546224 0.057581 0.022135 0.014468
0 0.284831 0.472608 0.024957 0.028935
0 0.296007 0.292535 0.013889 0.022955
0 0.131293 0.464603 0.023872 0.014468
0 0.139540 0.453993 0.036024 0.032600
0 0.136610 0.374614 0.035373 0.022762
0 0.031033 0.789255 0.019965 0.019097
0 0.088542 0.381655 0.030816 0.014468
0 0.060872 0.375000 0.030599 0.026620
0 0.005425 0.423997 0.010851 0.006559
0 0.023329 0.421296 0.030165 0.021605
0 0.229601 0.273920 0.017361 0.016590
0 0.265516 0.150463 0.037977 0.011574
0 0.442817 0.072338 0.014540 0.018519
0 0.403754 0.076968 0.009766 0.017747
0 0.340603 0.072434 0.020182 0.024884
0 0.489149 0.041570 0.010851 0.019869
0 0.469076 0.039255 0.022352 0.019097
0 0.032227 0.375579 0.033637 0.013503
0 0.018663 0.348476 0.022135 0.022955
0 0.526801 0.209973 0.012370 0.009838
0 0.012478 0.537519 0.024957 0.024884
