0 0.914062 0.975116 0.031684 0.027778
0 0.817491 0.985340 0.020833 0.013503
0 0.996202 0.806424 0.007161 0.007523
0 0.779080 0.985050 0.007378 0.008681
0 0.666124 0.924383 0.016276 0.021991
0 0.656901 0.924286 0.012153 0.021798
0 0.636068 0.913387 0.024740 0.023534
0 0.552300 0.967110 0.019097 0.017168
0 0.449653 0.975598 0.013455 0.021026
0 0.425456 0.994213 0.020616 0.011188
0 0.439779 0.964217 0.023220 0.015625
0 0.537760 0.802951 0.033420 0.026427
0 0.813477 0.620949 0.028863 0.018133
0 0.531359 0.783275 0.019748 0.012153
0 0.950304 0.607253 0.030382 0.023148
0 0.955729 0.363233 0.025174 0.019676
0 0.955729 0.338735 0.040799 0.028935
0 0.532118 0.801987 0.045139 0.027585
0 0.531684 0.797550 0.046007 0.036458
0 0.525608 0.766107 0.025608 0.030671
0 0.688151 0.589796 0.023003 0.017940
0 0.335938 0.968075 0.018663 0.018711
0 0.588542 0.608025 0.028646 0.011574
0 0.409288 0.684414 0.017361 0.018133
0 0.351888 0.711806 0.016710 0.017747
0 0.328342 0.710841 0.032118 0.016204
0 0.336155 0.674576 0.023872 0.016204
0 0.563043 0.378472 0.016710 0.021605
0 0.444227 0.377604 0.013889 0.020640
0 0.423286 0.379823 0.027127 0.015818
0 0.484158 0.206887 0.020833 0.014853
0 0.452582 0.228009 0.024957 0.036265
0 0.989909 0.145930 0.019748 0.029514
0 0.551541 0.176408 0.021918 0.024113
0 0.551649 0.176022 0.020399 0.023727
0 0.519640 0.173515 0.026259 0.017554
0 0.519640 0.173225 0.025825 0.018133
0 0.306532 0.847222 0.018446 0.033565
0 0.351237 0.683642 0.020182 0.021605
0 0.479492 0.180363 0.020182 0.013117
0 0.496202 0.169560 0.019748 0.014275
0 0.437609 0.180363 0.014106 0.015432
0 0.462674 0.163580 0.014323 0.022377
0 0.476345 0.159144 0.016927 0.026235
0 0.428385 0.176119 0.019097 0.030093
0 0.488281 0.148727 0.033854 0.018519
0 0.572374 0.101659 0.008464 0.008102
0 0.572374 0.102045 0.008898 0.008873
0 0.563585 0.102045 0.022569 0.008102
0 0.640625 0.063175 0.011285 0.009838
0 0.216146 0.982928 0.012153 0.011381
0 0.209744 0.898438 0.023220 0.016782
0 0.296115 0.671393 0.034505 0.020255
0 0.217882 0.683353 0.025174 0.021798
0 0.284614 0.472319 0.024523 0.030285
0 0.129340 0.961998 0.012587 0.016975
0 0.205729 0.381559 0.025174 0.016204
0 0.284614 0.304398 0.018446 0.025849
0 0.295898 0.292631 0.014106 0.023148
0 0.398655 0.174961 0.021267 0.020062
0 0.455078 0.121238 0.022135 0.017554
0 0.469510 0.115258 0.011502 0.019483
0 0.540582 0.080440 0.022135 0.015046
0 0.491536 0.077932 0.011285 0.018133
0 0.546549 0.057485 0.021918 0.014275
0 0.326280 0.705922 0.031033 0.007909
0 0.113824 0.954765 0.015842 0.010995
0 0.130751 0.673129 0.031033 0.022184
0 0.138238 0.454090 0.035156 0.034722
0 0.140516 0.374711 0.026693 0.022184
0 0.030707 0.789062 0.018880 0.019097
0 0.087999 0.382041 0.028429 0.013696
0 0.442708 0.073206 0.014323 0.018326
0 0.403646 0.076968 0.009549 0.018133
0 0.033203 0.422164 0.011285 0.018326
0 0.023112 0.422743 0.030599 0.018711
0 0.279514 0.153742 0.011719 0.005401
0 0.340603 0.073110 0.020182 0.025463
0 0.006619 0.424865 0.013238 0.009066
0 0.230035 0.273341 0.016493 0.015046
0 0.061089 0.375579 0.037977 0.025849
0 0.017795 0.348765 0.022135 0.021605
0 0.017795 0.348669 0.022135 0.021798
0 0.488607 0.041474 0.010634 0.020062
0 0.478299 0.178819 0.020399 0.014275
0 0.468859 0.039255 0.021918 0.019097
0 0.012153 0.537326 0.024306 0.024113
0 0.527344 0.209780 0.012587 0.010224
