0 0.815864 0.984568 0.017578 0.013889
0 0.995551 0.805073 0.008464 0.012153
0 0.778429 0.985147 0.008681 0.008488
0 0.662977 0.924672 0.023003 0.021798
0 0.656684 0.924769 0.011719 0.021991
0 0.635308 0.913870 0.027127 0.022955
0 0.552734 0.968075 0.019965 0.017554
0 0.621094 0.796682 0.010417 0.011574
0 0.449870 0.973669 0.014757 0.023727
0 0.421766 0.994117 0.015408 0.011381
0 0.439453 0.964313 0.023003 0.016204
0 0.537326 0.802276 0.032986 0.025849
0 0.813477 0.621238 0.029731 0.018326
0 0.531793 0.783565 0.020182 0.012731
0 0.532444 0.801505 0.042752 0.026620
0 0.531359 0.801215 0.045790 0.027585
0 0.525716 0.768422 0.027561 0.027585
0 0.336046 0.967882 0.018446 0.018711
0 0.263563 0.965471 0.028429 0.016975
0 0.306532 0.847608 0.018880 0.033565
0 0.215603 0.982928 0.012804 0.010995
0 0.588433 0.607639 0.027561 0.010802
0 0.350586 0.711516 0.017578 0.016782
0 0.328125 0.710841 0.032986 0.016590
0 0.210286 0.897955 0.022135 0.017361
0 0.129232 0.965760 0.015408 0.024498
0 0.128581 0.965856 0.014974 0.024691
0 0.111003 0.989680 0.014540 0.020255
0 0.950087 0.607832 0.029514 0.021991
0 0.955946 0.363040 0.024740 0.018519
0 0.959527 0.343943 0.033637 0.018133
0 0.955946 0.339024 0.040799 0.028742
0 0.946398 0.334105 0.022569 0.020448
0 0.690213 0.587577 0.027127 0.021605
0 0.609701 0.604360 0.013238 0.004244
0 0.408746 0.684317 0.016710 0.019097
0 0.350911 0.682002 0.020399 0.024113
0 0.326172 0.705536 0.029948 0.005980
0 0.334635 0.675829 0.024306 0.015239
0 0.296766 0.673708 0.034505 0.024113
0 0.114909 0.953221 0.016276 0.008681
0 0.118707 0.973669 0.039062 0.048032
0 0.219076 0.683546 0.023655 0.021026
0 0.131727 0.672936 0.031250 0.022955
0 0.563151 0.378472 0.016493 0.021605
0 0.444553 0.377604 0.013238 0.020640
0 0.426215 0.380594 0.019097 0.015432
0 0.284939 0.472126 0.025608 0.029900
0 0.205729 0.381366 0.025608 0.016590
0 0.284180 0.304977 0.018012 0.026620
0 0.295898 0.292342 0.014106 0.022569
0 0.138563 0.453414 0.036241 0.036073
0 0.137695 0.374421 0.031901 0.022377
0 0.031141 0.789545 0.018880 0.018133
0 0.088108 0.382427 0.029080 0.013310
0 0.012261 0.530285 0.024523 0.037809
0 0.060981 0.375772 0.028212 0.023534
0 0.003581 0.423515 0.007161 0.007909
0 0.051107 0.375193 0.046224 0.025463
0 0.046984 0.375289 0.056207 0.025656
0 0.527018 0.208623 0.011068 0.010995
0 0.484375 0.207369 0.021701 0.013889
0 0.451714 0.228009 0.027561 0.035880
0 0.551541 0.176022 0.020182 0.023341
0 0.519748 0.172840 0.026042 0.018904
0 0.479492 0.181038 0.019314 0.012539
0 0.495660 0.169850 0.020399 0.013696
0 0.464952 0.163677 0.024089 0.021798
0 0.431532 0.176119 0.024523 0.030478
0 0.492405 0.147666 0.026042 0.016397
0 0.564779 0.102045 0.021050 0.008488
0 0.640191 0.062500 0.011719 0.010031
0 0.398655 0.175058 0.021267 0.019869
0 0.453885 0.121817 0.021918 0.016397
0 0.469401 0.115162 0.011719 0.019290
0 0.540473 0.080440 0.022352 0.015046
0 0.491862 0.078029 0.011502 0.018711
0 0.546224 0.057485 0.021701 0.014275
0 0.229601 0.274016 0.017361 0.015239
0 0.279948 0.153453 0.010417 0.005594
0 0.265734 0.152103 0.036241 0.009066
0 0.442817 0.072820 0.014540 0.019097
0 0.403754 0.076968 0.009766 0.018133
0 0.340169 0.073013 0.019314 0.024884
0 0.767904 0.030575 0.028863 0.018711
0 0.717448 0.027681 0.018229 0.016782
0 0.034505 0.374325 0.038628 0.019869
0 0.488498 0.041377 0.010417 0.019869
0 0.017578 0.348862 0.028212 0.023727
0 0.468641 0.039255 0.021484 0.018326
0 0.021376 0.422357 0.036241 0.019097
0 0.913737 0.975309 0.032335 0.028935
