0 0.778103 0.922164 0.023655 0.027199
0 0.799045 0.727238 0.018663 0.027392
0 0.785807 0.721836 0.019965 0.026620
0 0.773655 0.725116 0.019965 0.028935
0 0.785916 0.724730 0.043620 0.032407
0 0.598633 0.908758 0.041884 0.019290
0 0.715603 0.715664 0.031033 0.025077
0 0.691732 0.716532 0.018446 0.021412
0 0.859918 0.485532 0.011068 0.009259
0 0.779622 0.492188 0.014540 0.010610
0 0.605686 0.628472 0.037760 0.024306
0 0.702365 0.486593 0.016710 0.024884
0 0.685655 0.488426 0.011068 0.020833
0 0.639540 0.478395 0.019531 0.024691
0 0.620985 0.484954 0.011936 0.022377
0 0.443142 0.988137 0.027344 0.023341
0 0.393446 0.851177 0.014757 0.016397
0 0.355252 0.890046 0.019097 0.012731
0 0.589735 0.486497 0.021050 0.021219
0 0.715929 0.397762 0.020399 0.026620
0 0.710503 0.397569 0.012153 0.025463
0 0.562283 0.478299 0.011285 0.021798
0 0.600152 0.454572 0.016710 0.027199
0 0.683702 0.386960 0.021918 0.009259
0 0.676649 0.401138 0.027778 0.021412
0 0.649306 0.419271 0.039497 0.026813
0 0.649197 0.419367 0.038411 0.026620
0 0.649197 0.418885 0.038411 0.027585
0 0.663194 0.400849 0.025174 0.021219
0 0.702691 0.368634 0.013889 0.014660
0 0.647569 0.393904 0.019965 0.022377
0 0.613498 0.405285 0.019531 0.027006
0 0.651584 0.368345 0.024523 0.016011
0 0.337348 0.882716 0.022786 0.026235
0 0.473850 0.489101 0.011502 0.021412
0 0.482530 0.480035 0.011068 0.019869
0 0.645942 0.366609 0.014540 0.012539
0 0.577257 0.398823 0.020399 0.029128
0 0.559028 0.392650 0.013021 0.026427
0 0.551432 0.393133 0.025608 0.024691
0 0.617188 0.351370 0.016927 0.026813
0 0.601888 0.346258 0.015408 0.026235
0 0.781359 0.211130 0.024089 0.027971
0 0.367296 0.982832 0.015408 0.027006
0 0.448568 0.828414 0.026910 0.032986
0 0.344835 0.882620 0.037326 0.026042
0 0.282444 0.890143 0.015842 0.016782
0 0.271484 0.904128 0.015625 0.024691
0 0.273003 0.822724 0.029514 0.031250
0 0.215929 0.895158 0.015625 0.025656
0 0.184462 0.973862 0.014757 0.026427
0 0.206055 0.892554 0.018012 0.025463
0 0.167969 0.891204 0.045139 0.021991
0 0.121853 0.971836 0.018446 0.022762
0 0.141602 0.886092 0.031033 0.032986
0 0.135525 0.838349 0.023655 0.014275
0 0.118056 0.886671 0.025174 0.028356
0 0.581489 0.303337 0.021050 0.014853
0 0.452582 0.280575 0.016710 0.026042
0 0.320855 0.484857 0.017578 0.024884
0 0.324870 0.354552 0.012153 0.023534
0 0.447700 0.279514 0.026476 0.030478
0 0.370877 0.273341 0.014757 0.026620
0 0.616102 0.193576 0.021701 0.017940
0 0.602322 0.191358 0.041450 0.020833
0 0.358398 0.176312 0.019748 0.013503
0 0.340712 0.170621 0.025608 0.027199
0 0.234484 0.484568 0.019748 0.018519
0 0.274414 0.194252 0.016710 0.024691
0 0.285699 0.179012 0.016276 0.015818
0 0.106771 0.832176 0.011719 0.006559
0 0.106662 0.890239 0.044922 0.032407
0 0.187174 0.275174 0.014974 0.027971
0 0.125434 0.279225 0.021701 0.022569
0 0.218207 0.188850 0.015408 0.025849
0 0.207248 0.187018 0.017795 0.024884
0 0.170464 0.189815 0.045356 0.023148
0 0.802951 0.012828 0.017795 0.025656
0 0.780816 0.011285 0.028212 0.022569
0 0.722765 0.004919 0.022786 0.009838
0 0.711480 0.004919 0.044488 0.009838
0 0.711589 0.005015 0.044705 0.010031
0 0.143012 0.187596 0.032118 0.032600
0 0.120551 0.188465 0.026693 0.028935
0 0.107639 0.195505 0.045573 0.034529
0 0.395725 0.134356 0.014974 0.019097
0 0.456055 0.108121 0.016710 0.032600
0 0.444227 0.109279 0.016927 0.029128
0 0.273329 0.110050 0.030599 0.031057
0 0.110677 0.198785 0.051215 0.043403
0 0.134332 0.137731 0.026042 0.015818
0 0.106445 0.134066 0.012370 0.006559
0 0.694553 0.004437 0.010634 0.008873
0 0.070530 0.150559 0.024306 0.035301
0 0.391819 0.414545 0.014106 0.009645
0 0.433051 0.458526 0.006727 0.006559
0 0.525282 0.597512 0.016710 0.028356
0 0.542209 0.597126 0.017578 0.024113
0 0.070204 0.845293 0.023220 0.038966
0 0.691840 0.621142 0.023438 0.041667
0 0.736437 0.638214 0.012804 0.007523
