0 0.777561 0.922164 0.022569 0.027199
0 0.799045 0.727623 0.018229 0.027778
0 0.785590 0.722222 0.013021 0.023920
0 0.784288 0.724633 0.014323 0.026813
0 0.598741 0.908179 0.042101 0.019676
0 0.777778 0.724923 0.029080 0.028935
0 0.773329 0.724923 0.019314 0.028935
0 0.777235 0.724730 0.027995 0.029321
0 0.715712 0.715760 0.030816 0.025270
0 0.691732 0.716532 0.018446 0.021412
0 0.727214 0.625482 0.048611 0.030285
0 0.717665 0.604456 0.026042 0.014082
0 0.691189 0.620177 0.023438 0.040123
0 0.780165 0.491802 0.016059 0.009838
0 0.449002 0.989969 0.017795 0.019676
0 0.443251 0.988040 0.027561 0.023534
0 0.436632 0.987944 0.014757 0.023727
0 0.606337 0.628376 0.039497 0.024113
0 0.601888 0.628279 0.032335 0.023920
0 0.702691 0.486593 0.014757 0.024498
0 0.685872 0.487944 0.011502 0.020255
0 0.534180 0.595390 0.034505 0.030671
0 0.640408 0.477623 0.021701 0.026235
0 0.620877 0.485050 0.011719 0.022569
0 0.589301 0.486400 0.020182 0.021412
0 0.720812 0.398630 0.011502 0.024884
0 0.367296 0.982832 0.015408 0.027392
0 0.335938 0.882812 0.022569 0.025656
0 0.343967 0.882909 0.038194 0.026235
0 0.711046 0.397377 0.012804 0.026235
0 0.562391 0.478492 0.010200 0.021798
0 0.600152 0.454186 0.016710 0.027199
0 0.649306 0.419174 0.039931 0.026235
0 0.673286 0.401427 0.033203 0.020448
0 0.684136 0.387249 0.022786 0.010224
0 0.666558 0.400752 0.031467 0.021026
0 0.702691 0.368345 0.013889 0.014468
0 0.647569 0.394290 0.020833 0.023534
0 0.613498 0.404803 0.019965 0.028356
0 0.656684 0.368152 0.014757 0.016011
0 0.473850 0.489005 0.011502 0.021605
0 0.651259 0.368056 0.025174 0.015818
0 0.645508 0.366319 0.014974 0.012731
0 0.551866 0.392940 0.026042 0.026235
0 0.618056 0.351080 0.017795 0.028164
0 0.598090 0.345679 0.019965 0.027392
0 0.781250 0.211130 0.023438 0.028356
0 0.393229 0.851466 0.014323 0.016975
0 0.355469 0.890143 0.019097 0.012539
0 0.283420 0.890143 0.017361 0.015625
0 0.271701 0.903549 0.016059 0.024691
0 0.184462 0.973958 0.015191 0.026620
0 0.211263 0.894387 0.025391 0.026427
0 0.172092 0.890143 0.043837 0.019097
0 0.121853 0.972029 0.018880 0.022377
0 0.162977 0.890625 0.062934 0.027778
0 0.482530 0.480324 0.011502 0.020448
0 0.577040 0.398245 0.020399 0.028742
0 0.558919 0.392843 0.013238 0.026813
0 0.581489 0.303241 0.021050 0.015046
0 0.453451 0.281154 0.016276 0.026813
0 0.321072 0.484664 0.018012 0.024498
0 0.324653 0.354360 0.012153 0.023920
0 0.441081 0.279225 0.013672 0.030671
0 0.370877 0.273341 0.014757 0.026620
0 0.602431 0.191262 0.041667 0.019869
0 0.358290 0.176890 0.020399 0.013503
0 0.339952 0.170139 0.024089 0.025463
0 0.142687 0.887924 0.032769 0.038194
0 0.141168 0.879437 0.030599 0.023148
0 0.107639 0.832562 0.010851 0.006944
0 0.118273 0.887828 0.027344 0.023727
0 0.107856 0.892072 0.048177 0.027971
0 0.187174 0.275270 0.014540 0.028549
0 0.347548 0.173225 0.039714 0.032407
0 0.274523 0.194252 0.016927 0.024691
0 0.285699 0.178819 0.016276 0.016590
0 0.217556 0.188754 0.016710 0.025656
0 0.206923 0.188272 0.015408 0.025077
0 0.802192 0.013021 0.019748 0.026042
0 0.780816 0.011285 0.027778 0.022569
0 0.722982 0.005015 0.022352 0.010031
0 0.718641 0.005015 0.030599 0.010031
0 0.694444 0.004437 0.010417 0.008873
0 0.694336 0.004340 0.010200 0.008681
0 0.120009 0.913194 0.044271 0.026235
0 0.125326 0.279321 0.021918 0.022377
0 0.168945 0.189525 0.047092 0.022955
0 0.121528 0.213831 0.044705 0.031829
0 0.395725 0.134163 0.015408 0.017554
0 0.143338 0.186343 0.031901 0.033179
0 0.159288 0.185860 0.064670 0.031057
0 0.120985 0.190297 0.027127 0.026042
0 0.456055 0.108025 0.016710 0.032407
0 0.444444 0.108989 0.017361 0.029707
0 0.273655 0.108893 0.030816 0.033372
0 0.108832 0.196084 0.049262 0.033758
0 0.134223 0.137635 0.025825 0.015625
0 0.106228 0.134066 0.013238 0.006944
0 0.070638 0.150752 0.024089 0.035687
0 0.135634 0.838445 0.023872 0.014082
0 0.671115 0.624807 0.027561 0.011574
0 0.414388 0.416474 0.017144 0.010417
0 0.392687 0.414545 0.011936 0.008102
0 0.433160 0.458526 0.006944 0.005787
0 0.441515 0.828897 0.014974 0.029707
0 0.454536 0.828704 0.015408 0.033565
0 0.279948 0.825450 0.016493 0.032073
0 0.267687 0.819830 0.020182 0.030864
