0 0.777561 0.922068 0.022135 0.027392
0 0.798828 0.727527 0.016493 0.027585
0 0.783637 0.724730 0.017361 0.028164
0 0.598633 0.908372 0.041884 0.019290
0 0.773980 0.724923 0.020182 0.029321
0 0.715712 0.715760 0.031250 0.024884
0 0.691732 0.716532 0.018446 0.021412
0 0.726888 0.624807 0.049696 0.032022
0 0.718207 0.604263 0.025391 0.014853
0 0.691081 0.620563 0.023655 0.040509
0 0.861545 0.485436 0.010417 0.009838
0 0.780165 0.492188 0.016059 0.010995
0 0.443468 0.988040 0.028429 0.023534
0 0.453668 0.827932 0.017144 0.032793
0 0.606445 0.628279 0.041016 0.024306
0 0.702365 0.486690 0.014106 0.024691
0 0.685438 0.488522 0.011068 0.021026
0 0.536458 0.594039 0.038194 0.032986
0 0.640408 0.478588 0.021267 0.024306
0 0.621094 0.484954 0.012153 0.022377
0 0.590169 0.486497 0.021050 0.021219
0 0.720812 0.398727 0.011068 0.025077
0 0.343859 0.882620 0.038845 0.026042
0 0.711155 0.397473 0.013021 0.026427
0 0.600260 0.454379 0.016493 0.027199
0 0.677734 0.401235 0.024740 0.020833
0 0.648763 0.419271 0.039714 0.026427
0 0.684028 0.387346 0.022569 0.009645
0 0.663520 0.400656 0.024523 0.021219
0 0.702474 0.368248 0.013889 0.014660
0 0.647569 0.394097 0.020399 0.023148
0 0.613498 0.405285 0.019965 0.027006
0 0.657444 0.367863 0.012804 0.015432
0 0.651367 0.367670 0.022352 0.014660
0 0.618490 0.350887 0.017361 0.028164
0 0.601345 0.347126 0.015625 0.026427
0 0.781684 0.210745 0.023438 0.028356
0 0.367296 0.983025 0.015408 0.027392
0 0.441406 0.829090 0.015191 0.029707
0 0.393121 0.851273 0.014106 0.016590
0 0.355143 0.889950 0.019314 0.012539
0 0.344510 0.882909 0.040148 0.026235
0 0.272461 0.821470 0.030165 0.034144
0 0.184570 0.974055 0.014974 0.027199
0 0.191081 0.897666 0.018012 0.021026
0 0.170464 0.890818 0.047092 0.020448
0 0.122179 0.971644 0.019097 0.021991
0 0.135634 0.838059 0.023872 0.014468
0 0.120117 0.913002 0.043186 0.026235
0 0.120334 0.887635 0.030165 0.025656
0 0.119683 0.910494 0.042752 0.029321
0 0.473741 0.489198 0.011285 0.021605
0 0.482530 0.480228 0.011068 0.020255
0 0.577148 0.398823 0.020616 0.029514
0 0.558919 0.392458 0.013238 0.027199
0 0.547960 0.393326 0.018229 0.023148
0 0.414280 0.417921 0.020399 0.014468
0 0.581380 0.303627 0.020833 0.014275
0 0.452582 0.280961 0.016710 0.026813
0 0.320855 0.484761 0.017578 0.024691
0 0.324870 0.354360 0.012153 0.023920
0 0.440864 0.278935 0.013238 0.030478
0 0.370985 0.273341 0.014540 0.027006
0 0.602431 0.190876 0.041667 0.020640
0 0.358290 0.176698 0.019965 0.013117
0 0.340278 0.170139 0.024306 0.026235
0 0.106554 0.832369 0.010417 0.005401
0 0.106337 0.892168 0.045573 0.028164
0 0.187283 0.275463 0.014757 0.028549
0 0.106554 0.890914 0.046441 0.030671
0 0.070204 0.844329 0.021484 0.034722
0 0.125434 0.279610 0.021701 0.022955
0 0.347982 0.172357 0.039714 0.031057
0 0.274740 0.194155 0.016493 0.024113
0 0.192166 0.193480 0.019314 0.020833
0 0.395616 0.133873 0.015191 0.017747
0 0.171441 0.189525 0.050781 0.022184
0 0.071398 0.447338 0.052083 0.042438
0 0.142687 0.182677 0.031901 0.028935
0 0.802626 0.012924 0.018446 0.025849
0 0.456163 0.107446 0.016493 0.031636
0 0.449761 0.108121 0.027561 0.031443
0 0.273220 0.108603 0.031250 0.033179
0 0.781467 0.011285 0.026042 0.022569
0 0.722765 0.005015 0.022786 0.010031
0 0.134223 0.137635 0.025825 0.016011
0 0.106011 0.133970 0.012804 0.006752
0 0.719401 0.005015 0.029080 0.010031
0 0.694444 0.004340 0.010417 0.008681
0 0.070312 0.150752 0.023438 0.036073
0 0.525825 0.594618 0.017361 0.033758
0 0.562174 0.478202 0.010200 0.020833
0 0.671549 0.624518 0.028429 0.011767
0 0.217448 0.189429 0.017361 0.023920
0 0.286892 0.178530 0.017361 0.017940
0 0.203451 0.179784 0.014106 0.013889
0 0.121094 0.187596 0.019965 0.019097
0 0.128689 0.216049 0.026476 0.025463
0 0.108832 0.211323 0.016710 0.018326
0 0.098416 0.195023 0.023655 0.019676
0 0.645833 0.366127 0.015191 0.012346
0 0.283312 0.890529 0.018012 0.015625
0 0.272135 0.904128 0.016493 0.024691
0 0.213867 0.895448 0.021484 0.025849
