0 0.777886 0.922261 0.023655 0.027392
0 0.799262 0.727334 0.017361 0.027971
0 0.598850 0.908372 0.041884 0.019676
0 0.776910 0.725019 0.026042 0.029128
0 0.785482 0.724826 0.044054 0.032986
0 0.448676 0.990066 0.017144 0.019483
0 0.442925 0.988040 0.027778 0.023534
0 0.367188 0.983025 0.015191 0.027006
0 0.715603 0.715664 0.030599 0.025463
0 0.691949 0.716628 0.018880 0.021219
0 0.447700 0.828607 0.027344 0.032986
0 0.393446 0.851562 0.014757 0.016782
0 0.345269 0.882812 0.038628 0.025656
0 0.335938 0.882620 0.021267 0.025656
0 0.282769 0.889853 0.016059 0.015432
0 0.271918 0.904032 0.016927 0.025270
0 0.272895 0.822531 0.029297 0.032793
0 0.184679 0.973765 0.015191 0.026620
0 0.216254 0.894676 0.015842 0.026235
0 0.203885 0.893229 0.016710 0.027971
0 0.168837 0.891107 0.043837 0.021026
0 0.121528 0.971933 0.018663 0.022569
0 0.141602 0.885610 0.030599 0.032022
0 0.120226 0.913194 0.043403 0.026235
0 0.118707 0.889082 0.028646 0.025849
0 0.106988 0.832176 0.011719 0.006173
0 0.107856 0.896123 0.046007 0.037230
0 0.107964 0.896219 0.046658 0.037809
0 0.732096 0.631366 0.037977 0.018904
0 0.725152 0.625289 0.051432 0.030671
0 0.717665 0.604360 0.026910 0.014660
0 0.606011 0.628279 0.040148 0.023920
0 0.597222 0.628086 0.023438 0.023534
0 0.702799 0.486690 0.014974 0.024691
0 0.542969 0.597415 0.016493 0.021991
0 0.688043 0.488522 0.015842 0.020640
0 0.640408 0.478009 0.021267 0.025463
0 0.620877 0.484954 0.011719 0.022377
0 0.589844 0.486497 0.020833 0.021605
0 0.716146 0.397762 0.020833 0.027006
0 0.710829 0.397859 0.011936 0.025270
0 0.561957 0.478395 0.009766 0.021605
0 0.600260 0.454475 0.016493 0.027006
0 0.677843 0.401235 0.024523 0.021219
0 0.649631 0.419464 0.039280 0.026813
0 0.683811 0.387346 0.022135 0.009259
0 0.664280 0.400656 0.023872 0.021219
0 0.648003 0.394194 0.020833 0.023341
0 0.613390 0.404321 0.019748 0.027778
0 0.473741 0.489101 0.010851 0.021798
0 0.482639 0.480324 0.011285 0.020448
0 0.702799 0.368538 0.013238 0.014082
0 0.651801 0.368345 0.024089 0.016397
0 0.577257 0.398823 0.020399 0.029128
0 0.558377 0.392458 0.013889 0.026813
0 0.551758 0.392843 0.025825 0.025656
0 0.617079 0.352141 0.017578 0.025270
0 0.601671 0.346644 0.015842 0.026620
0 0.781250 0.211227 0.023438 0.028164
0 0.581272 0.303530 0.021484 0.014468
0 0.452365 0.280768 0.017144 0.026042
0 0.320747 0.484761 0.017361 0.024691
0 0.324870 0.354456 0.012153 0.023727
0 0.447700 0.279225 0.026476 0.030285
0 0.370985 0.273341 0.014540 0.027006
0 0.602105 0.191069 0.041884 0.020255
0 0.358181 0.176698 0.020182 0.013117
0 0.339518 0.170332 0.022786 0.025849
0 0.187283 0.275463 0.014757 0.028549
0 0.274414 0.194059 0.015408 0.024691
0 0.285807 0.178627 0.016493 0.015818
0 0.095269 0.891975 0.023003 0.028935
0 0.108290 0.891686 0.046441 0.029128
0 0.069878 0.844232 0.021701 0.035301
0 0.125760 0.279321 0.021918 0.022762
0 0.217990 0.188850 0.016276 0.025463
0 0.206055 0.188175 0.016710 0.027971
0 0.169596 0.189622 0.045790 0.022377
0 0.395942 0.134066 0.014540 0.018519
0 0.143338 0.187211 0.031033 0.032215
0 0.119358 0.191840 0.028646 0.025656
0 0.107964 0.196277 0.047092 0.032600
0 0.802192 0.013021 0.019314 0.026042
0 0.456163 0.107928 0.016927 0.032215
0 0.443793 0.109375 0.015625 0.028935
0 0.450195 0.107928 0.028429 0.031829
0 0.273763 0.109182 0.030599 0.032407
0 0.133789 0.137635 0.027127 0.016011
0 0.779839 0.011285 0.026259 0.022569
0 0.723090 0.004919 0.021701 0.009838
0 0.722222 0.004919 0.022569 0.009838
0 0.694444 0.004340 0.010417 0.008681
0 0.722331 0.004919 0.022786 0.009838
0 0.106879 0.134259 0.011502 0.006173
0 0.070747 0.150367 0.024306 0.035301
0 0.135525 0.838445 0.024089 0.014853
0 0.246202 0.926022 0.009332 0.008295
0 0.691732 0.621335 0.023220 0.040895
0 0.682834 0.630401 0.051866 0.021991
0 0.526367 0.595583 0.019748 0.031829
0 0.389865 0.416860 0.013238 0.013117
0 0.432943 0.458816 0.007378 0.007137
