0 0.777778 0.922164 0.023003 0.027199
0 0.798937 0.727623 0.018012 0.027392
0 0.784614 0.722994 0.014106 0.025077
0 0.774740 0.724923 0.021267 0.029321
0 0.598741 0.908179 0.042101 0.019676
0 0.715712 0.715856 0.030382 0.024691
0 0.691840 0.716628 0.018663 0.021219
0 0.717665 0.604456 0.026476 0.014468
0 0.690972 0.618924 0.023438 0.037230
0 0.860135 0.485532 0.011936 0.009259
0 0.780490 0.491802 0.016276 0.010610
0 0.453993 0.828318 0.016927 0.033565
0 0.606988 0.628376 0.040365 0.024113
0 0.597439 0.628279 0.022569 0.023920
0 0.702474 0.486497 0.014323 0.024691
0 0.685872 0.488426 0.011936 0.020833
0 0.640842 0.478588 0.021701 0.024306
0 0.620985 0.484857 0.011502 0.022184
0 0.589952 0.486304 0.021050 0.021219
0 0.716037 0.397762 0.020616 0.026620
0 0.715169 0.397473 0.019748 0.026813
0 0.600152 0.454282 0.016710 0.027006
0 0.683919 0.387442 0.022352 0.009838
0 0.649197 0.419367 0.038411 0.027006
0 0.673828 0.400849 0.032986 0.021605
0 0.663194 0.401235 0.025174 0.021219
0 0.702799 0.368248 0.013672 0.014660
0 0.647678 0.394290 0.020616 0.023148
0 0.613607 0.404514 0.019748 0.027392
0 0.651259 0.368441 0.024306 0.016590
0 0.367296 0.983121 0.015408 0.027585
0 0.441406 0.828897 0.015191 0.029707
0 0.393121 0.851177 0.014106 0.016397
0 0.473850 0.489005 0.011068 0.021991
0 0.645508 0.366223 0.014974 0.012539
0 0.559028 0.392265 0.013021 0.026813
0 0.551758 0.392361 0.025825 0.025463
0 0.618598 0.350984 0.016710 0.027971
0 0.599067 0.346933 0.018880 0.022569
0 0.781467 0.211034 0.023872 0.028164
0 0.443251 0.988040 0.027127 0.023534
0 0.355143 0.889950 0.019314 0.012924
0 0.344293 0.882812 0.037109 0.026042
0 0.336046 0.882716 0.021050 0.025849
0 0.283203 0.889950 0.016927 0.016397
0 0.482530 0.480035 0.011068 0.019869
0 0.577040 0.398630 0.020399 0.029514
0 0.413954 0.418210 0.019314 0.015046
0 0.581272 0.303819 0.021050 0.014275
0 0.452799 0.281057 0.016276 0.027006
0 0.441081 0.279321 0.013672 0.030478
0 0.272027 0.904128 0.016710 0.024691
0 0.321072 0.484471 0.018012 0.024498
0 0.324870 0.354360 0.012153 0.023920
0 0.370985 0.273341 0.014540 0.026620
0 0.272461 0.821277 0.029731 0.034144
0 0.616211 0.193287 0.021484 0.018133
0 0.602431 0.191165 0.041667 0.019676
0 0.358398 0.176698 0.019748 0.012731
0 0.341037 0.171007 0.026259 0.027585
0 0.216146 0.894676 0.015625 0.025463
0 0.184570 0.973958 0.014974 0.027006
0 0.205295 0.892940 0.013889 0.023920
0 0.170139 0.890818 0.048611 0.021219
0 0.187174 0.275463 0.014974 0.028549
0 0.347656 0.173900 0.039497 0.033758
0 0.274306 0.194155 0.016927 0.024884
0 0.286133 0.178819 0.016710 0.016590
0 0.218099 0.188754 0.016059 0.025270
0 0.212891 0.188754 0.026042 0.024884
0 0.121745 0.972029 0.019097 0.022377
0 0.141819 0.885224 0.028863 0.035494
0 0.119683 0.888214 0.024089 0.024498
0 0.106662 0.832176 0.011502 0.006173
0 0.107639 0.892072 0.046441 0.028742
0 0.206814 0.188368 0.014323 0.024498
0 0.169705 0.189622 0.046875 0.022377
0 0.069987 0.844811 0.021918 0.034529
0 0.141602 0.186632 0.035807 0.034144
0 0.124132 0.186921 0.036458 0.032793
0 0.108507 0.195891 0.047309 0.033758
0 0.802843 0.012924 0.018446 0.025849
0 0.395833 0.134066 0.016059 0.018133
0 0.455946 0.108121 0.016927 0.032215
0 0.444227 0.109279 0.016493 0.029128
0 0.273438 0.108603 0.031250 0.033565
0 0.781250 0.011285 0.028646 0.022569
0 0.722656 0.004823 0.023438 0.009645
0 0.134549 0.137635 0.026042 0.015625
0 0.106337 0.134066 0.012153 0.006559
0 0.711806 0.005015 0.045139 0.010031
0 0.694661 0.004437 0.010851 0.008873
0 0.071181 0.150656 0.024740 0.035494
0 0.537326 0.596451 0.040365 0.030093
0 0.562174 0.478492 0.011068 0.021026
0 0.736328 0.637442 0.011719 0.008295
0 0.641385 0.622106 0.011936 0.008102
0 0.135525 0.838638 0.026693 0.016011
0 0.125977 0.279996 0.022352 0.026813
