0 0.662543 0.977816 0.030382 0.015046
0 0.654731 0.959973 0.035590 0.006366
0 0.627821 0.983314 0.025174 0.015625
0 0.608724 0.993538 0.024740 0.012539
0 0.600477 0.962191 0.009549 0.010031
0 0.581706 0.988329 0.013238 0.022955
0 0.589627 0.962674 0.010417 0.012539
0 0.573568 0.982253 0.013455 0.016590
0 0.561632 0.992670 0.020833 0.014275
0 0.558051 0.966146 0.011502 0.020255
0 0.571289 0.946952 0.021050 0.027778
0 0.528103 0.989390 0.019748 0.020833
0 0.507812 0.986883 0.019965 0.025849
0 0.528103 0.903356 0.010200 0.016204
0 0.565430 0.792631 0.027995 0.015818
0 0.405273 0.960841 0.009766 0.015432
0 0.768772 0.746721 0.019748 0.037423
0 0.392687 0.881173 0.024523 0.036651
0 0.749566 0.614101 0.019097 0.024884
0 0.740343 0.613426 0.036241 0.026620
0 0.731771 0.612558 0.019531 0.026427
0 0.668186 0.605710 0.034722 0.025077
0 0.407118 0.710938 0.015191 0.029514
0 0.688368 0.488522 0.019531 0.023727
0 0.619032 0.514468 0.013238 0.017361
0 0.637261 0.480517 0.016276 0.024691
0 0.596571 0.485822 0.020399 0.017940
0 0.556532 0.514564 0.018880 0.023341
0 0.609266 0.451292 0.012804 0.021026
0 0.601237 0.454475 0.012370 0.023534
0 0.324219 0.787037 0.016059 0.023920
0 0.300998 0.769097 0.030382 0.021219
0 0.238715 0.775945 0.034722 0.021026
0 0.715386 0.384066 0.031901 0.016590
0 0.649197 0.417149 0.038845 0.022955
0 0.663411 0.401813 0.029514 0.018133
0 0.659071 0.400077 0.021701 0.014275
0 0.534071 0.477334 0.011719 0.021026
0 0.679470 0.388600 0.023438 0.014853
0 0.633898 0.394579 0.013021 0.024113
0 0.611654 0.404803 0.021918 0.024884
0 0.625326 0.388214 0.013672 0.017168
0 0.479926 0.483893 0.010634 0.021412
0 0.469835 0.488233 0.010851 0.021219
0 0.580078 0.398341 0.020399 0.026620
0 0.559462 0.392361 0.019965 0.025849
0 0.226780 0.704765 0.034288 0.029900
0 0.173937 0.778356 0.027561 0.030478
0 0.131944 0.778356 0.025174 0.025849
0 0.114583 0.723283 0.023438 0.012539
0 0.102431 0.770448 0.031684 0.032793
0 0.645616 0.366030 0.020833 0.013310
0 0.622721 0.350694 0.021484 0.027392
0 0.074870 0.778935 0.027778 0.023534
0 0.071289 0.723573 0.012370 0.013503
0 0.413737 0.415992 0.015842 0.009452
0 0.578125 0.304977 0.010417 0.018133
0 0.441949 0.284336 0.027127 0.036651
0 0.214627 0.449171 0.013455 0.014468
0 0.116645 0.283565 0.021484 0.037809
0 0.613824 0.192419 0.028429 0.021412
0 0.370334 0.190008 0.016710 0.023148
0 0.815430 0.140721 0.020616 0.038387
0 0.348741 0.174865 0.026476 0.025656
0 0.282878 0.181906 0.034071 0.018904
0 0.217231 0.186439 0.028646 0.027971
0 0.174805 0.190297 0.027127 0.024113
0 0.145182 0.184414 0.032118 0.033951
0 0.115885 0.193866 0.027778 0.023534
0 0.782878 0.008970 0.035373 0.017940
0 0.451823 0.107832 0.017795 0.028549
0 0.440755 0.104745 0.014757 0.033565
0 0.269857 0.108700 0.034505 0.029128
0 0.094510 0.184799 0.034505 0.019290
0 0.154622 0.134838 0.024957 0.013117
0 0.053711 0.768615 0.034071 0.021026
0 0.033529 0.730324 0.026693 0.032407
0 0.716254 0.005015 0.019314 0.010031
0 0.112088 0.138021 0.012370 0.015239
0 0.073785 0.147762 0.030382 0.033179
0 0.071289 0.869406 0.019314 0.029707
0 0.378038 0.300154 0.018229 0.010417
0 0.455404 0.365741 0.012370 0.013503
0 0.704536 0.530478 0.018446 0.015818
0 0.687905 0.530875 0.022300 0.021327
0 0.668837 0.523341 0.010851 0.006944
0 0.395182 0.707272 0.013889 0.035687
