0 0.662652 0.978588 0.029731 0.013117
0 0.626085 0.984182 0.022135 0.015432
0 0.608724 0.993731 0.024306 0.012153
0 0.600369 0.962095 0.009766 0.009838
0 0.589735 0.963445 0.010634 0.012924
0 0.578016 0.986786 0.021918 0.026042
0 0.561740 0.992188 0.020616 0.015239
0 0.571289 0.947145 0.021050 0.027392
0 0.768555 0.746721 0.019748 0.037037
0 0.565213 0.793017 0.027995 0.016590
0 0.749891 0.614390 0.018446 0.025077
0 0.740451 0.613715 0.036024 0.026427
0 0.731662 0.613040 0.018880 0.025463
0 0.667426 0.607060 0.031901 0.027778
0 0.787109 0.492573 0.006510 0.011381
0 0.688585 0.488908 0.019531 0.024498
0 0.637370 0.481674 0.017361 0.023920
0 0.632161 0.479456 0.008681 0.020255
0 0.596897 0.485629 0.019748 0.017168
0 0.557075 0.514468 0.018663 0.023534
0 0.609266 0.451196 0.012370 0.021219
0 0.601128 0.454861 0.011719 0.022762
0 0.715495 0.383391 0.030816 0.017168
0 0.650065 0.417921 0.037543 0.021798
0 0.662652 0.403067 0.028863 0.019097
0 0.534180 0.477334 0.011502 0.021412
0 0.677300 0.389853 0.023438 0.015432
0 0.658746 0.400656 0.021484 0.015818
0 0.612739 0.404996 0.021484 0.026427
0 0.630317 0.392361 0.022352 0.025463
0 0.625651 0.387249 0.013889 0.016011
0 0.479709 0.484471 0.011068 0.021798
0 0.464410 0.488619 0.022569 0.019290
0 0.324219 0.787133 0.015625 0.023727
0 0.300781 0.768711 0.029948 0.020062
0 0.240994 0.777006 0.041450 0.022762
0 0.226888 0.705536 0.033637 0.029514
0 0.173720 0.779610 0.026693 0.028356
0 0.645291 0.366319 0.021050 0.013503
0 0.442057 0.284336 0.027778 0.036265
0 0.131944 0.778067 0.024740 0.025270
0 0.118164 0.723380 0.027561 0.010802
0 0.105686 0.770062 0.035156 0.034722
0 0.436849 0.283468 0.016927 0.034915
0 0.613932 0.192419 0.029080 0.021026
0 0.370226 0.190297 0.016493 0.022569
0 0.815321 0.140818 0.020399 0.038194
0 0.349067 0.175733 0.026259 0.027006
0 0.215386 0.453125 0.015408 0.017747
0 0.286675 0.183160 0.042535 0.022569
0 0.064887 0.874711 0.036458 0.054205
0 0.074219 0.777296 0.029080 0.025270
0 0.071289 0.723862 0.011936 0.012924
0 0.116536 0.283565 0.021267 0.036651
0 0.148220 0.184028 0.035156 0.034722
0 0.116753 0.191937 0.029514 0.025463
0 0.791016 0.009259 0.019531 0.018519
0 0.782769 0.009163 0.035590 0.018326
0 0.452799 0.108121 0.016276 0.027585
0 0.447049 0.107060 0.027778 0.029321
0 0.441623 0.105806 0.016927 0.027585
0 0.053711 0.768615 0.034505 0.020255
0 0.094727 0.184992 0.034505 0.018904
0 0.158854 0.134645 0.028212 0.012346
0 0.036784 0.730613 0.034505 0.032215
0 0.773546 0.008777 0.018012 0.017554
0 0.714952 0.006366 0.018012 0.012731
0 0.111979 0.138503 0.012587 0.015432
0 0.076714 0.147473 0.034505 0.031829
0 0.628975 0.349854 0.014081 0.028206
0 0.615730 0.352399 0.015274 0.032024
0 0.583273 0.395874 0.015274 0.025237
0 0.563585 0.393615 0.011285 0.021798
0 0.576063 0.401910 0.011068 0.025270
0 0.554470 0.393326 0.012587 0.025849
0 0.607530 0.366512 0.009766 0.010031
0 0.413411 0.417245 0.016059 0.011960
0 0.454753 0.368731 0.011936 0.019097
0 0.619792 0.513792 0.015625 0.018326
0 0.564779 0.462191 0.014974 0.010417
0 0.724826 0.461323 0.010417 0.009452
0 0.704210 0.495949 0.011719 0.007330
0 0.712023 0.530671 0.011285 0.020062
0 0.685438 0.529321 0.011936 0.016204
0 0.697700 0.530478 0.009983 0.016590
0 0.407769 0.710745 0.016493 0.029128
0 0.396159 0.709105 0.016710 0.028549
0 0.399957 0.882427 0.019097 0.035301
0 0.387025 0.878302 0.014935 0.030046
0 0.335395 0.894869 0.014974 0.011960
0 0.326931 0.894290 0.009766 0.010031
0 0.266710 0.108121 0.027778 0.026813
0 0.278537 0.109279 0.016710 0.027585
0 0.215929 0.187114 0.024740 0.024691
0 0.222548 0.188465 0.018012 0.026235
0 0.181749 0.190586 0.014974 0.023920
0 0.169922 0.189043 0.014323 0.022762
0 0.383247 0.301119 0.019965 0.013503
0 0.375434 0.300347 0.013021 0.011960
0 0.523980 0.989487 0.011936 0.020640
0 0.529839 0.989680 0.016276 0.020255
0 0.503581 0.986400 0.013238 0.026813
0 0.509440 0.986883 0.016710 0.022377
0 0.555990 0.961420 0.010851 0.008488
0 0.537869 0.901235 0.010200 0.010802
