0 0.663303 0.977527 0.027561 0.014468
0 0.655924 0.962288 0.028863 0.010224
0 0.626628 0.983121 0.022352 0.017168
0 0.608832 0.993538 0.024957 0.012539
0 0.600586 0.962191 0.010200 0.010031
0 0.589844 0.963349 0.010417 0.013117
0 0.768555 0.746624 0.019748 0.036844
0 0.536350 0.901042 0.007595 0.010417
0 0.405273 0.958526 0.009332 0.010802
0 0.749891 0.614390 0.018446 0.025077
0 0.740560 0.613715 0.035807 0.026813
0 0.732096 0.612269 0.018012 0.025077
0 0.667101 0.606771 0.031684 0.027585
0 0.407444 0.710648 0.014974 0.029707
0 0.401801 0.710359 0.026693 0.029900
0 0.324327 0.787230 0.015842 0.023534
0 0.300890 0.769483 0.029731 0.021219
0 0.238715 0.775174 0.036458 0.020640
0 0.131727 0.778453 0.025174 0.025270
0 0.107856 0.768904 0.030382 0.028935
0 0.118490 0.723573 0.027778 0.012346
0 0.071615 0.866995 0.023437 0.038002
0 0.092773 0.778453 0.023220 0.019097
0 0.065213 0.875579 0.036675 0.055170
0 0.690755 0.488329 0.026476 0.024498
0 0.640842 0.481771 0.009983 0.022569
0 0.636936 0.481771 0.017361 0.023727
0 0.632053 0.479263 0.008464 0.020255
0 0.596897 0.485629 0.019748 0.018711
0 0.557075 0.514468 0.018229 0.023534
0 0.609158 0.451003 0.012153 0.021219
0 0.601237 0.454475 0.011936 0.023534
0 0.715929 0.383295 0.029948 0.017747
0 0.649414 0.417149 0.037977 0.022955
0 0.662869 0.402296 0.030165 0.018711
0 0.658529 0.400174 0.021484 0.013310
0 0.534180 0.477238 0.011502 0.021219
0 0.678385 0.388310 0.024306 0.018519
0 0.707031 0.364390 0.026476 0.008873
0 0.635308 0.395158 0.011936 0.019869
0 0.612739 0.404996 0.021050 0.026427
0 0.629991 0.392554 0.023003 0.025463
0 0.625868 0.388503 0.015191 0.018133
0 0.480035 0.484279 0.009983 0.021798
0 0.646376 0.365548 0.019314 0.012346
0 0.469727 0.487461 0.011068 0.021219
0 0.579970 0.399016 0.020616 0.027199
0 0.559028 0.393036 0.020833 0.026427
0 0.622721 0.350212 0.021484 0.026427
0 0.414171 0.416667 0.013672 0.010417
0 0.613932 0.192515 0.028646 0.020833
0 0.370334 0.189815 0.016710 0.023534
0 0.815213 0.140432 0.020182 0.037423
0 0.348958 0.175251 0.026042 0.026042
0 0.348741 0.179205 0.026910 0.034336
0 0.283420 0.181424 0.036892 0.020640
0 0.116319 0.283854 0.021267 0.036844
0 0.175130 0.190201 0.026042 0.024691
0 0.075738 0.778646 0.030382 0.022955
0 0.071398 0.723669 0.012153 0.013310
0 0.782769 0.009163 0.035590 0.018326
0 0.452365 0.107928 0.016710 0.028356
0 0.446832 0.106964 0.026476 0.029900
0 0.150933 0.180941 0.031033 0.030478
0 0.053711 0.768519 0.034071 0.020448
0 0.122070 0.193576 0.039280 0.022955
0 0.095378 0.185185 0.033203 0.019290
0 0.441406 0.106578 0.016059 0.029128
0 0.158746 0.134549 0.027995 0.012153
0 0.034180 0.731096 0.028863 0.032793
0 0.715278 0.005980 0.018229 0.011960
0 0.112088 0.138117 0.012370 0.015046
0 0.074870 0.147569 0.031250 0.032022
0 0.278537 0.109182 0.016710 0.028935
0 0.265842 0.108410 0.028212 0.026235
0 0.221788 0.188175 0.019531 0.026427
0 0.215386 0.187114 0.025391 0.025077
0 0.450412 0.286555 0.018880 0.037616
0 0.434896 0.281829 0.015625 0.032407
0 0.453668 0.364390 0.015408 0.011574
0 0.377604 0.300926 0.019965 0.013503
0 0.569661 0.302180 0.011285 0.012539
0 0.584852 0.302083 0.014323 0.012731
0 0.389757 0.417149 0.012587 0.011381
0 0.437066 0.459008 0.006076 0.007137
0 0.565864 0.462577 0.011936 0.009645
0 0.545681 0.460745 0.010200 0.008681
0 0.619141 0.514178 0.013021 0.018711
0 0.537652 0.508970 0.017578 0.014853
0 0.705512 0.528164 0.019097 0.018904
0 0.685113 0.530382 0.017361 0.017554
0 0.663086 0.519097 0.018446 0.014660
0 0.565430 0.795235 0.028429 0.021412
0 0.556207 0.962481 0.010417 0.009838
0 0.575738 0.947049 0.011719 0.026427
0 0.567166 0.948206 0.011502 0.026427
0 0.519857 0.901042 0.006293 0.013117
0 0.583116 0.989583 0.011719 0.020448
0 0.571723 0.985918 0.011936 0.023534
0 0.560221 0.993345 0.017578 0.012924
0 0.533637 0.989969 0.008681 0.019676
0 0.526042 0.989873 0.016493 0.019869
0 0.512478 0.986883 0.010634 0.021219
0 0.506185 0.987172 0.020182 0.025270
0 0.398980 0.882716 0.024957 0.035880
0 0.387912 0.880498 0.016276 0.036073
0 0.324219 0.890336 0.018663 0.009066
0 0.236003 0.705826 0.018446 0.030093
0 0.219944 0.705536 0.021918 0.026813
0 0.179796 0.779707 0.015408 0.028164
0 0.172526 0.778067 0.025174 0.025270
0 0.137804 0.778839 0.013889 0.025270
