0 0.662977 0.977623 0.029948 0.015432
0 0.654622 0.959684 0.031033 0.005787
0 0.627713 0.983410 0.024957 0.015046
0 0.608615 0.993441 0.024523 0.012731
0 0.600043 0.962095 0.009983 0.010224
0 0.589844 0.962770 0.010851 0.012346
0 0.768555 0.746528 0.019748 0.036651
0 0.405273 0.960841 0.009332 0.015432
0 0.749783 0.614390 0.018663 0.024691
0 0.740451 0.613619 0.036024 0.026235
0 0.731771 0.612944 0.019097 0.025656
0 0.668728 0.606096 0.035807 0.026235
0 0.786675 0.492188 0.007378 0.010224
0 0.773112 0.491705 0.011068 0.008873
0 0.688043 0.488522 0.018446 0.024113
0 0.619575 0.512539 0.013889 0.014660
0 0.639648 0.481964 0.012370 0.022955
0 0.632270 0.479263 0.008898 0.019869
0 0.596897 0.485822 0.019314 0.017940
0 0.557075 0.514564 0.018229 0.023341
0 0.609592 0.451292 0.012153 0.021026
0 0.601128 0.454475 0.012153 0.023534
0 0.669705 0.405285 0.018663 0.016590
0 0.561089 0.461902 0.008030 0.008681
0 0.715386 0.383391 0.031467 0.016397
0 0.662435 0.401717 0.028863 0.016782
0 0.534180 0.477431 0.011502 0.021605
0 0.678277 0.388600 0.025391 0.014853
0 0.615017 0.406636 0.016059 0.024306
0 0.634440 0.394387 0.014106 0.019869
0 0.610352 0.406346 0.022352 0.026042
0 0.606445 0.406443 0.017144 0.026235
0 0.629666 0.392168 0.023655 0.024691
0 0.407335 0.710841 0.015191 0.028935
0 0.396701 0.709491 0.016493 0.028935
0 0.324327 0.787230 0.015842 0.023920
0 0.300998 0.769001 0.029948 0.020640
0 0.117188 0.722897 0.024306 0.011381
0 0.104709 0.770544 0.035373 0.035687
0 0.625434 0.387731 0.014323 0.016975
0 0.479926 0.483989 0.010200 0.021219
0 0.644965 0.366030 0.019531 0.012924
0 0.469618 0.487944 0.010417 0.021026
0 0.613932 0.192612 0.029080 0.021026
0 0.370334 0.189815 0.016710 0.023534
0 0.815213 0.140721 0.020182 0.038387
0 0.348958 0.174576 0.026042 0.026235
0 0.064562 0.875386 0.035807 0.055556
0 0.073134 0.777874 0.030382 0.027199
0 0.071289 0.723476 0.011502 0.013310
0 0.116102 0.283661 0.021701 0.037616
0 0.791016 0.009356 0.019531 0.018711
0 0.782986 0.009066 0.035590 0.018133
0 0.452582 0.108025 0.016276 0.028164
0 0.441623 0.106578 0.016927 0.027971
0 0.446832 0.107253 0.027778 0.029321
0 0.146918 0.184124 0.034288 0.036073
0 0.053385 0.768036 0.034288 0.020640
0 0.115017 0.193383 0.029080 0.026813
0 0.094944 0.184703 0.034505 0.019483
0 0.157769 0.134549 0.026476 0.012153
0 0.032444 0.731771 0.025391 0.035301
0 0.772786 0.008681 0.016493 0.017361
0 0.772786 0.008681 0.016493 0.017361
0 0.716037 0.005498 0.018880 0.010995
0 0.112088 0.138214 0.012370 0.015239
0 0.073893 0.149016 0.030165 0.035301
0 0.168403 0.188175 0.011719 0.019869
0 0.181749 0.189911 0.014540 0.023341
0 0.211914 0.186921 0.014106 0.026235
0 0.222114 0.187886 0.018880 0.025849
0 0.284831 0.179880 0.032335 0.024113
0 0.266602 0.108507 0.026693 0.026042
0 0.278971 0.108989 0.015842 0.028164
0 0.447731 0.285017 0.015475 0.035950
0 0.435981 0.281539 0.014757 0.031443
0 0.381402 0.300926 0.026259 0.014660
0 0.581163 0.302855 0.014757 0.012346
0 0.626519 0.350212 0.013889 0.025270
0 0.617730 0.351466 0.011502 0.028164
0 0.608290 0.366416 0.009115 0.010224
0 0.576172 0.400504 0.012587 0.025766
0 0.582791 0.396605 0.016710 0.021991
0 0.564345 0.394097 0.009766 0.021219
0 0.554253 0.392458 0.013021 0.027585
0 0.412001 0.417342 0.015842 0.012924
0 0.386719 0.417052 0.017361 0.013503
0 0.455729 0.368634 0.012587 0.018904
0 0.538303 0.508584 0.016276 0.014468
0 0.239583 0.771412 0.032118 0.019676
0 0.235243 0.705633 0.018663 0.029321
0 0.223654 0.705054 0.027678 0.026235
0 0.167860 0.777778 0.014974 0.026235
0 0.179066 0.779417 0.017302 0.028356
0 0.125651 0.777006 0.013021 0.021991
0 0.137277 0.778861 0.015810 0.024691
0 0.399740 0.882041 0.019965 0.034529
0 0.387223 0.877508 0.014463 0.032022
0 0.335829 0.893036 0.016276 0.009838
0 0.326714 0.895351 0.011936 0.012924
0 0.529731 0.899788 0.014323 0.008681
0 0.584093 0.989680 0.011068 0.020255
0 0.557183 0.961516 0.008898 0.009066
0 0.576497 0.947049 0.011502 0.026042
0 0.566732 0.947627 0.012370 0.026042
0 0.530382 0.989680 0.016493 0.020255
0 0.525065 0.990162 0.014974 0.019290
0 0.511936 0.986690 0.012587 0.021605
0 0.501302 0.985532 0.011285 0.028549
0 0.572483 0.984664 0.011719 0.021026
0 0.553602 0.993634 0.014323 0.012346
0 0.567057 0.994309 0.011719 0.010995
0 0.565430 0.792342 0.028429 0.014853
0 0.707682 0.531925 0.016059 0.017554
0 0.688368 0.531346 0.016927 0.017168
0 0.697483 0.527296 0.007812 0.012924
0 0.728299 0.461613 0.018663 0.011188
0 0.658203 0.425058 0.014757 0.008295
0 0.650499 0.426119 0.015842 0.007330
