0 0.662326 0.977527 0.030816 0.015239
0 0.653212 0.961227 0.033854 0.009259
0 0.624457 0.982832 0.031901 0.014660
0 0.609049 0.993441 0.024523 0.012731
0 0.599826 0.962288 0.011285 0.010224
0 0.589844 0.962867 0.010417 0.012539
0 0.578125 0.986979 0.021701 0.025656
0 0.562934 0.992091 0.018663 0.015432
0 0.555664 0.961902 0.011068 0.010610
0 0.571181 0.947531 0.020833 0.026620
0 0.527995 0.989390 0.019965 0.020833
0 0.507378 0.987172 0.020399 0.025270
0 0.768555 0.746721 0.019748 0.037037
0 0.531467 0.900945 0.023003 0.010995
0 0.565213 0.792824 0.027561 0.016590
0 0.405273 0.961227 0.009766 0.016590
0 0.392470 0.881076 0.024523 0.036844
0 0.749891 0.614583 0.018012 0.024691
0 0.740994 0.613715 0.035373 0.026427
0 0.731771 0.612751 0.019097 0.025656
0 0.668186 0.606289 0.035156 0.026620
0 0.407227 0.710841 0.015842 0.028549
0 0.394640 0.706404 0.015408 0.030864
0 0.324327 0.787133 0.015408 0.023727
0 0.300890 0.768711 0.030165 0.020062
0 0.240343 0.771701 0.034505 0.019097
0 0.174154 0.779225 0.025825 0.028742
0 0.132053 0.778164 0.024957 0.025463
0 0.072483 0.867188 0.023438 0.037616
0 0.117947 0.723476 0.027561 0.010995
0 0.104275 0.770833 0.034505 0.035880
0 0.065104 0.875289 0.036892 0.056134
0 0.861003 0.485725 0.010634 0.008873
0 0.787543 0.492959 0.007378 0.010224
0 0.687066 0.488522 0.017795 0.023727
0 0.619683 0.512153 0.013672 0.015046
0 0.637912 0.481867 0.015842 0.023148
0 0.632161 0.479167 0.008681 0.019676
0 0.597005 0.485918 0.019531 0.018519
0 0.556858 0.514468 0.018663 0.023148
0 0.609158 0.451003 0.012587 0.020833
0 0.601454 0.454379 0.012370 0.023341
0 0.714627 0.384259 0.032118 0.017747
0 0.649740 0.417438 0.038194 0.022762
0 0.662760 0.402006 0.029948 0.018904
0 0.534180 0.477527 0.011936 0.021412
0 0.676324 0.387924 0.031467 0.015046
0 0.635308 0.395062 0.012370 0.019676
0 0.613932 0.404803 0.018663 0.026427
0 0.629991 0.392265 0.023003 0.024498
0 0.625651 0.387249 0.014757 0.015239
0 0.479926 0.483893 0.010634 0.021412
0 0.643555 0.365741 0.021918 0.013117
0 0.469727 0.488522 0.010634 0.021412
0 0.580729 0.398920 0.021701 0.027392
0 0.559679 0.392458 0.020833 0.026427
0 0.622721 0.350502 0.021918 0.026235
0 0.582031 0.301987 0.022569 0.012539
0 0.621853 0.191647 0.012804 0.016011
0 0.613715 0.192515 0.028212 0.021219
0 0.442383 0.284626 0.028429 0.036844
0 0.216254 0.453029 0.018012 0.019097
0 0.436740 0.283661 0.016710 0.035301
0 0.378581 0.300733 0.017578 0.012346
0 0.607747 0.187789 0.017144 0.011767
0 0.370334 0.189911 0.016710 0.022955
0 0.815321 0.140625 0.020399 0.037809
0 0.348958 0.173900 0.026042 0.023727
0 0.284288 0.178723 0.036024 0.018711
0 0.217014 0.187789 0.027778 0.026813
0 0.174913 0.190201 0.026476 0.024306
0 0.791016 0.009452 0.019531 0.018904
0 0.782769 0.009356 0.035590 0.018711
0 0.452799 0.107735 0.016276 0.027199
0 0.446072 0.105131 0.030165 0.032022
0 0.439128 0.104070 0.016710 0.030285
0 0.269965 0.109279 0.034288 0.027971
0 0.073893 0.777199 0.027127 0.029707
0 0.071723 0.723765 0.010634 0.013503
0 0.121202 0.216146 0.044488 0.028356
0 0.147352 0.184124 0.034288 0.036073
0 0.053494 0.768519 0.034505 0.020062
0 0.115885 0.192323 0.028646 0.029707
0 0.094618 0.185089 0.034288 0.019097
0 0.158203 0.134838 0.028646 0.013117
0 0.032878 0.730806 0.026693 0.031829
0 0.772786 0.008681 0.016493 0.017361
0 0.716146 0.005594 0.018229 0.011188
0 0.111654 0.138214 0.011502 0.016011
0 0.073893 0.148052 0.030165 0.032600
0 0.222114 0.704475 0.024089 0.027006
0 0.235135 0.705922 0.018012 0.029128
0 0.181207 0.779514 0.012587 0.028549
0 0.137370 0.778453 0.014323 0.024498
0 0.401584 0.882330 0.019748 0.037037
0 0.330187 0.896219 0.018012 0.015046
0 0.455078 0.369020 0.013455 0.019676
0 0.413086 0.416763 0.014540 0.010995
0 0.223307 0.188754 0.016059 0.025656
0 0.278429 0.109568 0.017361 0.029321
0 0.115668 0.285397 0.021267 0.034529
0 0.706055 0.531154 0.012804 0.019097
0 0.682943 0.529707 0.018229 0.016204
