0 0.660590 0.981674 0.024740 0.018133
0 0.656250 0.963735 0.025174 0.013503
0 0.627604 0.984375 0.022135 0.015818
0 0.604926 0.992863 0.020182 0.013889
0 0.574219 0.991898 0.014757 0.015818
0 0.581489 0.987461 0.019748 0.024691
0 0.596897 0.964699 0.024523 0.015432
0 0.560330 0.994020 0.014757 0.011574
0 0.539931 0.988040 0.008247 0.023534
0 0.570964 0.945795 0.030816 0.025077
0 0.504449 0.986979 0.018446 0.025656
0 0.610677 0.830922 0.020399 0.016397
0 0.581597 0.805266 0.017361 0.026427
0 0.556532 0.796200 0.034071 0.019483
0 0.530816 0.987558 0.013021 0.024498
0 0.500434 0.988040 0.011719 0.023534
0 0.657986 0.601755 0.032118 0.028742
0 0.776693 0.491416 0.014323 0.008295
0 0.692817 0.480421 0.009332 0.019097
0 0.695421 0.485147 0.015408 0.028935
0 0.682617 0.486497 0.011502 0.022762
0 0.621528 0.512731 0.018663 0.013503
0 0.634983 0.477238 0.016493 0.021219
0 0.564562 0.514853 0.018446 0.023148
0 0.594510 0.485822 0.019748 0.018326
0 0.546115 0.509163 0.023220 0.015625
0 0.553168 0.486690 0.011285 0.022762
0 0.606879 0.450231 0.041884 0.020833
0 0.713650 0.385610 0.027127 0.020448
0 0.648655 0.418885 0.039497 0.025656
0 0.679470 0.389853 0.022569 0.016204
0 0.657444 0.399788 0.021484 0.017940
0 0.707682 0.367284 0.025174 0.013503
0 0.400933 0.962384 0.013238 0.018904
0 0.401910 0.876929 0.012153 0.023920
0 0.393663 0.878376 0.027778 0.029128
0 0.387478 0.878086 0.015842 0.028935
0 0.322374 0.787326 0.014974 0.024884
0 0.303819 0.787712 0.015191 0.032215
0 0.345486 0.712481 0.014323 0.034529
0 0.234158 0.776813 0.035156 0.016590
0 0.191189 0.816551 0.014757 0.021219
0 0.235352 0.705536 0.017578 0.026427
0 0.221571 0.702450 0.024306 0.030671
0 0.109701 0.966532 0.016710 0.030671
0 0.156467 0.779610 0.033420 0.026042
0 0.625109 0.405768 0.012370 0.024113
0 0.636827 0.393711 0.014106 0.024691
0 0.610569 0.404707 0.015842 0.022762
0 0.631510 0.393036 0.023872 0.026042
0 0.479601 0.483796 0.011719 0.019290
0 0.648546 0.366995 0.024957 0.012924
0 0.590495 0.394965 0.010851 0.025656
0 0.581163 0.392843 0.011285 0.023727
0 0.560004 0.394194 0.011068 0.026813
0 0.552409 0.394001 0.013238 0.024113
0 0.622504 0.349151 0.031467 0.024306
0 0.579536 0.302662 0.011068 0.012346
0 0.660699 0.226852 0.020616 0.016204
0 0.122721 0.777296 0.035373 0.021798
0 0.407444 0.418499 0.011502 0.015239
0 0.395833 0.417631 0.010417 0.015046
0 0.450412 0.369792 0.011502 0.021219
0 0.449002 0.282118 0.015625 0.028356
0 0.436849 0.281443 0.017795 0.030093
0 0.630534 0.202160 0.017144 0.026235
0 0.607096 0.193866 0.031033 0.018519
0 0.368924 0.190008 0.014323 0.024306
0 0.349609 0.191069 0.015625 0.032215
0 0.236111 0.225212 0.015625 0.021026
0 0.278429 0.183738 0.036458 0.017168
0 0.199978 0.189236 0.034071 0.025849
0 0.072374 0.870177 0.016710 0.041667
0 0.104058 0.726177 0.032335 0.014468
0 0.165148 0.189140 0.036892 0.021026
0 0.099609 0.768229 0.034288 0.022955
0 0.075846 0.770351 0.030165 0.025656
0 0.087999 0.772473 0.054905 0.031057
0 0.074978 0.774209 0.030165 0.032986
0 0.076280 0.774981 0.033637 0.033372
0 0.073134 0.779900 0.027778 0.025463
0 0.073134 0.724633 0.011719 0.015239
0 0.786133 0.012249 0.046658 0.024498
0 0.402344 0.107060 0.014323 0.029321
0 0.389648 0.113040 0.015408 0.036651
0 0.278429 0.109375 0.018229 0.026235
0 0.264865 0.106867 0.024089 0.030478
0 0.052409 0.777103 0.019748 0.036073
0 0.071940 0.448013 0.050130 0.041474
0 0.140625 0.179495 0.036024 0.019869
0 0.117188 0.190201 0.030816 0.033565
0 0.117622 0.190104 0.031684 0.035687
0 0.093750 0.194155 0.019965 0.036844
0 0.144423 0.137249 0.035807 0.016011
0 0.039171 0.734761 0.022352 0.035108
0 0.705946 0.004340 0.009549 0.008681
0 0.113390 0.137924 0.012804 0.015818
0 0.079210 0.150077 0.023438 0.035108
0 0.469184 0.487654 0.009983 0.021219
0 0.359049 0.708140 0.013238 0.031250
0 0.755100 0.620274 0.028429 0.031829
0 0.731988 0.610918 0.025174 0.027778
