0 0.660916 0.981674 0.023655 0.018133
0 0.656033 0.964024 0.024740 0.012924
0 0.627279 0.984664 0.021050 0.015239
0 0.604601 0.992766 0.019965 0.014082
0 0.598307 0.964024 0.020399 0.012924
0 0.574110 0.991995 0.014540 0.015625
0 0.581380 0.987365 0.019097 0.024884
0 0.560330 0.993827 0.014323 0.011960
0 0.536024 0.987558 0.023438 0.024498
0 0.555881 0.949074 0.025391 0.027006
0 0.501302 0.988040 0.013021 0.023534
0 0.503906 0.986979 0.018229 0.025656
0 0.610569 0.830826 0.020182 0.015818
0 0.556532 0.795718 0.034071 0.018519
0 0.756619 0.619406 0.024523 0.028549
0 0.733941 0.612269 0.026042 0.028164
0 0.744792 0.615837 0.048611 0.035301
0 0.657986 0.602527 0.032986 0.027199
0 0.715712 0.526620 0.016493 0.022762
0 0.692817 0.481867 0.008898 0.020062
0 0.400716 0.880112 0.013238 0.032600
0 0.695312 0.485822 0.015625 0.027971
0 0.683485 0.487558 0.013238 0.024884
0 0.621745 0.512539 0.018663 0.013503
0 0.621745 0.512539 0.019097 0.013889
0 0.621962 0.512442 0.018663 0.013696
0 0.634766 0.477527 0.016493 0.021798
0 0.564887 0.514757 0.019097 0.023341
0 0.594401 0.485822 0.019531 0.018326
0 0.542535 0.506559 0.017795 0.012346
0 0.552951 0.486593 0.011285 0.022569
0 0.607096 0.450231 0.042318 0.020833
0 0.713759 0.385899 0.026910 0.019869
0 0.679579 0.389950 0.022786 0.016011
0 0.657661 0.400463 0.021484 0.018133
0 0.707248 0.367091 0.024306 0.013503
0 0.400282 0.962867 0.012370 0.020255
0 0.394531 0.880305 0.024740 0.032600
0 0.388780 0.878376 0.014106 0.029900
0 0.322049 0.787519 0.015191 0.024113
0 0.358181 0.707851 0.014540 0.030671
0 0.303385 0.785880 0.016493 0.032793
0 0.234266 0.776813 0.034505 0.016590
0 0.190647 0.815297 0.014974 0.019097
0 0.109918 0.967014 0.015408 0.030864
0 0.345486 0.712577 0.014323 0.034336
0 0.229384 0.704572 0.031250 0.028356
0 0.156467 0.779610 0.033420 0.026813
0 0.625217 0.406057 0.013021 0.024691
0 0.656359 0.399595 0.023655 0.017940
0 0.610352 0.404803 0.014974 0.022955
0 0.631727 0.393036 0.024306 0.026427
0 0.479492 0.483700 0.011936 0.019483
0 0.650065 0.367573 0.021050 0.012924
0 0.468967 0.487751 0.009983 0.021412
0 0.590061 0.396412 0.020399 0.019676
0 0.581380 0.392458 0.012153 0.023727
0 0.559787 0.394194 0.011502 0.027199
0 0.552626 0.394290 0.013238 0.024306
0 0.606879 0.348476 0.024523 0.021798
0 0.579644 0.302662 0.011285 0.012346
0 0.660699 0.227238 0.020182 0.016590
0 0.125434 0.777585 0.032986 0.021219
0 0.115560 0.772569 0.022786 0.027778
0 0.073459 0.868152 0.018446 0.045718
0 0.107530 0.761092 0.024089 0.028356
0 0.394857 0.417535 0.012370 0.015239
0 0.450629 0.369888 0.011502 0.021412
0 0.449002 0.283275 0.013455 0.031829
0 0.076280 0.770833 0.031901 0.024691
0 0.075955 0.775077 0.032118 0.033179
0 0.073351 0.724151 0.013455 0.014275
0 0.630425 0.202353 0.016927 0.026235
0 0.607096 0.193866 0.031467 0.018519
0 0.438151 0.281636 0.014323 0.030093
0 0.368490 0.190008 0.015191 0.024306
0 0.155924 0.386285 0.017144 0.030671
0 0.235786 0.223573 0.015842 0.018133
0 0.169271 0.189140 0.033854 0.021026
0 0.052843 0.776717 0.020616 0.035687
0 0.786784 0.012153 0.047092 0.024306
0 0.144531 0.172068 0.024306 0.026235
0 0.117622 0.190876 0.032118 0.032215
0 0.402561 0.106674 0.013889 0.029321
0 0.389431 0.113040 0.014106 0.036265
0 0.093750 0.193769 0.019965 0.036844
0 0.396267 0.111883 0.026042 0.038580
0 0.272244 0.108603 0.031901 0.027778
0 0.144531 0.137828 0.036458 0.016782
0 0.039497 0.734471 0.024306 0.035301
0 0.690647 0.003954 0.015408 0.007909
0 0.113932 0.138117 0.015191 0.016204
0 0.078234 0.150463 0.023655 0.033951
0 0.349609 0.189140 0.017795 0.032215
0 0.581706 0.805556 0.016710 0.026620
0 0.553277 0.898920 0.008898 0.005787
0 0.528537 0.900270 0.012804 0.009259
0 0.105903 0.725791 0.037760 0.018326
0 0.278646 0.184124 0.036892 0.019097
0 0.196723 0.188079 0.028863 0.023148
0 0.204861 0.197627 0.006076 0.005980
0 0.208550 0.189236 0.018663 0.025463
0 0.626194 0.346644 0.016276 0.031636
