0 0.661024 0.981867 0.023872 0.018519
0 0.656250 0.964024 0.025174 0.013310
0 0.628038 0.984471 0.020833 0.015625
0 0.604709 0.992766 0.020182 0.014082
0 0.603516 0.967593 0.026910 0.018519
0 0.573676 0.991995 0.014974 0.015625
0 0.580621 0.987365 0.021050 0.024884
0 0.560330 0.993731 0.014757 0.012153
0 0.575629 0.947531 0.012370 0.023920
0 0.539605 0.988522 0.008898 0.022569
0 0.533854 0.987461 0.018663 0.024691
0 0.561740 0.946952 0.023220 0.022377
0 0.500760 0.987944 0.011936 0.023727
0 0.504123 0.986786 0.018229 0.026042
0 0.610786 0.831019 0.020616 0.015818
0 0.581489 0.805363 0.017578 0.026620
0 0.556641 0.796007 0.034288 0.019483
0 0.400499 0.961806 0.012804 0.018133
0 0.394423 0.877797 0.031033 0.029514
0 0.756076 0.619406 0.023438 0.027392
0 0.733724 0.611786 0.026042 0.028742
0 0.743598 0.614680 0.046224 0.036073
0 0.322266 0.788002 0.014323 0.025077
0 0.302843 0.787519 0.015842 0.032600
0 0.659397 0.602238 0.033203 0.027392
0 0.345595 0.712674 0.014540 0.034144
0 0.351888 0.710841 0.027127 0.036651
0 0.234375 0.776813 0.035156 0.016975
0 0.190755 0.816069 0.014757 0.021026
0 0.235352 0.705922 0.018446 0.027585
0 0.226997 0.705054 0.034722 0.028164
0 0.110352 0.966435 0.014540 0.032407
0 0.156576 0.779707 0.033203 0.026235
0 0.733615 0.611497 0.025825 0.029707
0 0.695530 0.486015 0.015191 0.028356
0 0.683919 0.487944 0.014106 0.024884
0 0.634983 0.477334 0.016493 0.021798
0 0.564236 0.514853 0.018663 0.023534
0 0.593967 0.485725 0.020399 0.018519
0 0.546007 0.507427 0.023003 0.010995
0 0.553168 0.486690 0.011285 0.022762
0 0.605360 0.450135 0.035373 0.021026
0 0.713976 0.385127 0.026476 0.021412
0 0.648655 0.418499 0.039497 0.025270
0 0.679253 0.389950 0.021701 0.016397
0 0.657227 0.399788 0.021918 0.017940
0 0.655924 0.398534 0.021918 0.016590
0 0.707140 0.366705 0.024089 0.013117
0 0.625217 0.406250 0.012587 0.024306
0 0.636719 0.394579 0.015191 0.024498
0 0.610786 0.404900 0.015842 0.022762
0 0.631619 0.392747 0.024089 0.025849
0 0.630642 0.387635 0.021267 0.015239
0 0.479601 0.483603 0.012153 0.019290
0 0.654188 0.366802 0.030165 0.013310
0 0.468967 0.487654 0.009983 0.021219
0 0.589735 0.395062 0.012370 0.023148
0 0.581272 0.392843 0.011936 0.023727
0 0.560004 0.394194 0.012370 0.027199
0 0.553168 0.394290 0.015191 0.023534
0 0.625543 0.350116 0.015842 0.023920
0 0.617079 0.349923 0.031901 0.023534
0 0.610894 0.349441 0.020399 0.022569
0 0.579319 0.302566 0.011068 0.012539
0 0.660807 0.227045 0.020399 0.016590
0 0.630425 0.202257 0.017361 0.026427
0 0.123698 0.777103 0.032986 0.022955
0 0.104818 0.769290 0.024306 0.019290
0 0.073242 0.868924 0.018880 0.043017
0 0.104709 0.724344 0.030165 0.013503
0 0.088542 0.771894 0.054253 0.030285
0 0.088542 0.768519 0.054253 0.023534
0 0.078016 0.773823 0.035807 0.033372
0 0.079970 0.773630 0.039714 0.033372
0 0.072808 0.779996 0.028429 0.025270
0 0.074110 0.724248 0.015408 0.014082
0 0.407552 0.418885 0.011719 0.014853
0 0.395399 0.417921 0.012587 0.014468
0 0.442708 0.281346 0.032552 0.030285
0 0.606988 0.194155 0.032118 0.018326
0 0.367947 0.190008 0.015408 0.023920
0 0.348958 0.191165 0.017361 0.033565
0 0.235569 0.224923 0.015408 0.020448
0 0.278320 0.183546 0.037109 0.016782
0 0.155599 0.386285 0.013889 0.029900
0 0.199870 0.189333 0.034288 0.025656
0 0.167209 0.188272 0.032769 0.022377
0 0.053385 0.777488 0.021267 0.035301
0 0.786675 0.012153 0.047309 0.024306
0 0.118815 0.190008 0.034939 0.033951
0 0.117405 0.190490 0.033854 0.033758
0 0.130751 0.185667 0.056641 0.028356
0 0.130534 0.187982 0.056641 0.033372
0 0.130425 0.188272 0.056858 0.033951
0 0.093533 0.194252 0.019965 0.037037
0 0.402561 0.107060 0.013889 0.029321
0 0.389106 0.112847 0.013889 0.036651
0 0.396050 0.111883 0.026042 0.038580
0 0.278646 0.109182 0.017795 0.027006
0 0.270291 0.108796 0.034505 0.027006
0 0.146050 0.135995 0.032552 0.013117
0 0.039171 0.734664 0.024523 0.035687
0 0.705838 0.004340 0.009766 0.008681
0 0.114692 0.138021 0.015842 0.015625
0 0.083767 0.139564 0.016927 0.014468
0 0.078451 0.150656 0.024089 0.034336
0 0.777886 0.491995 0.014106 0.009452
0 0.117513 0.286265 0.018446 0.042824
0 0.620551 0.513696 0.018012 0.017747
