0 0.660916 0.981867 0.023655 0.017747
0 0.656250 0.964120 0.024740 0.013117
0 0.627279 0.984568 0.020616 0.015818
0 0.604818 0.992670 0.020399 0.014275
0 0.574110 0.991898 0.014540 0.015818
0 0.560113 0.993731 0.014323 0.012153
0 0.581380 0.987172 0.019531 0.025270
0 0.575195 0.947917 0.012370 0.023920
0 0.539497 0.988522 0.009115 0.022569
0 0.538737 0.988619 0.011068 0.022377
0 0.531576 0.987365 0.014106 0.024884
0 0.555990 0.945120 0.022135 0.022569
0 0.507704 0.986979 0.011936 0.025656
0 0.500868 0.987847 0.012587 0.023920
0 0.610677 0.830922 0.019965 0.016397
0 0.527778 0.901717 0.013455 0.013310
0 0.556749 0.796007 0.033637 0.019483
0 0.744792 0.615644 0.048177 0.036073
0 0.733615 0.611979 0.025825 0.028742
0 0.658963 0.601948 0.034505 0.028742
0 0.695421 0.485918 0.015408 0.028549
0 0.684245 0.488040 0.015191 0.026235
0 0.634874 0.477238 0.016710 0.021991
0 0.564345 0.514757 0.019314 0.023727
0 0.593859 0.485629 0.020616 0.018711
0 0.554470 0.513600 0.038194 0.025270
0 0.553060 0.486979 0.011502 0.022955
0 0.608290 0.450039 0.039497 0.020833
0 0.714084 0.385127 0.026259 0.021412
0 0.649089 0.418596 0.039062 0.025849
0 0.679362 0.389950 0.021918 0.016397
0 0.657444 0.399981 0.021484 0.017554
0 0.706814 0.366898 0.023872 0.013503
0 0.400499 0.962384 0.012804 0.019290
0 0.394640 0.882041 0.024089 0.036458
0 0.321940 0.787519 0.014974 0.023341
0 0.303277 0.787230 0.016276 0.033179
0 0.345486 0.712577 0.014323 0.034336
0 0.351997 0.710938 0.027344 0.036458
0 0.234375 0.776910 0.034722 0.017168
0 0.190864 0.816358 0.014540 0.021219
0 0.227105 0.704090 0.035373 0.030093
0 0.109484 0.967014 0.014974 0.032407
0 0.156467 0.779707 0.033420 0.025849
0 0.133464 0.777488 0.013889 0.023341
0 0.069770 0.960359 0.018446 0.023341
0 0.119249 0.773823 0.021050 0.027971
0 0.073568 0.870563 0.018663 0.043981
0 0.103082 0.763021 0.015191 0.032986
0 0.103841 0.725405 0.031033 0.014468
0 0.076823 0.772087 0.032118 0.031829
0 0.076497 0.773630 0.031901 0.033758
0 0.624891 0.406346 0.013238 0.024498
0 0.610352 0.404996 0.014974 0.022955
0 0.632270 0.393036 0.022352 0.026427
0 0.630751 0.387346 0.021050 0.015432
0 0.479492 0.483796 0.011936 0.019676
0 0.651042 0.367959 0.020833 0.014468
0 0.469076 0.487365 0.010200 0.021412
0 0.590061 0.395351 0.011285 0.023341
0 0.581055 0.392747 0.011502 0.024691
0 0.559462 0.394290 0.012153 0.027006
0 0.553277 0.394194 0.014974 0.024113
0 0.626302 0.350694 0.014323 0.022762
0 0.606228 0.348380 0.022352 0.023148
0 0.579970 0.302566 0.012370 0.012153
0 0.661024 0.226852 0.021267 0.016204
0 0.630317 0.202160 0.017578 0.026620
0 0.076172 0.774306 0.032118 0.034336
0 0.075955 0.774113 0.030816 0.033179
0 0.075738 0.774498 0.033420 0.035108
0 0.074978 0.780575 0.033637 0.046875
0 0.075087 0.723958 0.012587 0.013889
0 0.450629 0.369792 0.011502 0.020833
0 0.449653 0.284819 0.012587 0.037230
0 0.438151 0.281346 0.016059 0.030671
0 0.155273 0.386478 0.014540 0.029128
0 0.235677 0.225212 0.015625 0.021026
0 0.118164 0.286844 0.018880 0.041667
0 0.607530 0.193673 0.031467 0.018133
0 0.786784 0.012153 0.047526 0.024306
0 0.368273 0.190008 0.015191 0.024306
0 0.349501 0.190779 0.017144 0.032793
0 0.278429 0.183642 0.036892 0.016590
0 0.200087 0.189333 0.033854 0.025656
0 0.176432 0.188850 0.014323 0.021605
0 0.162109 0.185957 0.022135 0.027006
0 0.402561 0.107157 0.013889 0.029514
0 0.389323 0.113426 0.013455 0.036265
0 0.269314 0.108314 0.037326 0.029900
0 0.052517 0.777006 0.019965 0.036651
0 0.145074 0.172840 0.019314 0.025849
0 0.117947 0.190008 0.032335 0.034336
0 0.117839 0.190394 0.032986 0.034722
0 0.150282 0.177180 0.029297 0.034144
0 0.093316 0.193769 0.019531 0.036844
0 0.117622 0.188947 0.033854 0.033372
0 0.145833 0.137442 0.032986 0.016397
0 0.038303 0.734761 0.024089 0.035880
0 0.705729 0.004437 0.011285 0.008873
0 0.115560 0.138117 0.013672 0.015046
0 0.078234 0.150559 0.023655 0.034915
0 0.394206 0.417824 0.010634 0.014660
0 0.581597 0.805652 0.016493 0.026813
0 0.406576 0.418403 0.013672 0.015818
0 0.623915 0.511478 0.024740 0.012924
0 0.777018 0.491705 0.012804 0.007716
