0 0.812066 0.982832 0.018229 0.010417
0 0.774523 0.872396 0.016927 0.014082
0 0.635417 0.915606 0.036458 0.020255
0 0.552843 0.968364 0.019314 0.015432
0 0.628147 0.796971 0.011068 0.012539
0 0.455512 0.973380 0.011285 0.021991
0 0.446723 0.971161 0.027561 0.025270
0 0.443576 0.965374 0.023003 0.014853
0 0.561523 0.796007 0.018880 0.010610
0 0.509657 0.796296 0.023220 0.013117
0 0.821615 0.621335 0.026910 0.016975
0 0.533203 0.774981 0.023003 0.029514
0 0.330295 0.967303 0.020399 0.013696
0 0.269748 0.963638 0.020399 0.022955
0 0.312826 0.840856 0.023220 0.022762
0 0.205295 0.899016 0.029948 0.017554
0 0.171115 0.923900 0.008030 0.009452
0 0.119141 0.956308 0.014757 0.016397
0 0.102973 0.985725 0.009332 0.018133
0 0.949653 0.609568 0.026910 0.023920
0 0.691515 0.589892 0.027127 0.018133
0 0.954644 0.362172 0.024306 0.014853
0 0.928602 0.362847 0.016493 0.018519
0 0.579970 0.613137 0.031467 0.022184
0 0.412435 0.682774 0.032335 0.019483
0 0.342231 0.710938 0.035156 0.016782
0 0.949870 0.334394 0.020399 0.021412
0 0.544488 0.369309 0.017361 0.024498
0 0.417318 0.379823 0.029948 0.020062
0 0.537109 0.207948 0.012153 0.010802
0 0.488824 0.207272 0.011068 0.014082
0 0.474501 0.208044 0.015408 0.012539
0 0.342122 0.710745 0.034505 0.016397
0 0.442166 0.208526 0.012804 0.011574
0 0.984592 0.145351 0.030382 0.029900
0 0.549696 0.174769 0.020833 0.020062
0 0.516493 0.171103 0.019097 0.022377
0 0.477539 0.180556 0.020182 0.015818
0 0.498589 0.169850 0.025391 0.014853
0 0.459635 0.173322 0.019531 0.018326
0 0.431424 0.181231 0.029080 0.020640
0 0.573351 0.102141 0.014323 0.008295
0 0.556749 0.102334 0.016276 0.007523
0 0.639214 0.062114 0.012804 0.011188
0 0.338433 0.669753 0.031467 0.024306
0 0.297418 0.672550 0.030599 0.026427
0 0.410699 0.174865 0.019748 0.021798
0 0.452799 0.121528 0.026259 0.017747
0 0.541667 0.075039 0.017361 0.023920
0 0.474067 0.079861 0.012804 0.017747
0 0.320312 0.708044 0.019531 0.012539
0 0.202799 0.686053 0.014540 0.021798
0 0.129666 0.674576 0.034939 0.023920
0 0.282118 0.473862 0.025174 0.032600
0 0.235569 0.436921 0.011502 0.017747
0 0.134223 0.466917 0.030599 0.019097
0 0.023980 0.787326 0.031033 0.014468
0 0.192274 0.383005 0.034288 0.021798
0 0.131185 0.459105 0.034939 0.034336
0 0.124023 0.454861 0.021050 0.027392
0 0.148872 0.375579 0.017795 0.020833
0 0.096571 0.375482 0.019097 0.018711
0 0.010634 0.530864 0.021267 0.038966
0 0.081380 0.374711 0.013455 0.017940
0 0.028429 0.423129 0.019531 0.016397
0 0.280707 0.291667 0.024089 0.028164
0 0.052626 0.373553 0.021050 0.030285
0 0.005208 0.421971 0.010417 0.013310
0 0.232205 0.272666 0.017795 0.016397
0 0.266385 0.146798 0.011936 0.019676
0 0.550239 0.055941 0.014540 0.018133
0 0.442600 0.070505 0.015842 0.019869
0 0.249349 0.149595 0.016493 0.014082
0 0.395291 0.068383 0.010200 0.019869
0 0.341254 0.079379 0.020616 0.015239
0 0.818142 0.042342 0.024740 0.015239
0 0.490668 0.042728 0.009115 0.019483
0 0.473090 0.038773 0.021701 0.018904
0 0.024631 0.370853 0.033637 0.025656
0 0.485026 0.143904 0.024740 0.009645
0 0.446398 0.235050 0.021701 0.023341
