0 0.811957 0.982928 0.018446 0.008295
0 0.776150 0.871335 0.015408 0.011188
0 0.805447 0.796296 0.006727 0.010802
0 0.635525 0.915316 0.036675 0.020833
0 0.552734 0.968171 0.020399 0.015818
0 0.621636 0.797743 0.010200 0.012924
0 0.447374 0.970293 0.025825 0.026620
0 0.563043 0.796586 0.016710 0.010224
0 0.512044 0.796489 0.028863 0.013117
0 0.820747 0.621431 0.027344 0.017940
0 0.533854 0.774884 0.023872 0.027778
0 0.330078 0.967496 0.021701 0.013310
0 0.269965 0.963349 0.019531 0.022377
0 0.263780 0.959105 0.009332 0.015046
0 0.313368 0.838831 0.023438 0.024884
0 0.320204 0.707851 0.019314 0.011767
0 0.206923 0.898438 0.028863 0.019097
0 0.171115 0.923611 0.008030 0.009259
0 0.102865 0.985918 0.009549 0.018904
0 0.949327 0.609954 0.027995 0.023534
0 0.691732 0.589988 0.027127 0.017940
0 0.578125 0.610050 0.023438 0.015625
0 0.410916 0.682292 0.037977 0.014660
0 0.341797 0.710841 0.035156 0.016204
0 0.953993 0.362269 0.023003 0.015046
0 0.337240 0.670332 0.033854 0.025077
0 0.297309 0.671393 0.030816 0.026813
0 0.928711 0.363137 0.016710 0.018326
0 0.544488 0.369213 0.016927 0.024306
0 0.417860 0.380208 0.028863 0.019676
0 0.203342 0.687404 0.014323 0.019097
0 0.115234 0.963735 0.031684 0.029707
0 0.129991 0.674769 0.035590 0.023534
0 0.281467 0.474151 0.023872 0.031636
0 0.235786 0.437018 0.011502 0.017554
0 0.192383 0.383198 0.034071 0.021798
0 0.131185 0.459298 0.034505 0.033951
0 0.122613 0.452546 0.018663 0.022762
0 0.148438 0.375675 0.017795 0.019869
0 0.096788 0.375386 0.019097 0.018519
0 0.081055 0.374711 0.012370 0.017554
0 0.537326 0.207948 0.012153 0.012346
0 0.447049 0.234375 0.024306 0.023148
0 0.488498 0.206983 0.010417 0.014660
0 0.474175 0.208333 0.016059 0.011960
0 0.442383 0.208719 0.013238 0.011188
0 0.984701 0.145351 0.030165 0.029514
0 0.549479 0.174576 0.020833 0.019290
0 0.516710 0.171393 0.019531 0.022569
0 0.477214 0.180170 0.019965 0.016204
0 0.498698 0.170042 0.025174 0.014853
0 0.460720 0.173322 0.019531 0.018711
0 0.431858 0.181231 0.029514 0.020255
0 0.410265 0.175444 0.018880 0.021798
0 0.485460 0.146219 0.026042 0.013117
0 0.573785 0.102141 0.014323 0.008681
0 0.556641 0.102431 0.016059 0.007330
0 0.638455 0.062211 0.011719 0.011381
0 0.453125 0.121335 0.025608 0.018133
0 0.541667 0.075135 0.016927 0.024498
0 0.474392 0.079958 0.012587 0.017940
0 0.023112 0.787326 0.030599 0.014853
0 0.010525 0.531154 0.021050 0.038773
0 0.028971 0.422936 0.021484 0.016782
0 0.282986 0.292728 0.028212 0.029900
0 0.266168 0.148920 0.011936 0.015432
0 0.550564 0.055748 0.014323 0.017747
0 0.442491 0.070602 0.016059 0.020062
0 0.395291 0.068287 0.009766 0.019676
0 0.249132 0.148727 0.016059 0.013889
0 0.341254 0.079475 0.020616 0.015432
0 0.049805 0.371046 0.027995 0.025656
0 0.005425 0.422550 0.010851 0.012539
0 0.818034 0.041860 0.025391 0.016204
0 0.231771 0.273823 0.017361 0.014468
0 0.026259 0.370177 0.032118 0.027006
0 0.015299 0.349055 0.030599 0.023341
0 0.767795 0.030285 0.029514 0.018904
0 0.717990 0.027971 0.018446 0.016590
0 0.490994 0.042535 0.010200 0.019483
0 0.464193 0.040220 0.036024 0.016397
0 0.153429 0.040220 0.030382 0.020640
0 0.950846 0.334684 0.020182 0.018519
