0 0.813151 0.983314 0.016493 0.010995
0 0.775174 0.871817 0.014323 0.012153
0 0.635200 0.915509 0.036892 0.020448
0 0.553060 0.968268 0.020182 0.016011
0 0.455295 0.973187 0.010851 0.021991
0 0.565430 0.795332 0.016276 0.010031
0 0.446289 0.971354 0.028429 0.024884
0 0.443251 0.965760 0.023220 0.014468
0 0.508789 0.796682 0.014106 0.013889
0 0.533095 0.774981 0.021484 0.027585
0 0.331489 0.967110 0.019314 0.013696
0 0.269748 0.963735 0.020833 0.023148
0 0.313260 0.840181 0.022786 0.024884
0 0.206706 0.899016 0.031033 0.018711
0 0.147786 0.996624 0.007812 0.006366
0 0.171115 0.924383 0.008464 0.009645
0 0.118707 0.955826 0.015625 0.017361
0 0.102648 0.985918 0.009115 0.018133
0 0.949436 0.610243 0.027344 0.024884
0 0.821506 0.621528 0.028429 0.017747
0 0.953016 0.362558 0.021050 0.014853
0 0.928494 0.362461 0.016276 0.018133
0 0.950521 0.334008 0.021701 0.021026
0 0.691406 0.589988 0.026910 0.017940
0 0.581489 0.608121 0.030165 0.012539
0 0.412760 0.681134 0.029080 0.021219
0 0.343099 0.711034 0.036458 0.016204
0 0.319987 0.707851 0.019314 0.011767
0 0.344727 0.669657 0.050130 0.024113
0 0.334852 0.669464 0.030816 0.023727
0 0.297526 0.670235 0.030382 0.025270
0 0.544596 0.369213 0.017578 0.024306
0 0.417318 0.380305 0.029948 0.019869
0 0.201714 0.685475 0.018012 0.021798
0 0.129991 0.674672 0.035156 0.024113
0 0.281901 0.473958 0.024740 0.032022
0 0.235569 0.437018 0.011936 0.017554
0 0.192057 0.383005 0.033420 0.021798
0 0.130751 0.458719 0.034939 0.035108
0 0.148872 0.375772 0.018229 0.020833
0 0.537218 0.207562 0.012370 0.011574
0 0.984701 0.145544 0.030165 0.029514
0 0.489583 0.206597 0.010417 0.013889
0 0.476888 0.206694 0.014106 0.015239
0 0.549371 0.174769 0.021050 0.020062
0 0.516710 0.171296 0.018663 0.022377
0 0.477431 0.180459 0.019965 0.015625
0 0.498264 0.169946 0.024740 0.015046
0 0.459961 0.173418 0.020182 0.018904
0 0.431641 0.181520 0.029080 0.020448
0 0.494249 0.152103 0.023655 0.019097
0 0.410265 0.174865 0.019314 0.021798
0 0.573351 0.102045 0.014323 0.008488
0 0.556641 0.102623 0.016927 0.006944
0 0.453016 0.121431 0.026259 0.017940
0 0.544596 0.080633 0.014106 0.013117
0 0.639540 0.062018 0.012587 0.011381
0 0.540582 0.073013 0.015191 0.019483
0 0.474175 0.079861 0.012587 0.017747
0 0.023655 0.786941 0.030382 0.014853
0 0.097222 0.375482 0.018663 0.018326
0 0.081163 0.375000 0.013021 0.017361
0 0.282878 0.292149 0.027995 0.028356
0 0.010634 0.530671 0.021267 0.038966
0 0.028754 0.423322 0.021484 0.016011
0 0.049371 0.373457 0.029297 0.027392
0 0.232205 0.272280 0.017795 0.014853
0 0.267904 0.145158 0.013672 0.023727
0 0.551107 0.056809 0.013672 0.016397
0 0.442491 0.070505 0.016059 0.020255
0 0.249240 0.148823 0.016276 0.013310
0 0.395291 0.068480 0.009766 0.019290
0 0.341254 0.079668 0.020616 0.015432
0 0.818468 0.042631 0.025391 0.015432
0 0.489800 0.042631 0.009115 0.019290
0 0.472873 0.039641 0.019965 0.017554
0 0.005425 0.423225 0.010851 0.011188
0 0.018555 0.369888 0.032335 0.023727
0 0.153754 0.038387 0.029731 0.025077
0 0.444444 0.234857 0.018663 0.022184
0 0.445312 0.209105 0.017795 0.011574
