0 0.659505 0.991223 0.024740 0.017168
0 0.659831 0.968171 0.014106 0.020448
0 0.632921 0.984568 0.031467 0.014660
0 0.608941 0.995563 0.025174 0.008488
0 0.745226 0.820312 0.015625 0.029128
0 0.581597 0.988908 0.021701 0.021798
0 0.590495 0.964120 0.015625 0.011574
0 0.563043 0.991223 0.018880 0.017168
0 0.570964 0.951196 0.022135 0.032407
0 0.530490 0.987847 0.018446 0.023920
0 0.497504 0.986593 0.021050 0.026427
0 0.535156 0.902681 0.025174 0.012153
0 0.558160 0.792728 0.037760 0.022955
0 0.405599 0.961902 0.009115 0.015625
0 0.397135 0.872106 0.026476 0.014275
0 0.371419 0.873746 0.021484 0.030671
0 0.743924 0.615258 0.036458 0.029900
0 0.665907 0.605324 0.045356 0.025463
0 0.784397 0.492959 0.004991 0.010610
0 0.724392 0.527971 0.015191 0.025463
0 0.689562 0.489583 0.023655 0.025463
0 0.624783 0.482542 0.020833 0.020255
0 0.591905 0.486979 0.017578 0.018711
0 0.553711 0.514275 0.016710 0.021991
0 0.714301 0.400849 0.030165 0.025849
0 0.605686 0.454861 0.021267 0.027778
0 0.534288 0.488908 0.010851 0.021412
0 0.661350 0.405382 0.027995 0.017168
0 0.685004 0.390336 0.029731 0.017554
0 0.709961 0.372203 0.014540 0.021412
0 0.633789 0.394579 0.021918 0.022184
0 0.245985 0.930170 0.012370 0.025077
0 0.357639 0.709298 0.015625 0.028549
0 0.482096 0.483796 0.009332 0.020448
0 0.615234 0.401331 0.019097 0.026813
0 0.474067 0.484471 0.009332 0.020255
0 0.478190 0.484375 0.015842 0.021219
0 0.582791 0.394097 0.018880 0.025077
0 0.548503 0.395544 0.021918 0.024498
0 0.344184 0.707851 0.014757 0.028742
0 0.621853 0.351948 0.020616 0.027199
0 0.404405 0.418403 0.030599 0.014660
0 0.585720 0.303627 0.024306 0.013889
0 0.794054 0.216821 0.015625 0.030478
0 0.446181 0.274788 0.026910 0.014853
0 0.311198 0.789062 0.026042 0.029128
0 0.303928 0.767650 0.014540 0.021412
0 0.419271 0.277103 0.022569 0.030285
0 0.615994 0.193769 0.020182 0.019097
0 0.606445 0.189140 0.037977 0.024498
0 0.232530 0.770737 0.034071 0.018711
0 0.192166 0.816165 0.013672 0.020062
0 0.225152 0.706115 0.036241 0.027199
0 0.294488 0.341146 0.013021 0.025656
0 0.356988 0.191840 0.025608 0.029514
0 0.237088 0.791956 0.014106 0.026427
0 0.349718 0.169753 0.015408 0.021991
0 0.236979 0.224441 0.014323 0.019483
0 0.282010 0.197917 0.013672 0.025849
0 0.276584 0.177758 0.035373 0.018711
0 0.171441 0.780285 0.019965 0.026620
0 0.129232 0.785012 0.022352 0.023341
0 0.122396 0.776910 0.020399 0.019097
0 0.072591 0.854167 0.010634 0.014660
0 0.100152 0.778935 0.018880 0.028164
0 0.100043 0.780768 0.019097 0.030671
0 0.088867 0.769387 0.024089 0.016782
0 0.097439 0.725984 0.023872 0.016397
0 0.077908 0.801698 0.042535 0.026620
0 0.084418 0.770062 0.043403 0.019290
0 0.073242 0.771219 0.027995 0.020062
0 0.077582 0.723669 0.013238 0.010224
0 0.214844 0.188947 0.022135 0.024884
0 0.114692 0.271508 0.009766 0.014853
0 0.171549 0.196470 0.022352 0.023727
0 0.164280 0.188465 0.021701 0.020448
0 0.142795 0.194637 0.018229 0.031636
0 0.064128 0.771316 0.047092 0.019869
0 0.049588 0.770544 0.020616 0.018326
0 0.124349 0.184124 0.028212 0.017168
0 0.109266 0.187982 0.020182 0.019483
0 0.785590 0.010417 0.037760 0.020833
0 0.401150 0.108025 0.016276 0.028164
0 0.387587 0.107060 0.013889 0.027778
0 0.268229 0.109954 0.036458 0.026620
0 0.037435 0.736883 0.020616 0.038580
0 0.092014 0.188272 0.023872 0.017747
0 0.138238 0.138407 0.025608 0.017168
0 0.133572 0.137539 0.018012 0.015046
0 0.115994 0.137056 0.016710 0.013696
0 0.077582 0.153260 0.021918 0.039159
0 0.111979 0.065586 0.037326 0.028164
0 0.721029 0.004919 0.018012 0.009838
0 0.685764 0.530093 0.029514 0.014275
0 0.581923 0.512346 0.009766 0.015046
0 0.620985 0.511381 0.018446 0.010802
0 0.579210 0.394387 0.011719 0.024884
0 0.553928 0.394290 0.011068 0.024306
0 0.597982 0.455440 0.009332 0.028164
0 0.684353 0.490258 0.012370 0.026042
0 0.634006 0.366705 0.010200 0.015432
0 0.594401 0.303627 0.008681 0.013889
0 0.596137 0.364198 0.013889 0.006559
0 0.648546 0.365741 0.014974 0.008873
0 0.626085 0.423611 0.008681 0.015432
0 0.640516 0.428337 0.016276 0.009066
0 0.648003 0.426505 0.010851 0.008488
0 0.713650 0.459780 0.021484 0.007137
