0 0.659397 0.991030 0.024089 0.017554
0 0.660048 0.968171 0.014106 0.020833
0 0.632921 0.984568 0.033203 0.016204
0 0.608724 0.995563 0.024306 0.008488
0 0.587999 0.989487 0.011936 0.020640
0 0.745334 0.820409 0.015842 0.029321
0 0.577691 0.987172 0.013889 0.019097
0 0.562826 0.991127 0.018446 0.017361
0 0.571072 0.951485 0.022352 0.032215
0 0.530816 0.987944 0.019097 0.023727
0 0.503472 0.984857 0.010417 0.024498
0 0.491970 0.988233 0.012153 0.023148
0 0.497721 0.986593 0.021484 0.026427
0 0.557943 0.792631 0.037760 0.023148
0 0.405490 0.961420 0.009332 0.016204
0 0.397027 0.872106 0.026693 0.014660
0 0.371528 0.873746 0.021267 0.030671
0 0.744249 0.615162 0.037977 0.030478
0 0.665907 0.605421 0.046224 0.025656
0 0.784722 0.492959 0.006944 0.010610
0 0.724392 0.527874 0.015191 0.025656
0 0.688477 0.488715 0.019748 0.027199
0 0.625434 0.482350 0.018663 0.021026
0 0.592014 0.487365 0.017795 0.018711
0 0.553711 0.514178 0.017144 0.022569
0 0.714410 0.400945 0.030816 0.026042
0 0.610352 0.452160 0.014974 0.021219
0 0.598633 0.454379 0.012370 0.028742
0 0.534505 0.489005 0.010417 0.021219
0 0.685438 0.390336 0.031467 0.017940
0 0.710503 0.372589 0.015191 0.022569
0 0.660156 0.405671 0.029948 0.018133
0 0.640625 0.393615 0.011719 0.018326
0 0.629557 0.392650 0.013889 0.018326
0 0.482205 0.484568 0.009983 0.021605
0 0.614583 0.401427 0.019097 0.027006
0 0.245985 0.930170 0.012370 0.025849
0 0.343967 0.707851 0.014323 0.028742
0 0.478299 0.484664 0.015625 0.021026
0 0.474392 0.484857 0.008247 0.021412
0 0.582899 0.394001 0.018229 0.024884
0 0.553819 0.392650 0.012587 0.024884
0 0.548720 0.394097 0.022352 0.026620
0 0.621745 0.351755 0.020833 0.027199
0 0.586914 0.303819 0.021050 0.014275
0 0.793945 0.217207 0.015408 0.030093
0 0.446072 0.274691 0.026693 0.014660
0 0.311089 0.788870 0.025825 0.030285
0 0.302517 0.767554 0.018229 0.019290
0 0.371636 0.299190 0.008898 0.009645
0 0.237305 0.791667 0.014106 0.026235
0 0.231988 0.770448 0.032986 0.017747
0 0.418945 0.277296 0.021918 0.030285
0 0.192274 0.816262 0.013889 0.019483
0 0.225152 0.706115 0.036241 0.027585
0 0.294488 0.341049 0.013021 0.025849
0 0.607313 0.188175 0.039714 0.026042
0 0.356988 0.191840 0.025608 0.029900
0 0.348199 0.171007 0.018880 0.019483
0 0.236979 0.224537 0.014323 0.019290
0 0.281684 0.197820 0.013889 0.026042
0 0.277127 0.177855 0.035156 0.018904
0 0.171549 0.779321 0.020182 0.025077
0 0.128906 0.785783 0.022569 0.024884
0 0.122938 0.776235 0.018880 0.020062
0 0.072591 0.853684 0.010200 0.015625
0 0.100369 0.780189 0.018446 0.029514
0 0.086806 0.769290 0.026476 0.016975
0 0.086263 0.769097 0.025391 0.016590
0 0.097439 0.726080 0.023872 0.016204
0 0.077691 0.801890 0.042101 0.026620
0 0.077040 0.723862 0.014757 0.010224
0 0.214844 0.189236 0.022135 0.024691
0 0.142687 0.194927 0.018446 0.032600
0 0.131076 0.184028 0.032986 0.017361
0 0.171658 0.197338 0.021701 0.025077
0 0.123372 0.183738 0.027995 0.017168
0 0.058811 0.771894 0.036458 0.019097
0 0.050890 0.771605 0.022352 0.015818
0 0.044054 0.725887 0.013021 0.017747
0 0.037109 0.737365 0.019965 0.038773
0 0.106120 0.187789 0.026476 0.019483
0 0.165799 0.188272 0.019531 0.019676
0 0.098524 0.188079 0.036458 0.018519
0 0.785590 0.010320 0.037326 0.020640
0 0.107530 0.186825 0.054905 0.021412
0 0.401150 0.108121 0.016276 0.027585
0 0.387695 0.107253 0.014106 0.028164
0 0.268338 0.109954 0.036241 0.026620
0 0.138238 0.138407 0.025608 0.016782
0 0.011068 0.794464 0.022135 0.049190
0 0.049913 0.211420 0.024306 0.050540
0 0.721246 0.005015 0.018446 0.010031
0 0.115777 0.137442 0.017578 0.013696
0 0.083008 0.141590 0.014974 0.017361
0 0.077799 0.152874 0.022786 0.038773
0 0.395725 0.417921 0.011502 0.013310
0 0.455404 0.368827 0.013672 0.018904
0 0.412218 0.416281 0.016710 0.010802
0 0.710069 0.463059 0.010417 0.007909
0 0.617296 0.512153 0.012804 0.012346
0 0.583225 0.513503 0.010634 0.016975
0 0.686089 0.529803 0.028429 0.014853
0 0.544054 0.902392 0.008247 0.013889
0 0.531467 0.902392 0.010851 0.013117
0 0.324978 0.893615 0.008030 0.009066
0 0.313260 0.891975 0.005859 0.005787
0 0.577908 0.951389 0.014323 0.032022
0 0.592231 0.962384 0.013455 0.010417
0 0.581597 0.962288 0.008247 0.011767
0 0.544379 0.960262 0.020182 0.006173
0 0.357313 0.708719 0.016710 0.029321
0 0.626085 0.423997 0.008247 0.012346
0 0.637804 0.428048 0.008681 0.009645
0 0.647569 0.426505 0.010851 0.007716
0 0.592339 0.364390 0.006727 0.006173
0 0.631944 0.369213 0.006510 0.009259
0 0.587891 0.393519 0.008247 0.023148
0 0.645616 0.367477 0.009983 0.011188
0 0.613173 0.400849 0.015408 0.024691
0 0.710178 0.405768 0.021484 0.017940
