0 0.659397 0.991319 0.024957 0.016975
0 0.659831 0.968268 0.014106 0.020640
0 0.632595 0.984761 0.031250 0.015432
0 0.609049 0.995660 0.027127 0.008295
0 0.745334 0.820216 0.015842 0.029321
0 0.582574 0.988908 0.021484 0.021798
0 0.562826 0.990355 0.017144 0.018904
0 0.570964 0.951389 0.022135 0.032407
0 0.530490 0.987847 0.018446 0.023920
0 0.502604 0.985532 0.011719 0.024306
0 0.492079 0.988233 0.012370 0.023148
0 0.497287 0.987076 0.021484 0.025463
0 0.534939 0.902392 0.025174 0.012731
0 0.558051 0.792728 0.037977 0.023341
0 0.405599 0.961902 0.009549 0.016397
0 0.397027 0.872106 0.026693 0.014275
0 0.371528 0.873746 0.021267 0.030671
0 0.743164 0.613329 0.037543 0.026427
0 0.784505 0.493056 0.005208 0.010417
0 0.724175 0.527778 0.015191 0.025849
0 0.690864 0.489198 0.025825 0.025849
0 0.624783 0.482735 0.020833 0.020255
0 0.591905 0.487076 0.017578 0.018519
0 0.714193 0.400849 0.029514 0.025849
0 0.606771 0.454475 0.026042 0.027392
0 0.534288 0.489101 0.010851 0.020640
0 0.660048 0.405285 0.030165 0.017747
0 0.683702 0.390239 0.030165 0.018133
0 0.710395 0.372010 0.015408 0.021798
0 0.634440 0.393904 0.023220 0.021605
0 0.615560 0.400849 0.019748 0.028549
0 0.246094 0.930170 0.012587 0.025077
0 0.357639 0.709105 0.015625 0.028935
0 0.344184 0.707851 0.014757 0.028742
0 0.473633 0.485050 0.008464 0.021026
0 0.475260 0.484761 0.011285 0.021219
0 0.478299 0.484471 0.016059 0.021026
0 0.582791 0.394194 0.018880 0.024884
0 0.554145 0.392458 0.013238 0.025270
0 0.543186 0.395737 0.012153 0.024498
0 0.622396 0.352816 0.022135 0.028935
0 0.403537 0.418403 0.032769 0.014660
0 0.579970 0.303627 0.012804 0.013117
0 0.585286 0.303241 0.023872 0.013503
0 0.794054 0.217014 0.016059 0.030093
0 0.455404 0.367863 0.011502 0.016975
0 0.445964 0.275270 0.026910 0.014275
0 0.311198 0.788966 0.026042 0.029707
0 0.304905 0.768229 0.013021 0.020255
0 0.367079 0.298997 0.016276 0.009645
0 0.419596 0.277006 0.022786 0.030093
0 0.236762 0.791667 0.014323 0.026620
0 0.232422 0.770833 0.034288 0.018904
0 0.192057 0.816840 0.013455 0.019097
0 0.225586 0.706115 0.035373 0.027199
0 0.171224 0.780382 0.021267 0.026427
0 0.616319 0.194252 0.019965 0.018133
0 0.606011 0.189236 0.037977 0.024306
0 0.294488 0.340953 0.013021 0.026042
0 0.356988 0.191454 0.025608 0.028742
0 0.237088 0.224441 0.014540 0.019483
0 0.129340 0.785783 0.023003 0.022955
0 0.121962 0.775656 0.020833 0.018519
0 0.072591 0.853974 0.010200 0.015046
0 0.100043 0.780285 0.018663 0.030093
0 0.085720 0.769194 0.024306 0.016397
0 0.097005 0.725984 0.024306 0.016011
0 0.078125 0.771316 0.032118 0.019483
0 0.077257 0.723573 0.013021 0.010417
0 0.114475 0.271508 0.010200 0.014853
0 0.349935 0.170718 0.014540 0.023534
0 0.281901 0.198013 0.013889 0.025656
0 0.276693 0.177662 0.036024 0.018519
0 0.214952 0.189043 0.022352 0.025077
0 0.171984 0.197531 0.021918 0.024691
0 0.165039 0.187500 0.020182 0.018133
0 0.142361 0.194830 0.018229 0.032022
0 0.057400 0.771316 0.035807 0.018711
0 0.050781 0.770640 0.022569 0.017361
0 0.785699 0.009934 0.036675 0.019869
0 0.401150 0.108121 0.016276 0.027971
0 0.387478 0.107446 0.013672 0.028164
0 0.268229 0.109954 0.036458 0.026620
0 0.037109 0.737172 0.020399 0.038773
0 0.132487 0.185860 0.037109 0.020640
0 0.099718 0.187789 0.038845 0.019097
0 0.109158 0.186728 0.055556 0.021605
0 0.138346 0.138503 0.025825 0.017361
0 0.044488 0.726080 0.013021 0.018133
0 0.721137 0.005015 0.018663 0.010031
0 0.116319 0.137346 0.017361 0.013503
0 0.083116 0.140914 0.013889 0.017168
0 0.078016 0.152874 0.021918 0.039545
0 0.665799 0.605710 0.047309 0.025077
0 0.554145 0.516686 0.022786 0.027585
0 0.683919 0.529803 0.033203 0.015239
0 0.710938 0.462288 0.005642 0.007909
0 0.626411 0.424093 0.008030 0.012153
0 0.637370 0.428337 0.007812 0.009066
0 0.647244 0.426119 0.008464 0.008488
0 0.646159 0.367477 0.008464 0.011188
0 0.621636 0.364390 0.004123 0.003858
0 0.633247 0.367477 0.008681 0.011960
0 0.585069 0.393422 0.014323 0.023727
0 0.593533 0.364487 0.009549 0.005980
0 0.629449 0.393904 0.011936 0.021605
0 0.610135 0.400174 0.009332 0.026427
0 0.601888 0.454668 0.014974 0.026620
