0 0.913845 0.976080 0.032552 0.030864
0 0.810981 0.984761 0.021267 0.012731
0 0.737413 0.988619 0.008681 0.008873
0 0.650391 0.923225 0.019531 0.021605
0 0.635417 0.915316 0.019097 0.019676
0 0.634549 0.916860 0.021701 0.022762
0 0.632812 0.916860 0.022569 0.021219
0 0.618924 0.924576 0.013021 0.021991
0 0.626519 0.918017 0.028212 0.021991
0 0.560113 0.975694 0.014323 0.021605
0 0.556207 0.965278 0.025608 0.020062
0 0.611328 0.796296 0.012587 0.010802
0 0.445312 0.975502 0.013021 0.018133
0 0.450955 0.975694 0.024306 0.020833
0 0.421875 0.995177 0.009549 0.008873
0 0.428385 0.994792 0.022569 0.009645
0 0.833984 0.711034 0.006510 0.005401
0 0.950738 0.606096 0.034288 0.028549
0 0.758898 0.707948 0.017795 0.017747
0 0.814019 0.621721 0.028212 0.018904
0 0.534288 0.802276 0.020833 0.020448
0 0.531684 0.781636 0.021701 0.013889
0 0.505642 0.793596 0.013021 0.029321
0 0.494575 0.794367 0.011719 0.028549
0 0.692274 0.585841 0.034722 0.020448
0 0.590495 0.607253 0.014323 0.010031
0 0.583550 0.608989 0.027344 0.013503
0 0.576172 0.608989 0.012587 0.013503
0 0.326172 0.969329 0.027344 0.015818
0 0.428602 0.681713 0.021267 0.020062
0 0.261285 0.967014 0.031250 0.020448
0 0.307943 0.851466 0.024740 0.030093
0 0.352431 0.708912 0.018229 0.011960
0 0.343533 0.708526 0.036892 0.012731
0 0.348090 0.685571 0.022569 0.019290
0 0.326172 0.707755 0.017795 0.011188
0 0.339627 0.708526 0.043837 0.013503
0 0.334201 0.684606 0.015625 0.023534
0 0.342882 0.685185 0.032986 0.023148
0 0.213759 0.911651 0.012587 0.021605
0 0.201389 0.906829 0.017361 0.023534
0 0.296875 0.675540 0.029514 0.014660
0 0.295139 0.681713 0.032118 0.026235
0 0.128906 0.965471 0.019097 0.026620
0 0.200304 0.688465 0.016059 0.018904
0 0.110894 0.977045 0.024740 0.038194
0 0.111111 0.790123 0.015625 0.027006
0 0.122179 0.687500 0.016059 0.017747
0 0.133898 0.677276 0.032552 0.025077
0 0.912977 0.364583 0.021267 0.020833
0 0.430773 0.377315 0.043837 0.020833
0 0.277995 0.475502 0.030816 0.032793
0 0.935764 0.340085 0.009549 0.009645
0 0.132812 0.679977 0.033854 0.028935
0 0.207682 0.440008 0.023872 0.011960
0 0.536675 0.209877 0.009983 0.006944
0 0.478516 0.207176 0.019531 0.013117
0 0.445747 0.225502 0.030382 0.034336
0 0.287109 0.306520 0.022135 0.028935
0 0.192491 0.379244 0.037760 0.017747
0 0.266710 0.291860 0.016059 0.021991
0 0.357639 0.232832 0.011285 0.021991
0 0.989583 0.145255 0.019965 0.030478
0 0.557292 0.171875 0.023438 0.021219
0 0.524306 0.169946 0.024306 0.022762
0 0.475694 0.177276 0.019097 0.028935
0 0.498481 0.161073 0.024740 0.025849
0 0.459418 0.167824 0.015191 0.030093
0 0.486762 0.153935 0.036892 0.022377
0 0.430556 0.175540 0.026910 0.029321
0 0.405382 0.174576 0.013021 0.020448
0 0.427300 0.163966 0.012587 0.020062
0 0.426866 0.163387 0.012587 0.018904
0 0.400608 0.174190 0.021701 0.021219
0 0.563368 0.101273 0.015625 0.009645
0 0.456814 0.117670 0.018663 0.014660
0 0.544488 0.080633 0.013455 0.013117
0 0.135200 0.459105 0.039497 0.036265
0 0.136285 0.375193 0.033854 0.018904
0 0.089844 0.374614 0.026042 0.025463
0 0.393880 0.172068 0.010851 0.020833
0 0.444878 0.108410 0.017361 0.023148
0 0.635200 0.062114 0.011719 0.010802
0 0.492622 0.077546 0.010417 0.020062
0 0.024306 0.789159 0.028646 0.018904
0 0.009983 0.530671 0.019965 0.038194
0 0.054688 0.373071 0.014757 0.022377
0 0.028212 0.425540 0.020833 0.011574
0 0.536458 0.069252 0.010417 0.021991
0 0.551215 0.057677 0.019097 0.013503
0 0.240017 0.272955 0.019097 0.015818
0 0.219184 0.275270 0.018229 0.011188
0 0.256944 0.149498 0.013021 0.014275
0 0.273220 0.144869 0.017795 0.022762
0 0.435547 0.070216 0.009115 0.019290
0 0.403863 0.076775 0.012587 0.018519
0 0.443142 0.058256 0.013889 0.021605
0 0.344618 0.074074 0.018229 0.022377
0 0.348090 0.072338 0.014757 0.021991
0 0.356771 0.067708 0.010417 0.020448
0 0.490234 0.040702 0.008247 0.021219
0 0.472005 0.033565 0.013455 0.022377
0 0.468967 0.032793 0.017795 0.023148
0 0.459201 0.029514 0.010417 0.020448
0 0.949870 0.334105 0.017795 0.012346
0 0.821615 0.795910 0.010417 0.008488
0 0.374132 0.356867 0.009549 0.004630
0 0.411024 0.277778 0.006944 0.008488
