0 0.912760 0.977816 0.032118 0.033565
0 0.810981 0.984954 0.022135 0.013117
0 0.737413 0.988426 0.009549 0.008488
0 0.652344 0.923032 0.015625 0.021991
0 0.625217 0.921103 0.025608 0.025077
0 0.629774 0.920332 0.034722 0.025849
0 0.560330 0.975887 0.013889 0.023534
0 0.556207 0.965664 0.025608 0.020833
0 0.611328 0.796296 0.013455 0.010802
0 0.445530 0.975694 0.013455 0.018519
0 0.450955 0.975502 0.024306 0.020448
0 0.430990 0.995370 0.018229 0.008488
0 0.821181 0.795910 0.009549 0.008488
0 0.949436 0.605710 0.031684 0.030093
0 0.758898 0.707755 0.016927 0.017361
0 0.422092 0.994599 0.013455 0.010031
0 0.535156 0.805363 0.018229 0.015046
0 0.814453 0.620177 0.028212 0.015818
0 0.531901 0.782215 0.021267 0.015818
0 0.505859 0.793596 0.012587 0.028549
0 0.494575 0.794560 0.011719 0.028935
0 0.326389 0.969329 0.027778 0.015818
0 0.261285 0.966628 0.031250 0.020448
0 0.307943 0.851080 0.024740 0.030093
0 0.213325 0.911458 0.013455 0.022762
0 0.201172 0.906829 0.017795 0.022762
0 0.128689 0.964313 0.017795 0.025849
0 0.691623 0.587384 0.031684 0.017361
0 0.590278 0.606867 0.014757 0.009259
0 0.576389 0.608218 0.013021 0.011960
0 0.912977 0.364776 0.019531 0.019676
0 0.938585 0.336034 0.016059 0.016204
0 0.944878 0.335069 0.026910 0.016590
0 0.428385 0.681713 0.022569 0.020062
0 0.353516 0.708912 0.018663 0.011960
0 0.348524 0.685378 0.022569 0.018904
0 0.340495 0.708333 0.044705 0.013117
0 0.296875 0.674383 0.028646 0.012346
0 0.294054 0.682292 0.030816 0.025849
0 0.536024 0.210069 0.008681 0.006559
0 0.411024 0.277585 0.006944 0.010417
0 0.478082 0.207176 0.020399 0.012346
0 0.557726 0.172647 0.023438 0.020448
0 0.430773 0.377122 0.043837 0.021219
0 0.524306 0.169174 0.024306 0.023534
0 0.328993 0.708719 0.022569 0.013117
0 0.334201 0.684221 0.015625 0.023534
0 0.342882 0.684414 0.032986 0.023148
0 0.199870 0.688465 0.016927 0.018904
0 0.278212 0.474730 0.031250 0.033565
0 0.211155 0.435185 0.015191 0.016975
0 0.287326 0.306906 0.021701 0.028164
0 0.192274 0.379437 0.038194 0.017361
0 0.266710 0.291860 0.016059 0.021991
0 0.357856 0.233025 0.011719 0.022377
0 0.475911 0.177855 0.018663 0.028549
0 0.497830 0.161265 0.023438 0.024691
0 0.445530 0.225309 0.029080 0.034722
0 0.496745 0.162037 0.027344 0.025463
0 0.430556 0.178241 0.026910 0.023920
0 0.495009 0.158951 0.028212 0.030093
0 0.495443 0.156829 0.027344 0.026620
0 0.459418 0.167245 0.015191 0.031250
0 0.485243 0.157600 0.032118 0.028935
0 0.488715 0.156057 0.039931 0.027392
0 0.478299 0.155093 0.020833 0.025463
0 0.405165 0.175154 0.012587 0.020833
0 0.427083 0.163773 0.013021 0.018904
0 0.563368 0.100887 0.015625 0.009645
0 0.456814 0.117863 0.019531 0.014275
0 0.638455 0.062693 0.006076 0.009645
0 0.544705 0.080247 0.013889 0.013889
0 0.109809 0.976273 0.024306 0.038966
0 0.117622 0.973958 0.040799 0.044367
0 0.111111 0.789931 0.015625 0.027392
0 0.131944 0.684414 0.033854 0.022377
0 0.134983 0.458912 0.040799 0.036651
0 0.135851 0.374807 0.035590 0.019676
0 0.090929 0.374614 0.023872 0.024691
0 0.400391 0.173804 0.021267 0.022762
0 0.394097 0.171875 0.009549 0.020448
0 0.444878 0.108025 0.017361 0.023148
0 0.492622 0.077160 0.009549 0.020062
0 0.024957 0.788773 0.028212 0.018904
0 0.010417 0.530478 0.020833 0.037037
0 0.028429 0.425540 0.021267 0.011574
0 0.536458 0.069444 0.010417 0.021605
0 0.551215 0.057870 0.019097 0.013117
0 0.238715 0.272184 0.018229 0.015818
0 0.220486 0.275270 0.015625 0.011188
0 0.273655 0.146026 0.017795 0.019676
0 0.435764 0.071759 0.009549 0.014660
0 0.256944 0.148727 0.013021 0.015046
0 0.403212 0.076389 0.011285 0.017747
0 0.440972 0.058835 0.013021 0.026620
0 0.343967 0.080247 0.017795 0.016204
0 0.348090 0.072338 0.013021 0.021991
0 0.053819 0.371914 0.013889 0.023920
0 0.356554 0.067708 0.009983 0.018904
0 0.490234 0.040895 0.008247 0.021605
0 0.468967 0.032793 0.016927 0.023148
0 0.463325 0.031250 0.016059 0.020062
0 0.459635 0.029514 0.011285 0.020448
