0 0.914062 0.978974 0.030382 0.034336
0 0.810330 0.984568 0.023438 0.013117
0 0.654514 0.923032 0.013889 0.021991
0 0.637370 0.921875 0.018663 0.021991
0 0.618056 0.924383 0.012153 0.022377
0 0.560113 0.975309 0.014323 0.021605
0 0.556207 0.966049 0.025608 0.020833
0 0.611328 0.795910 0.011719 0.010031
0 0.450955 0.976080 0.024306 0.020062
0 0.814887 0.623071 0.025608 0.020833
0 0.531467 0.781250 0.022135 0.013889
0 0.501085 0.793403 0.023003 0.030478
0 0.326389 0.969329 0.027778 0.015818
0 0.260851 0.966628 0.031250 0.020448
0 0.308160 0.851466 0.025174 0.030093
0 0.213325 0.911458 0.013455 0.022762
0 0.949870 0.605710 0.030816 0.029321
0 0.759115 0.707755 0.016493 0.017361
0 0.912760 0.364583 0.019965 0.020062
0 0.959201 0.345100 0.033854 0.018904
0 0.955295 0.340664 0.039931 0.027006
0 0.693359 0.585841 0.036024 0.019676
0 0.583984 0.607832 0.025608 0.011960
0 0.428385 0.681520 0.022569 0.019676
0 0.347222 0.685957 0.023438 0.019290
0 0.482639 0.205826 0.029514 0.020448
0 0.557509 0.172261 0.023872 0.021219
0 0.333333 0.684221 0.014757 0.022762
0 0.521484 0.171682 0.022135 0.020833
0 0.201606 0.906829 0.017795 0.022762
0 0.294488 0.681906 0.031684 0.025849
0 0.199870 0.688850 0.017795 0.018133
0 0.208767 0.435185 0.019965 0.018519
0 0.287543 0.305941 0.022135 0.028549
0 0.357856 0.232639 0.011719 0.022377
0 0.459635 0.167245 0.017361 0.030478
0 0.430556 0.172840 0.027778 0.033179
0 0.563368 0.101273 0.015625 0.009645
0 0.400608 0.173997 0.020833 0.023148
0 0.456814 0.117670 0.019531 0.014660
0 0.444878 0.107832 0.018229 0.024306
0 0.544271 0.080054 0.014757 0.013503
0 0.277995 0.475502 0.030816 0.032022
0 0.131076 0.684992 0.032986 0.021219
0 0.193359 0.380208 0.036024 0.015818
0 0.266710 0.291667 0.016059 0.022377
0 0.111328 0.789931 0.016059 0.027392
0 0.136719 0.375000 0.033854 0.019290
0 0.090061 0.374807 0.025608 0.025077
0 0.492405 0.077160 0.009983 0.020062
0 0.536458 0.069444 0.010417 0.021605
0 0.551215 0.057485 0.019097 0.013889
0 0.237196 0.271026 0.018663 0.018904
0 0.023438 0.788387 0.026910 0.017361
0 0.010417 0.530285 0.020833 0.036651
0 0.219835 0.273341 0.015191 0.012731
0 0.256293 0.149113 0.012587 0.014275
0 0.273003 0.144290 0.019097 0.020062
0 0.403429 0.076389 0.011719 0.017747
0 0.438802 0.067515 0.015625 0.022377
0 0.344618 0.075424 0.018229 0.027392
0 0.027995 0.425733 0.020399 0.011188
0 0.356771 0.067515 0.010417 0.019290
0 0.490451 0.040509 0.008681 0.021605
0 0.430430 0.377122 0.047219 0.021991
0 0.374349 0.357639 0.009983 0.005401
0 0.410807 0.278549 0.008247 0.008488
0 0.445747 0.227623 0.025174 0.035494
0 0.478299 0.177276 0.015625 0.023534
0 0.483290 0.147762 0.029948 0.010802
0 0.505330 0.163598 0.011559 0.016167
0 0.528863 0.211998 0.009115 0.004244
0 0.339627 0.708821 0.044705 0.014092
0 0.821398 0.795718 0.011719 0.009645
0 0.834201 0.711227 0.006076 0.004244
