0 0.913411 0.971644 0.031684 0.021219
0 0.913411 0.978588 0.033420 0.034336
0 0.810981 0.984568 0.022135 0.013117
0 0.736762 0.988233 0.010851 0.008873
0 0.821398 0.795718 0.009115 0.008873
0 0.949653 0.606867 0.032118 0.027778
0 0.653212 0.923032 0.014757 0.021991
0 0.641493 0.919174 0.013889 0.015818
0 0.629991 0.916667 0.014323 0.020833
0 0.618924 0.924576 0.013889 0.022762
0 0.758681 0.707755 0.016493 0.017361
0 0.815321 0.620177 0.030816 0.015818
0 0.912977 0.364583 0.020399 0.019290
0 0.939453 0.335841 0.016927 0.016590
0 0.949870 0.340085 0.036024 0.025849
0 0.560113 0.975502 0.014323 0.021991
0 0.555773 0.965856 0.024740 0.019676
0 0.611545 0.796489 0.013021 0.010417
0 0.445747 0.975309 0.013889 0.018519
0 0.450955 0.975694 0.024306 0.020833
0 0.442925 0.975694 0.018663 0.017747
0 0.428385 0.994792 0.023438 0.009645
0 0.535156 0.802469 0.021701 0.019290
0 0.528646 0.794560 0.032986 0.015818
0 0.531901 0.781829 0.021267 0.012731
0 0.505642 0.793789 0.013021 0.028935
0 0.494575 0.794174 0.011719 0.028935
0 0.326389 0.969329 0.026910 0.015818
0 0.261502 0.967014 0.031684 0.020448
0 0.307943 0.851273 0.024740 0.030478
0 0.213542 0.911265 0.013021 0.022377
0 0.695747 0.589313 0.042535 0.019676
0 0.589844 0.606289 0.013889 0.008873
0 0.576172 0.608218 0.011719 0.011960
0 0.583333 0.607832 0.026042 0.011960
0 0.429036 0.681906 0.023003 0.020448
0 0.353299 0.709298 0.018229 0.011188
0 0.348307 0.684992 0.022135 0.018133
0 0.340061 0.708912 0.044705 0.011960
0 0.431424 0.377122 0.042535 0.020448
0 0.537326 0.210262 0.010417 0.006173
0 0.277561 0.475116 0.030816 0.032793
0 0.373698 0.357253 0.007812 0.005401
0 0.478082 0.206983 0.019531 0.012731
0 0.989583 0.144869 0.019965 0.030478
0 0.557509 0.172454 0.023872 0.021605
0 0.522352 0.172647 0.022135 0.017361
0 0.202040 0.906636 0.017795 0.021605
0 0.296224 0.675540 0.029080 0.013889
0 0.292101 0.683063 0.027778 0.023534
0 0.128472 0.964892 0.018229 0.027006
0 0.111328 0.976273 0.024740 0.039738
0 0.199870 0.688657 0.016927 0.018519
0 0.137804 0.682677 0.023003 0.018133
0 0.210286 0.434799 0.016927 0.019290
0 0.286458 0.306327 0.021701 0.028549
0 0.192708 0.378665 0.036458 0.017361
0 0.266710 0.291667 0.016059 0.022377
0 0.445095 0.226852 0.030816 0.033179
0 0.357856 0.232639 0.011719 0.022377
0 0.475694 0.177855 0.019097 0.029321
0 0.329210 0.708140 0.023872 0.011188
0 0.508030 0.161073 0.015191 0.020448
0 0.497396 0.162616 0.023438 0.023534
0 0.430339 0.178048 0.027344 0.023534
0 0.494358 0.156443 0.027778 0.025849
0 0.459418 0.167245 0.015191 0.032022
0 0.486762 0.154514 0.036892 0.023534
0 0.482422 0.155093 0.029080 0.024691
0 0.405382 0.174769 0.013889 0.020833
0 0.426649 0.163580 0.013889 0.019290
0 0.400391 0.173611 0.021267 0.022377
0 0.395399 0.171682 0.013021 0.020833
0 0.563368 0.101080 0.015625 0.010031
0 0.457248 0.117477 0.018663 0.015046
0 0.444444 0.107639 0.017361 0.023920
0 0.544271 0.080054 0.014757 0.013503
0 0.334201 0.684028 0.015625 0.023148
0 0.203993 0.381366 0.016493 0.013503
0 0.240017 0.272569 0.018229 0.015818
0 0.109592 0.967593 0.020399 0.022377
0 0.108073 0.966435 0.020833 0.018519
0 0.111111 0.790123 0.015625 0.027006
0 0.120877 0.687114 0.012587 0.017747
0 0.131727 0.684799 0.033420 0.021605
0 0.219618 0.275077 0.017361 0.011574
0 0.135851 0.375000 0.035590 0.018519
0 0.024523 0.788966 0.028212 0.018519
0 0.010200 0.531250 0.020399 0.037809
0 0.027778 0.425154 0.020833 0.012346
0 0.818359 0.042631 0.026476 0.014275
0 0.492839 0.077353 0.009983 0.019676
0 0.536458 0.069252 0.009549 0.021219
0 0.550998 0.058063 0.019531 0.012731
0 0.257378 0.148727 0.012153 0.015046
0 0.273655 0.143904 0.017795 0.020833
0 0.435547 0.069637 0.009115 0.018133
0 0.403212 0.076582 0.011285 0.018133
0 0.440755 0.056713 0.013455 0.024691
0 0.344835 0.073881 0.018663 0.021991
0 0.356988 0.067515 0.009983 0.019290
0 0.490451 0.040123 0.007812 0.020833
0 0.470920 0.033951 0.014757 0.023148
0 0.468750 0.032793 0.017361 0.023148
0 0.459852 0.030285 0.013455 0.019676
0 0.095920 0.373473 0.013021 0.020866
0 0.086372 0.377122 0.012153 0.019676
0 0.131510 0.455440 0.033854 0.029707
0 0.639323 0.063657 0.005208 0.007716
