0 0.810764 0.984375 0.021701 0.011960
0 0.736762 0.988426 0.009115 0.009259
0 0.653429 0.922840 0.016059 0.023148
0 0.632595 0.919367 0.017795 0.023148
0 0.618924 0.924383 0.014757 0.022377
0 0.636936 0.921103 0.048177 0.026620
0 0.560330 0.975887 0.013889 0.023534
0 0.555990 0.966628 0.025174 0.021219
0 0.611545 0.796296 0.012153 0.010802
0 0.450955 0.975694 0.024306 0.020833
0 0.428385 0.994599 0.022569 0.010031
0 0.950304 0.604938 0.032552 0.031636
0 0.758898 0.707562 0.016927 0.017747
0 0.534939 0.804977 0.018663 0.013503
0 0.531250 0.793789 0.025174 0.014275
0 0.531684 0.782022 0.021701 0.013889
0 0.506076 0.793403 0.012153 0.028164
0 0.494792 0.794560 0.012153 0.029707
0 0.326389 0.969522 0.027778 0.016204
0 0.307943 0.851466 0.024740 0.030093
0 0.261068 0.966628 0.031684 0.020448
0 0.213108 0.911458 0.013889 0.022762
0 0.201823 0.906829 0.018229 0.022762
0 0.128906 0.964699 0.018229 0.025849
0 0.815104 0.622492 0.026042 0.020448
0 0.693359 0.587384 0.036892 0.016590
0 0.583767 0.608218 0.026042 0.011960
0 0.428168 0.681520 0.022135 0.019676
0 0.353082 0.708719 0.017795 0.011574
0 0.347439 0.685764 0.023872 0.018904
0 0.334201 0.684221 0.015625 0.023534
0 0.339844 0.711227 0.041667 0.018133
0 0.294705 0.681713 0.032118 0.026235
0 0.935330 0.339313 0.009549 0.010417
0 0.430556 0.377315 0.044271 0.022377
0 0.478733 0.207369 0.019097 0.011960
0 0.557726 0.172261 0.022569 0.021219
0 0.521918 0.171489 0.021267 0.020448
0 0.475260 0.178241 0.019097 0.028549
0 0.504123 0.160108 0.012587 0.023920
0 0.497830 0.160880 0.025174 0.025463
0 0.458984 0.167245 0.015191 0.031250
0 0.489366 0.157793 0.032552 0.029321
0 0.479818 0.158179 0.022135 0.028549
0 0.483507 0.155285 0.031250 0.025849
0 0.486762 0.155285 0.036892 0.025849
0 0.563585 0.101080 0.015191 0.009259
0 0.430122 0.172647 0.026910 0.033565
0 0.457031 0.116705 0.019097 0.015818
0 0.444661 0.108025 0.017795 0.023920
0 0.544488 0.080054 0.015191 0.013503
0 0.329861 0.711420 0.024306 0.017747
0 0.199870 0.688657 0.016927 0.018519
0 0.278212 0.474537 0.031250 0.033951
0 0.110894 0.975502 0.023872 0.038194
0 0.118490 0.973765 0.039063 0.043981
0 0.111328 0.790316 0.016059 0.027392
0 0.210720 0.434606 0.016059 0.018904
0 0.286675 0.306327 0.022135 0.028549
0 0.136936 0.683256 0.023872 0.018519
0 0.131510 0.685185 0.034722 0.021605
0 0.193142 0.379437 0.036458 0.017361
0 0.135200 0.458912 0.040365 0.036651
0 0.136068 0.374807 0.034288 0.018904
0 0.090061 0.374421 0.024740 0.025077
0 0.400391 0.173804 0.021267 0.021991
0 0.492622 0.077160 0.009549 0.020062
0 0.024523 0.788773 0.029948 0.018133
0 0.009983 0.531057 0.019965 0.038966
0 0.085503 0.374807 0.016493 0.024306
0 0.054253 0.373071 0.015625 0.023148
0 0.028429 0.425347 0.020399 0.011188
0 0.536675 0.069444 0.009983 0.021605
0 0.551432 0.058063 0.018663 0.012731
0 0.357856 0.233025 0.011719 0.022377
0 0.266927 0.291667 0.016493 0.022377
0 0.240885 0.274113 0.022569 0.013503
0 0.218750 0.273920 0.018229 0.010802
0 0.257161 0.149113 0.011719 0.015046
0 0.273655 0.145448 0.018663 0.021605
0 0.403646 0.076775 0.012153 0.017747
0 0.440321 0.067901 0.016927 0.022377
0 0.285590 0.101273 0.013021 0.011188
0 0.345052 0.075424 0.018229 0.027392
0 0.490451 0.040316 0.008681 0.021219
0 0.356771 0.067708 0.010417 0.019676
0 0.470269 0.033758 0.016059 0.022762
0 0.466363 0.032600 0.023003 0.023534
0 0.461155 0.029321 0.015191 0.020833
0 0.913411 0.364583 0.020399 0.020062
0 0.445964 0.225887 0.030816 0.034336
0 0.537760 0.210455 0.014757 0.008102
0 0.412760 0.277778 0.013021 0.013889
0 0.374349 0.357060 0.009115 0.004244
0 0.990017 0.145833 0.019097 0.032407
0 0.946398 0.333912 0.009983 0.020448
0 0.821832 0.795718 0.009983 0.007330
0 0.834201 0.711227 0.005208 0.004244
0 0.914497 0.977623 0.031250 0.033179
