0 0.913628 0.973765 0.031250 0.025463
0 0.810764 0.985147 0.021701 0.015046
0 0.651910 0.923225 0.018229 0.020833
0 0.619141 0.924383 0.013455 0.023148
0 0.560113 0.976080 0.014323 0.022377
0 0.555990 0.965471 0.024306 0.019676
0 0.949653 0.606867 0.031250 0.027778
0 0.758681 0.707562 0.017361 0.016975
0 0.610894 0.796489 0.011719 0.010417
0 0.450955 0.976080 0.024306 0.020062
0 0.815321 0.622106 0.029948 0.020448
0 0.531684 0.781636 0.021701 0.013117
0 0.506293 0.793210 0.013455 0.027778
0 0.494792 0.794367 0.012153 0.029321
0 0.693576 0.587577 0.036458 0.016204
0 0.326389 0.969136 0.027778 0.016204
0 0.428385 0.681520 0.023438 0.019676
0 0.261285 0.967207 0.031250 0.020062
0 0.308594 0.851466 0.024306 0.030093
0 0.348090 0.685571 0.022569 0.019290
0 0.333550 0.684606 0.014323 0.023534
0 0.913194 0.365162 0.019965 0.018904
0 0.958550 0.342400 0.034288 0.024306
0 0.445747 0.376736 0.014757 0.020448
0 0.426866 0.380787 0.028212 0.014660
0 0.990017 0.145255 0.019965 0.030478
0 0.478516 0.207176 0.019531 0.012346
0 0.557292 0.172454 0.023438 0.021605
0 0.522569 0.171682 0.019965 0.020833
0 0.213325 0.911458 0.013455 0.022762
0 0.294271 0.682099 0.032118 0.025463
0 0.129340 0.964506 0.018229 0.025463
0 0.200304 0.688657 0.016059 0.018519
0 0.209635 0.434414 0.019097 0.020062
0 0.287326 0.306520 0.021701 0.028164
0 0.131727 0.684992 0.033420 0.020448
0 0.192491 0.379630 0.038628 0.016975
0 0.266927 0.291667 0.016493 0.022377
0 0.358073 0.233025 0.012153 0.022377
0 0.476128 0.178241 0.019097 0.029321
0 0.458984 0.168017 0.015191 0.029707
0 0.430556 0.172647 0.027778 0.033565
0 0.564236 0.100887 0.014757 0.009645
0 0.401042 0.173997 0.021701 0.023148
0 0.456814 0.117284 0.019531 0.015432
0 0.544271 0.080054 0.014757 0.013503
0 0.202257 0.906443 0.018229 0.021991
0 0.111111 0.789931 0.016493 0.027392
0 0.278212 0.474923 0.030382 0.033951
0 0.135200 0.458140 0.041233 0.035880
0 0.136068 0.374614 0.034288 0.019290
0 0.089844 0.374807 0.025174 0.025077
0 0.024740 0.788773 0.028646 0.018133
0 0.009983 0.530864 0.019965 0.038580
0 0.054688 0.372685 0.013889 0.021605
0 0.818142 0.043017 0.025174 0.014275
0 0.444444 0.107446 0.017361 0.024306
0 0.492405 0.077160 0.009983 0.020062
0 0.536458 0.069444 0.010417 0.020833
0 0.551432 0.057485 0.019531 0.013889
0 0.241102 0.273148 0.022135 0.013889
0 0.219184 0.274113 0.018229 0.011188
0 0.273655 0.146026 0.018663 0.021219
0 0.256727 0.148920 0.012587 0.014660
0 0.403212 0.077160 0.011285 0.017747
0 0.345486 0.073688 0.019097 0.023148
0 0.027561 0.425347 0.022135 0.012731
0 0.356337 0.067323 0.010417 0.019676
0 0.490451 0.040316 0.008681 0.020448
0 0.444043 0.226718 0.033790 0.035226
0 0.472873 0.147377 0.010851 0.010031
0 0.490668 0.147184 0.018663 0.007330
0 0.347439 0.708333 0.029948 0.013117
0 0.325738 0.708140 0.015191 0.011188
0 0.576172 0.608218 0.010851 0.012731
0 0.590712 0.606289 0.014757 0.008873
0 0.833984 0.711420 0.005642 0.004630
0 0.821181 0.795718 0.011285 0.008873
0 0.736328 0.988040 0.008247 0.009259
0 0.428819 0.994599 0.023438 0.010031
0 0.537543 0.209877 0.011719 0.006944
0 0.412109 0.277199 0.006510 0.010417
