0 0.913411 0.971836 0.032552 0.021605
0 0.810547 0.983989 0.023003 0.011960
0 0.654514 0.923032 0.016493 0.021991
0 0.633030 0.920525 0.020399 0.025463
0 0.618273 0.924190 0.011719 0.022762
0 0.560547 0.976080 0.015191 0.022377
0 0.555339 0.965085 0.024740 0.018904
0 0.611328 0.796103 0.012587 0.011188
0 0.814453 0.622106 0.025608 0.018904
0 0.531250 0.780671 0.020833 0.012731
0 0.506293 0.793789 0.012587 0.029707
0 0.495009 0.795139 0.011719 0.030864
0 0.326172 0.969136 0.027344 0.016204
0 0.261285 0.967014 0.031250 0.019676
0 0.308377 0.851273 0.023872 0.029707
0 0.213325 0.911265 0.013455 0.023148
0 0.950955 0.604745 0.034722 0.031250
0 0.758898 0.707755 0.015191 0.018133
0 0.692925 0.586998 0.035156 0.017361
0 0.583767 0.607832 0.026042 0.011960
0 0.428168 0.681520 0.022135 0.019676
0 0.912326 0.364583 0.019965 0.019290
0 0.955729 0.340278 0.040799 0.025463
0 0.430339 0.377508 0.044705 0.021991
0 0.477865 0.207176 0.020833 0.014660
0 0.351997 0.708912 0.020833 0.011960
0 0.347439 0.685378 0.023872 0.018904
0 0.201389 0.906829 0.017361 0.022762
0 0.293837 0.682485 0.030382 0.024691
0 0.131727 0.684414 0.032552 0.021605
0 0.208767 0.434799 0.019965 0.019290
0 0.287109 0.306906 0.022135 0.028164
0 0.266927 0.291667 0.015625 0.022377
0 0.358073 0.233025 0.012153 0.022377
0 0.327691 0.709491 0.019965 0.013117
0 0.333984 0.684414 0.016059 0.022377
0 0.459201 0.166667 0.017361 0.030864
0 0.563368 0.101273 0.015625 0.009645
0 0.457031 0.117477 0.019097 0.014275
0 0.544488 0.080440 0.014323 0.013503
0 0.199870 0.688657 0.016927 0.017747
0 0.277561 0.475309 0.030816 0.033179
0 0.111111 0.790123 0.015625 0.027006
0 0.492622 0.077739 0.010417 0.019676
0 0.024089 0.788773 0.028212 0.017361
0 0.010200 0.530478 0.020399 0.038580
0 0.027561 0.424961 0.022135 0.012731
0 0.536458 0.069637 0.010417 0.021219
0 0.551432 0.057485 0.018663 0.013889
0 0.236762 0.271219 0.016059 0.018519
0 0.218967 0.274306 0.017795 0.013117
0 0.257161 0.149306 0.012587 0.014660
0 0.273003 0.144097 0.018229 0.021219
0 0.403429 0.076775 0.011719 0.017747
0 0.438802 0.067323 0.015625 0.022762
0 0.344835 0.074267 0.019531 0.023534
0 0.356554 0.067323 0.010851 0.018904
0 0.490451 0.040316 0.007812 0.020448
0 0.470029 0.033992 0.017877 0.022770
0 0.457899 0.031238 0.009549 0.016998
0 0.409505 0.278742 0.028212 0.008102
0 0.374566 0.356867 0.009549 0.004630
0 0.429905 0.994792 0.021267 0.009645
0 0.458333 0.975887 0.009549 0.019676
0 0.445964 0.975694 0.013455 0.018519
0 0.559536 0.173412 0.014608 0.019663
0 0.553078 0.171572 0.013274 0.019511
0 0.527778 0.171682 0.009549 0.020833
0 0.516059 0.170910 0.016493 0.018519
0 0.473197 0.186760 0.024091 0.018581
0 0.479601 0.172840 0.011285 0.018519
0 0.394531 0.172647 0.010417 0.020448
0 0.405599 0.174769 0.012587 0.020062
0 0.427517 0.164159 0.010417 0.019676
0 0.448785 0.220293 0.016493 0.020833
0 0.444878 0.236497 0.023438 0.018519
0 0.132894 0.375989 0.028809 0.017410
0 0.146484 0.374421 0.014323 0.018133
0 0.183160 0.380015 0.023438 0.013889
0 0.197483 0.379823 0.026910 0.014275
0 0.095920 0.373264 0.013889 0.021219
0 0.085069 0.375772 0.014757 0.022377
0 0.054905 0.377122 0.013455 0.021991
0 0.031250 0.369406 0.019097 0.021991
0 0.124783 0.452932 0.019531 0.024691
0 0.147352 0.467014 0.021267 0.016590
0 0.820312 0.795525 0.013021 0.009259
0 0.833984 0.711806 0.005642 0.005401
0 0.429905 0.181906 0.026476 0.015818
0 0.445095 0.108025 0.015191 0.022377
0 0.480035 0.061150 0.007812 0.006559
