0 0.913194 0.977816 0.032118 0.032793
0 0.810764 0.984954 0.022569 0.013117
0 0.617839 0.924383 0.012587 0.022377
0 0.560113 0.975502 0.014323 0.023534
0 0.555556 0.965856 0.023438 0.021219
0 0.610677 0.796489 0.011285 0.011188
0 0.450955 0.975694 0.024306 0.020833
0 0.500651 0.794174 0.023003 0.029707
0 0.327257 0.968943 0.026042 0.015818
0 0.261068 0.966435 0.031684 0.020833
0 0.307943 0.851273 0.024740 0.029707
0 0.213108 0.911651 0.013889 0.022377
0 0.948134 0.605710 0.033420 0.030093
0 0.758681 0.707755 0.017361 0.017361
0 0.814236 0.622685 0.025174 0.020833
0 0.694010 0.586998 0.037326 0.017361
0 0.584201 0.608025 0.026042 0.012346
0 0.428819 0.681906 0.023438 0.020448
0 0.347222 0.685764 0.022569 0.018904
0 0.913411 0.364776 0.021267 0.020448
0 0.430556 0.377315 0.044271 0.022377
0 0.477648 0.207369 0.019531 0.012731
0 0.446398 0.227431 0.023003 0.035880
0 0.557509 0.172261 0.023872 0.021219
0 0.333550 0.684414 0.015191 0.023148
0 0.201172 0.906636 0.017795 0.023148
0 0.293620 0.682677 0.029948 0.025077
0 0.208333 0.434799 0.020833 0.019290
0 0.287326 0.306713 0.020833 0.027778
0 0.358073 0.233025 0.012153 0.022377
0 0.521484 0.171682 0.021267 0.020833
0 0.476128 0.178434 0.022569 0.028164
0 0.459852 0.166474 0.016059 0.029707
0 0.430556 0.178048 0.027778 0.022762
0 0.427083 0.163580 0.012153 0.018519
0 0.563151 0.101466 0.015191 0.009259
0 0.400391 0.173804 0.022135 0.022762
0 0.457031 0.117670 0.019097 0.014660
0 0.544488 0.080054 0.014323 0.013503
0 0.200521 0.688657 0.016493 0.018519
0 0.278646 0.474730 0.032118 0.034336
0 0.110894 0.790123 0.016059 0.027006
0 0.131944 0.685571 0.034722 0.020833
0 0.193142 0.379051 0.037326 0.016590
0 0.133247 0.456019 0.037326 0.030864
0 0.266710 0.291860 0.015191 0.021991
0 0.136285 0.374807 0.034722 0.018904
0 0.090278 0.374807 0.024306 0.024306
0 0.444661 0.107446 0.017795 0.024306
0 0.492405 0.077160 0.009983 0.020062
0 0.024306 0.788966 0.028646 0.018519
0 0.010200 0.530864 0.020399 0.036265
0 0.536458 0.069637 0.010417 0.021219
0 0.551649 0.057677 0.019097 0.013503
0 0.233507 0.270640 0.013889 0.018133
0 0.218533 0.274306 0.017795 0.012346
0 0.257161 0.148727 0.012587 0.014275
0 0.272786 0.144483 0.016927 0.022762
0 0.403429 0.076582 0.011719 0.018133
0 0.439019 0.067901 0.016059 0.022377
0 0.344401 0.074460 0.018663 0.024691
0 0.027778 0.425926 0.020833 0.010802
0 0.356554 0.067515 0.010851 0.020062
0 0.490668 0.040316 0.007378 0.021219
0 0.959201 0.344907 0.033854 0.017747
