0 0.808811 0.982735 0.019531 0.008295
0 0.645508 0.926890 0.024523 0.026235
0 0.677734 0.872975 0.014757 0.029900
0 0.947917 0.603106 0.031250 0.031829
0 0.811415 0.621817 0.027344 0.018326
0 0.954970 0.361400 0.024523 0.020255
0 0.633464 0.913387 0.013889 0.020833
0 0.550890 0.975405 0.026693 0.032215
0 0.691298 0.586613 0.027561 0.018133
0 0.818142 0.042438 0.025608 0.015432
0 0.426324 0.994599 0.018446 0.010417
0 0.436957 0.972801 0.022786 0.020062
0 0.501519 0.793692 0.021267 0.030671
0 0.538303 0.687211 0.025391 0.018326
0 0.328016 0.968075 0.024957 0.016782
0 0.582682 0.608314 0.026476 0.012539
0 0.436306 0.681327 0.019748 0.019676
0 0.259657 0.964120 0.013238 0.021605
0 0.310221 0.841725 0.015408 0.019097
0 0.328234 0.709008 0.028863 0.013310
0 0.333333 0.684896 0.015191 0.024498
0 0.212348 0.899016 0.016276 0.015239
0 0.260634 0.791474 0.013889 0.030093
0 0.199436 0.905768 0.013889 0.019097
0 0.297526 0.673804 0.034288 0.022377
0 0.209201 0.683063 0.025174 0.018904
0 0.284939 0.474055 0.024306 0.030285
0 0.237196 0.437307 0.013021 0.016975
0 0.448568 0.234761 0.023438 0.024691
0 0.484918 0.208044 0.011502 0.011381
0 0.137261 0.687018 0.021050 0.018326
0 0.195747 0.380112 0.024306 0.020640
0 0.281576 0.302469 0.034939 0.021605
0 0.268121 0.291763 0.012370 0.022569
0 0.126411 0.675733 0.026693 0.020448
0 0.139648 0.376640 0.027127 0.021412
0 0.466797 0.208623 0.013455 0.010995
0 0.555664 0.173611 0.021484 0.020833
0 0.509874 0.172743 0.025391 0.018711
0 0.459527 0.172454 0.020182 0.015432
0 0.435330 0.180363 0.025174 0.018133
0 0.426975 0.170621 0.014540 0.021026
0 0.567491 0.100984 0.016059 0.009838
0 0.402778 0.175637 0.017361 0.018711
0 0.390299 0.173708 0.010634 0.019869
0 0.462240 0.117477 0.025174 0.022762
0 0.030816 0.791956 0.018663 0.024498
0 0.084093 0.378954 0.024523 0.029128
0 0.545790 0.081115 0.015191 0.014468
0 0.482639 0.080536 0.018663 0.016011
0 0.541233 0.070409 0.016059 0.021991
0 0.550564 0.057388 0.010417 0.014082
0 0.400608 0.077739 0.009115 0.018133
0 0.343641 0.079668 0.022352 0.012731
0 0.232747 0.274113 0.031901 0.017747
0 0.457682 0.057967 0.016493 0.021798
0 0.212457 0.073110 0.014323 0.018519
0 0.490126 0.043210 0.010634 0.020062
0 0.469184 0.033179 0.019097 0.021991
0 0.424262 0.380883 0.027344 0.021412
0 0.308268 0.355228 0.008030 0.009066
0 0.417643 0.277296 0.018012 0.011767
0 0.127062 0.457465 0.020616 0.028742
0 0.140299 0.464892 0.022786 0.016590
0 0.032878 0.423804 0.022352 0.018133
0 0.123481 0.791281 0.013021 0.025463
0 0.111654 0.791474 0.011936 0.026235
0 0.137695 0.972029 0.009766 0.006944
0 0.780707 0.985918 0.007161 0.010417
0 0.825412 0.981867 0.006293 0.008488
0 0.634332 0.794850 0.015625 0.012539
0 0.608290 0.794174 0.008247 0.008873
0 0.579861 0.793885 0.019097 0.007137
0 0.635742 0.063272 0.018012 0.015432
0 0.266276 0.153646 0.032118 0.010224
0 0.288303 0.105421 0.009766 0.006366
