0 0.819987 0.983218 0.014974 0.011960
0 0.813911 0.983218 0.027127 0.011574
0 0.791992 0.796007 0.009332 0.009452
0 0.664605 0.923611 0.013672 0.021605
0 0.950629 0.611883 0.034071 0.022377
0 0.635091 0.915123 0.024089 0.018904
0 0.799805 0.710166 0.019748 0.031443
0 0.551541 0.979649 0.025825 0.024498
0 0.622613 0.797164 0.009115 0.012924
0 0.578234 0.795139 0.006727 0.008488
0 0.448785 0.979360 0.021701 0.027392
0 0.425781 0.994792 0.023872 0.010031
0 0.816298 0.617766 0.034505 0.011381
0 0.507812 0.793017 0.015191 0.025849
0 0.694770 0.590953 0.025391 0.020255
0 0.502062 0.794464 0.023220 0.029514
0 0.323676 0.967882 0.029731 0.012539
0 0.544162 0.682967 0.016276 0.020640
0 0.429688 0.683738 0.016059 0.017168
0 0.268880 0.965664 0.020833 0.018904
0 0.205404 0.898052 0.016276 0.014082
0 0.204861 0.907504 0.019097 0.028742
0 0.146484 0.997878 0.010417 0.003858
0 0.932726 0.363522 0.021701 0.020255
0 0.531576 0.782118 0.022352 0.014082
0 0.133247 0.966725 0.013455 0.024498
0 0.607422 0.604167 0.018229 0.004630
0 0.586914 0.607253 0.021050 0.010031
0 0.347873 0.709973 0.019531 0.014853
0 0.339301 0.709973 0.036241 0.014853
0 0.329644 0.709105 0.016059 0.013117
0 0.340820 0.683063 0.030165 0.022762
0 0.325087 0.673611 0.036892 0.017361
0 0.600586 0.365066 0.015842 0.026042
0 0.312391 0.673515 0.013238 0.011767
0 0.437934 0.382041 0.020833 0.011767
0 0.293403 0.681424 0.025608 0.023727
0 0.201497 0.682774 0.024089 0.019869
0 0.115885 0.956308 0.014757 0.014853
0 0.111328 0.972222 0.027778 0.045910
0 0.118381 0.972319 0.042318 0.045718
0 0.128581 0.679398 0.024957 0.031250
0 0.275282 0.469232 0.036675 0.022955
0 0.140842 0.464410 0.028212 0.020640
0 0.454319 0.236304 0.021918 0.021605
0 0.192925 0.378472 0.029948 0.018519
0 0.281141 0.296200 0.034505 0.029900
0 0.449653 0.227141 0.027778 0.038387
0 0.230360 0.274209 0.022352 0.014468
0 0.527235 0.206404 0.014974 0.013889
0 0.477648 0.206983 0.016493 0.015046
0 0.554470 0.172647 0.019097 0.021219
0 0.482530 0.179977 0.021484 0.020833
0 0.513889 0.169174 0.018229 0.021991
0 0.486762 0.176119 0.031684 0.030093
0 0.505642 0.162809 0.016493 0.024306
0 0.496528 0.160590 0.023438 0.027199
0 0.464518 0.163194 0.018880 0.025077
0 0.436957 0.174190 0.016710 0.030093
0 0.454102 0.164062 0.012370 0.023727
0 0.423828 0.172068 0.013021 0.021219
0 0.490885 0.145737 0.021701 0.011767
0 0.480143 0.153646 0.022786 0.021798
0 0.485243 0.152778 0.032986 0.021605
0 0.491645 0.150174 0.027127 0.020255
0 0.573893 0.102141 0.009332 0.008295
0 0.565647 0.101080 0.021918 0.010417
0 0.544705 0.080440 0.012587 0.012731
0 0.636827 0.062018 0.014540 0.011381
0 0.454319 0.120756 0.024089 0.016590
0 0.552734 0.074653 0.009983 0.018904
0 0.134223 0.457755 0.041016 0.032022
0 0.123589 0.452739 0.018012 0.022377
0 0.138672 0.380015 0.038194 0.023148
0 0.397569 0.173032 0.018229 0.023920
0 0.414497 0.098476 0.009549 0.014468
0 0.483290 0.076485 0.009115 0.018326
0 0.266168 0.150752 0.012804 0.010995
0 0.253255 0.152488 0.016927 0.009838
0 0.553602 0.059221 0.009983 0.013117
0 0.548177 0.057099 0.019965 0.016204
0 0.544271 0.056520 0.013455 0.015432
0 0.466688 0.059510 0.009766 0.007137
0 0.466688 0.059510 0.009766 0.007523
0 0.402669 0.078029 0.010200 0.019483
0 0.338433 0.079861 0.016710 0.011960
0 0.449653 0.058353 0.016927 0.022569
0 0.343207 0.069830 0.008464 0.019676
0 0.030273 0.789545 0.015842 0.018904
0 0.013672 0.528164 0.027344 0.033179
0 0.766927 0.029417 0.039062 0.021026
0 0.718424 0.027006 0.020182 0.017747
0 0.496419 0.040123 0.017578 0.021605
0 0.349067 0.069734 0.015408 0.022569
0 0.467556 0.034240 0.020616 0.024884
0 0.089952 0.375289 0.025825 0.022569
0 0.037326 0.424190 0.016059 0.015818
0 0.310221 0.852816 0.015408 0.025849
0 0.304905 0.839796 0.026476 0.016782
0 0.420247 0.381173 0.014540 0.020833
0 0.947266 0.334877 0.028212 0.014275
0 0.989475 0.144772 0.020616 0.032600
