0 0.819553 0.982639 0.013672 0.010802
0 0.814887 0.982639 0.023003 0.010802
0 0.733181 0.988619 0.008464 0.009645
0 0.791884 0.795910 0.009549 0.009259
0 0.664605 0.923804 0.014540 0.021605
0 0.950629 0.611593 0.032335 0.022955
0 0.633681 0.915992 0.024740 0.019097
0 0.800130 0.709780 0.021267 0.031443
0 0.816949 0.617573 0.033637 0.011381
0 0.932617 0.363040 0.021484 0.020448
0 0.552843 0.980035 0.027995 0.026042
0 0.623372 0.796586 0.008464 0.011381
0 0.585178 0.796103 0.006727 0.008873
0 0.448785 0.979167 0.021701 0.027006
0 0.425781 0.994695 0.022569 0.010224
0 0.531250 0.782215 0.022569 0.015046
0 0.508464 0.792728 0.016493 0.026427
0 0.701063 0.591821 0.013238 0.019676
0 0.694770 0.590760 0.025391 0.020255
0 0.503472 0.794946 0.025608 0.028935
0 0.497070 0.794753 0.013238 0.030093
0 0.324002 0.967689 0.029080 0.012153
0 0.543945 0.682967 0.016276 0.020640
0 0.601562 0.608025 0.029080 0.012346
0 0.584961 0.609182 0.027995 0.014275
0 0.418077 0.682967 0.035373 0.017168
0 0.269748 0.964603 0.019965 0.014853
0 0.305230 0.848958 0.027561 0.032793
0 0.347765 0.710359 0.020616 0.015239
0 0.328993 0.709394 0.017361 0.014082
0 0.339518 0.710069 0.037109 0.015432
0 0.205838 0.897473 0.015408 0.013696
0 0.204536 0.907022 0.018446 0.029707
0 0.169705 0.924383 0.011285 0.011188
0 0.134115 0.965374 0.010851 0.024498
0 0.116211 0.956790 0.014540 0.013117
0 0.112522 0.973765 0.028863 0.044753
0 0.341471 0.684606 0.029731 0.018519
0 0.336263 0.672936 0.027561 0.016011
0 0.313802 0.673515 0.014757 0.012153
0 0.600911 0.365066 0.016059 0.026427
0 0.441406 0.381752 0.023872 0.015432
0 0.420356 0.381366 0.013021 0.020448
0 0.293294 0.681713 0.024957 0.026620
0 0.198893 0.683063 0.034505 0.019676
0 0.118056 0.972415 0.040365 0.045139
0 0.137478 0.672164 0.011502 0.017168
0 0.128472 0.680266 0.024740 0.031057
0 0.141602 0.465181 0.026693 0.020255
0 0.527235 0.206308 0.014974 0.014082
0 0.192600 0.378472 0.030599 0.018904
0 0.281141 0.297164 0.034071 0.031829
0 0.478299 0.206694 0.015625 0.015625
0 0.450955 0.226852 0.029948 0.038580
0 0.446072 0.220872 0.020616 0.027006
0 0.234809 0.272955 0.013455 0.015432
0 0.554796 0.172550 0.018446 0.021798
0 0.483398 0.179784 0.022786 0.021991
0 0.513997 0.169174 0.018012 0.022377
0 0.505859 0.163098 0.016927 0.024498
0 0.495985 0.166956 0.021484 0.031057
0 0.499566 0.165220 0.029514 0.034915
0 0.464301 0.163387 0.018880 0.025077
0 0.437500 0.173032 0.015191 0.027778
0 0.496853 0.157311 0.023220 0.030285
0 0.424913 0.175058 0.014757 0.027585
0 0.487956 0.157504 0.037543 0.030671
0 0.486979 0.157600 0.037760 0.029707
0 0.486003 0.151813 0.032335 0.020448
0 0.573676 0.102045 0.009332 0.008102
0 0.561957 0.101177 0.015842 0.010224
0 0.544488 0.080536 0.012153 0.014082
0 0.640408 0.062307 0.008681 0.010417
0 0.636936 0.061825 0.014323 0.010995
0 0.631944 0.061825 0.006944 0.011381
0 0.454753 0.120756 0.024957 0.018519
0 0.552517 0.074749 0.010417 0.019483
0 0.123806 0.455922 0.020616 0.028742
0 0.139974 0.378665 0.036024 0.022377
0 0.397352 0.173515 0.017795 0.023341
0 0.413628 0.098187 0.011285 0.015432
0 0.483832 0.077064 0.010200 0.019097
0 0.553385 0.059414 0.010417 0.013117
0 0.547635 0.057292 0.019314 0.016590
0 0.544379 0.056424 0.014106 0.015239
0 0.467339 0.060764 0.008464 0.006944
0 0.403320 0.077932 0.010634 0.019290
0 0.450087 0.058063 0.015625 0.023148
0 0.496528 0.040220 0.017361 0.021412
0 0.220920 0.277103 0.008247 0.008681
0 0.266710 0.150752 0.013021 0.010610
0 0.253364 0.152199 0.011502 0.009259
0 0.338976 0.078993 0.015191 0.014082
0 0.350369 0.070023 0.012370 0.020833
0 0.343641 0.069637 0.008898 0.019290
0 0.029839 0.789738 0.016276 0.019290
0 0.014214 0.524498 0.028429 0.026235
0 0.343641 0.072434 0.024523 0.025270
0 0.090603 0.374035 0.025391 0.025463
0 0.037543 0.424672 0.015625 0.014853
0 0.467339 0.034722 0.020182 0.025077
0 0.939996 0.337384 0.017578 0.018519
0 0.275933 0.472319 0.034939 0.025270
