0 0.814019 0.983121 0.025608 0.010224
0 0.732964 0.988522 0.009332 0.007909
0 0.791992 0.795718 0.009332 0.009259
0 0.664714 0.923515 0.013889 0.021412
0 0.950738 0.611690 0.033854 0.022762
0 0.634549 0.915992 0.025608 0.019097
0 0.800564 0.710745 0.021701 0.029900
0 0.552843 0.979649 0.027561 0.025270
0 0.623047 0.797261 0.007812 0.011960
0 0.612739 0.795042 0.008030 0.008681
0 0.816732 0.617863 0.034505 0.011188
0 0.932400 0.363040 0.021484 0.020448
0 0.579644 0.795525 0.007378 0.009645
0 0.449002 0.979263 0.021267 0.026813
0 0.426107 0.994792 0.018446 0.010031
0 0.531033 0.781539 0.022135 0.013696
0 0.507378 0.792921 0.014757 0.026042
0 0.701063 0.592207 0.012804 0.018904
0 0.689019 0.589313 0.013455 0.017747
0 0.497504 0.794560 0.013672 0.030093
0 0.543620 0.683160 0.016927 0.020255
0 0.608290 0.604167 0.018229 0.003472
0 0.323785 0.967593 0.029514 0.011960
0 0.587131 0.609086 0.021050 0.013696
0 0.417860 0.683256 0.035373 0.017747
0 0.269748 0.965085 0.019531 0.013503
0 0.304905 0.848283 0.026042 0.032986
0 0.347114 0.710359 0.021050 0.014853
0 0.333225 0.709877 0.024523 0.014275
0 0.205621 0.897569 0.015842 0.013117
0 0.204644 0.907118 0.018229 0.029900
0 0.166667 0.923129 0.010417 0.008681
0 0.131510 0.969039 0.017361 0.029900
0 0.340169 0.679302 0.032335 0.024498
0 0.332140 0.672647 0.018880 0.015818
0 0.312283 0.674093 0.013021 0.012153
0 0.293186 0.681424 0.024740 0.026042
0 0.201606 0.682292 0.024740 0.020833
0 0.600477 0.364873 0.015191 0.026427
0 0.438802 0.381848 0.020399 0.012153
0 0.527235 0.206597 0.014540 0.014660
0 0.478082 0.206308 0.015625 0.014853
0 0.450846 0.226755 0.029731 0.039159
0 0.989800 0.145255 0.019965 0.029321
0 0.554688 0.172357 0.019097 0.021798
0 0.482422 0.180363 0.021701 0.020448
0 0.513780 0.169367 0.018012 0.021605
0 0.495877 0.163966 0.022569 0.027392
0 0.424045 0.172840 0.014323 0.016204
0 0.464193 0.163194 0.019531 0.025077
0 0.436740 0.173129 0.016710 0.028742
0 0.490126 0.147473 0.024089 0.013696
0 0.489366 0.157890 0.034288 0.031057
0 0.480686 0.152681 0.025608 0.021026
0 0.431532 0.174190 0.027127 0.030093
0 0.573893 0.101562 0.011936 0.009066
0 0.562609 0.101177 0.014540 0.009838
0 0.567274 0.101273 0.023872 0.010031
0 0.640299 0.062500 0.008464 0.010417
0 0.544379 0.079765 0.011936 0.014082
0 0.637261 0.062018 0.014106 0.010995
0 0.632487 0.061921 0.005859 0.011188
0 0.454210 0.119985 0.025174 0.014660
0 0.553385 0.074556 0.008681 0.019483
0 0.397244 0.173900 0.018012 0.022955
0 0.415473 0.098573 0.014974 0.013889
0 0.483724 0.076775 0.009549 0.018904
0 0.552843 0.058835 0.011502 0.013503
0 0.547635 0.056327 0.019314 0.016204
0 0.544271 0.056617 0.014323 0.015625
0 0.467014 0.060667 0.009115 0.006752
0 0.402778 0.077932 0.010417 0.019290
0 0.449653 0.058063 0.016493 0.022377
0 0.496311 0.040220 0.017361 0.021798
0 0.277778 0.469618 0.038194 0.024498
0 0.116102 0.955826 0.014757 0.012346
0 0.112956 0.973090 0.030599 0.045332
0 0.137153 0.671779 0.011285 0.017168
0 0.125109 0.684221 0.018446 0.023534
0 0.193142 0.378279 0.030816 0.018519
0 0.134440 0.456983 0.041450 0.030478
0 0.029514 0.789834 0.016927 0.019483
0 0.013780 0.528646 0.027561 0.034144
0 0.138455 0.379533 0.037760 0.023341
0 0.090603 0.375000 0.025391 0.022377
0 0.036784 0.423997 0.015842 0.015818
0 0.265951 0.151235 0.014106 0.009645
0 0.338325 0.078704 0.016059 0.013889
0 0.348741 0.070216 0.015191 0.021991
0 0.344401 0.069252 0.008681 0.018133
0 0.343750 0.069252 0.007812 0.019290
0 0.343533 0.072531 0.024306 0.025463
0 0.467665 0.034144 0.020399 0.024691
0 0.940864 0.335745 0.019314 0.015625
0 0.281793 0.298225 0.032769 0.034336
0 0.420356 0.381173 0.013889 0.020833
