0 0.893359 0.906250 0.007031 0.011111
0 0.864062 0.910417 0.012500 0.012500
0 0.902344 0.859028 0.006250 0.015278
0 0.966406 0.798958 0.014062 0.018750
0 0.792578 0.868750 0.030469 0.012500
0 0.991406 0.267014 0.006250 0.010417
0 0.729688 0.718056 0.023438 0.023611
0 0.667969 0.740278 0.021875 0.023611
0 0.526172 0.883681 0.013281 0.029861
0 0.655078 0.721181 0.016406 0.022917
0 0.768359 0.540972 0.032031 0.030556
0 0.898438 0.269444 0.004687 0.006944
0 0.869141 0.272917 0.013281 0.012500
0 0.907422 0.216319 0.008594 0.011806
0 0.612109 0.830208 0.014844 0.028472
0 0.484766 0.993403 0.019531 0.011806
0 0.600391 0.833681 0.013281 0.034028
0 0.488281 0.960764 0.015625 0.021528
0 0.634375 0.734375 0.007812 0.015972
0 0.796875 0.226736 0.028125 0.010417
0 0.969922 0.159722 0.014844 0.018056
0 0.486328 0.890625 0.027344 0.028472
0 0.485547 0.881944 0.027344 0.011111
0 0.485547 0.860764 0.010156 0.010417
0 0.492578 0.799306 0.017969 0.019444
0 0.538672 0.739583 0.022656 0.022222
0 0.553516 0.648958 0.025781 0.027083
0 0.500781 0.644792 0.020313 0.015972
0 0.508203 0.592361 0.013281 0.011111
0 0.510547 0.528125 0.038281 0.024306
0 0.480859 0.382986 0.030469 0.029861
0 0.488281 0.361806 0.012500 0.016667
0 0.480469 0.375347 0.029687 0.043750
0 0.492578 0.318750 0.017969 0.023611
0 0.529688 0.235764 0.014062 0.032639
0 0.489844 0.243403 0.028125 0.027083
0 0.769141 0.171528 0.022656 0.022222
0 0.489453 0.212500 0.010156 0.009722
0 0.615625 0.179167 0.015625 0.029167
0 0.603906 0.183333 0.012500 0.033333
0 0.610938 0.182639 0.026562 0.036111
0 0.671484 0.090278 0.022656 0.019444
0 0.732812 0.063542 0.023438 0.025694
0 0.490625 0.893750 0.017187 0.023611
0 0.201172 0.735069 0.025781 0.027083
0 0.234766 0.547222 0.047656 0.034722
0 0.493750 0.145833 0.023438 0.020833
0 0.541406 0.085764 0.023438 0.022917
0 0.638672 0.080556 0.008594 0.023611
0 0.666797 0.077778 0.030469 0.043056
0 0.234766 0.540972 0.047656 0.023611
0 0.202734 0.085764 0.025781 0.024306
0 0.224219 0.072222 0.067188 0.051389
0 0.077734 0.773264 0.007031 0.010417
0 0.074609 0.603125 0.014844 0.011806
0 0.738672 0.004861 0.005469 0.009722
0 0.656641 0.004861 0.007031 0.009722
0 0.104687 0.111111 0.034375 0.016667
0 0.552734 0.003472 0.019531 0.006944
0 0.764844 0.818056 0.021875 0.022222
0 0.973828 0.193750 0.025781 0.026389
