0 0.989844 0.851736 0.018750 0.025694
0 0.864062 0.911111 0.012500 0.013889
0 0.902344 0.858681 0.006250 0.013194
0 0.966016 0.798611 0.014844 0.019444
0 0.792188 0.868750 0.029687 0.012500
0 0.765234 0.818056 0.021094 0.022222
0 0.482812 0.994792 0.018750 0.009028
0 0.612109 0.829861 0.014844 0.029167
0 0.966016 0.618056 0.010156 0.011111
0 0.729297 0.717708 0.024219 0.022917
0 0.600781 0.834375 0.012500 0.034028
0 0.489063 0.960764 0.015625 0.021528
0 0.668359 0.739236 0.022656 0.022917
0 0.525781 0.880556 0.014062 0.023611
0 0.522656 0.887500 0.018750 0.037500
0 0.662891 0.730208 0.032031 0.039583
0 0.652344 0.719792 0.010938 0.018750
0 0.494531 0.894792 0.017188 0.020139
0 0.767578 0.540625 0.030469 0.029861
0 0.898438 0.268403 0.004687 0.007639
0 0.869141 0.273958 0.013281 0.014583
0 0.992578 0.216319 0.013281 0.024306
0 0.907031 0.217361 0.007812 0.012500
0 0.973828 0.193403 0.025781 0.027083
0 0.796875 0.226389 0.029688 0.011111
0 0.969531 0.158681 0.015625 0.020139
0 0.484766 0.884028 0.028906 0.015278
0 0.485547 0.860417 0.010156 0.011111
0 0.494531 0.798611 0.015625 0.018056
0 0.538672 0.739931 0.022656 0.021528
0 0.554297 0.649653 0.025781 0.027083
0 0.501172 0.642708 0.019531 0.014583
0 0.509375 0.592708 0.015625 0.011806
0 0.510938 0.526736 0.037500 0.024306
0 0.489063 0.383681 0.015625 0.038194
0 0.488672 0.360764 0.016406 0.017361
0 0.493359 0.318403 0.016406 0.022917
0 0.499609 0.247569 0.021094 0.021528
0 0.530078 0.239236 0.013281 0.039583
0 0.530078 0.234375 0.013281 0.031250
0 0.530078 0.230556 0.013281 0.023611
0 0.769531 0.171528 0.021875 0.022222
0 0.607031 0.194097 0.010938 0.014583
0 0.489844 0.236111 0.026563 0.012500
0 0.492969 0.243750 0.032813 0.027778
0 0.489844 0.211458 0.009375 0.010417
0 0.615234 0.179167 0.014844 0.029167
0 0.603125 0.181597 0.010938 0.028472
0 0.671875 0.089931 0.021875 0.017361
0 0.732812 0.063542 0.023438 0.025694
0 0.201563 0.734722 0.026562 0.027778
0 0.495703 0.145486 0.021094 0.020139
0 0.541406 0.086111 0.023438 0.023611
0 0.235156 0.551389 0.045313 0.047222
0 0.667969 0.077431 0.029688 0.042361
0 0.658203 0.065625 0.011719 0.018750
0 0.202344 0.089583 0.026563 0.031944
0 0.202734 0.089236 0.027344 0.032639
0 0.075391 0.603125 0.013281 0.011806
0 0.765234 0.013889 0.028906 0.019444
0 0.739062 0.004514 0.006250 0.009028
0 0.657031 0.004514 0.006250 0.009028
0 0.080469 0.136458 0.009375 0.009028
0 0.029297 0.209722 0.038281 0.025000
0 0.551562 0.003125 0.017188 0.006250
