0 0.941406 0.916667 0.020312 0.031944
0 0.990234 0.850347 0.019531 0.024306
0 0.863672 0.909722 0.013281 0.012500
0 0.902344 0.859028 0.006250 0.013889
0 0.967188 0.798958 0.014062 0.018750
0 0.792578 0.869792 0.030469 0.011806
0 0.765625 0.818056 0.021875 0.022222
0 0.729688 0.717361 0.023438 0.022222
0 0.611719 0.830208 0.014062 0.029861
0 0.599609 0.832292 0.011719 0.031250
0 0.669922 0.740278 0.025781 0.019444
0 0.652344 0.720139 0.010938 0.019444
0 0.767578 0.539236 0.030469 0.032639
0 0.869141 0.272917 0.013281 0.013889
0 0.898438 0.268750 0.004687 0.006944
0 0.906641 0.215972 0.008594 0.011111
0 0.488672 0.960069 0.014844 0.020139
0 0.492188 0.893056 0.018750 0.033333
0 0.490625 0.882986 0.021875 0.052083
0 0.484766 0.864236 0.010156 0.018750
0 0.495313 0.798958 0.015625 0.018750
0 0.538672 0.739931 0.022656 0.022917
0 0.554297 0.650000 0.027344 0.027778
0 0.500391 0.644792 0.019531 0.018750
0 0.508594 0.592361 0.014062 0.011111
0 0.510938 0.527778 0.037500 0.023611
0 0.489844 0.389931 0.014063 0.015972
0 0.486328 0.360069 0.021094 0.017361
0 0.492969 0.318750 0.017188 0.023611
0 0.973828 0.193056 0.024219 0.027778
0 0.528906 0.240972 0.020312 0.034722
0 0.970703 0.160069 0.014844 0.020139
0 0.529687 0.226389 0.012500 0.013889
0 0.496484 0.244792 0.017969 0.031250
0 0.769141 0.171528 0.022656 0.020833
0 0.493750 0.239931 0.018750 0.029861
0 0.493359 0.222569 0.021094 0.029861
0 0.489453 0.212153 0.010156 0.011806
0 0.615234 0.179167 0.014844 0.029167
0 0.201563 0.735069 0.026562 0.028472
0 0.241406 0.549653 0.035938 0.035417
0 0.492969 0.220139 0.020313 0.027778
0 0.604688 0.183681 0.014063 0.034028
0 0.236328 0.547569 0.046094 0.038194
0 0.674609 0.089236 0.027344 0.014583
0 0.732422 0.063542 0.022656 0.025694
0 0.495313 0.145486 0.020313 0.020139
0 0.541406 0.085417 0.023438 0.022222
0 0.638672 0.080208 0.008594 0.021528
0 0.202734 0.088542 0.025781 0.029861
0 0.657422 0.003819 0.007031 0.007639
0 0.553125 0.003125 0.018750 0.006250
0 0.173828 0.030208 0.044531 0.029861
0 0.077734 0.772917 0.008594 0.011111
0 0.074609 0.603125 0.013281 0.011806
0 0.101953 0.111458 0.038281 0.015972
0 0.797266 0.227083 0.032031 0.012500
