0 0.913628 0.974826 0.031684 0.027585
0 0.815647 0.984857 0.017144 0.014082
0 0.996419 0.805266 0.006727 0.012539
0 0.778537 0.984954 0.008464 0.008102
0 0.662869 0.924865 0.022786 0.021412
0 0.633789 0.920235 0.023655 0.010995
0 0.636393 0.913387 0.027561 0.023148
0 0.552626 0.967785 0.019748 0.016975
0 0.618598 0.797647 0.008898 0.012346
0 0.449436 0.973765 0.014323 0.023534
0 0.420790 0.994406 0.012587 0.010802
0 0.439670 0.964410 0.023438 0.016782
0 0.540365 0.802758 0.028646 0.026427
0 0.813585 0.621238 0.029514 0.017940
0 0.531684 0.783854 0.019531 0.012539
0 0.531576 0.796779 0.045790 0.036458
0 0.524957 0.766686 0.026042 0.029900
0 0.335503 0.967978 0.019531 0.018904
0 0.262695 0.964892 0.028863 0.016590
0 0.306641 0.847897 0.018663 0.033758
0 0.215495 0.983025 0.012587 0.011574
0 0.129340 0.965471 0.017361 0.023920
0 0.949761 0.607253 0.028863 0.023148
0 0.689128 0.587867 0.025391 0.021026
0 0.595595 0.608121 0.015408 0.010995
0 0.593750 0.608121 0.018229 0.011767
0 0.581814 0.608700 0.012587 0.012539
0 0.408854 0.684124 0.016493 0.018711
0 0.350911 0.711516 0.016927 0.016397
0 0.351237 0.683449 0.020616 0.020833
0 0.331489 0.710841 0.026259 0.016204
0 0.326931 0.706115 0.029731 0.007909
0 0.333767 0.674865 0.028212 0.016011
0 0.296441 0.673418 0.035590 0.023920
0 0.217448 0.684028 0.027778 0.020062
0 0.114475 0.953511 0.015842 0.009259
0 0.131619 0.673900 0.031033 0.023727
0 0.956055 0.363522 0.026259 0.019097
0 0.955838 0.338638 0.040582 0.029128
0 0.563260 0.378279 0.016276 0.021605
0 0.444119 0.377604 0.013672 0.021026
0 0.425673 0.380498 0.021050 0.016782
0 0.285265 0.472512 0.025391 0.030671
0 0.205729 0.381655 0.025608 0.016397
0 0.296007 0.292824 0.013889 0.022762
0 0.138889 0.453511 0.037326 0.035494
0 0.284288 0.303241 0.018229 0.025849
0 0.137044 0.375000 0.034071 0.021605
0 0.030816 0.789352 0.019531 0.019290
0 0.088433 0.382716 0.029297 0.012731
0 0.012261 0.530285 0.024523 0.038194
0 0.060872 0.376543 0.029731 0.024691
0 0.039605 0.373264 0.050130 0.021219
0 0.527018 0.208623 0.010634 0.010995
0 0.483507 0.206887 0.019531 0.016011
0 0.551649 0.176119 0.020399 0.023920
0 0.519640 0.173032 0.026259 0.018519
0 0.479601 0.180748 0.019531 0.012731
0 0.496202 0.169657 0.020616 0.013696
0 0.463650 0.164159 0.015408 0.022762
0 0.475694 0.159144 0.016059 0.027006
0 0.432075 0.176312 0.024306 0.030093
0 0.490668 0.145448 0.020399 0.010802
0 0.398220 0.174865 0.020399 0.019869
0 0.571940 0.101852 0.006727 0.008488
0 0.564670 0.102045 0.021701 0.008102
0 0.454536 0.121046 0.023220 0.017940
0 0.469618 0.115355 0.011719 0.019290
0 0.640191 0.062404 0.012153 0.010995
0 0.540473 0.080729 0.022786 0.014853
0 0.491645 0.077836 0.011068 0.018326
0 0.546549 0.058063 0.021050 0.013503
0 0.442925 0.072434 0.014323 0.018326
0 0.403646 0.076968 0.009549 0.018133
0 0.270182 0.152392 0.029080 0.009645
0 0.340495 0.072917 0.020399 0.025463
0 0.229601 0.273438 0.017361 0.016011
0 0.017795 0.347608 0.021267 0.021605
0 0.488715 0.041474 0.010417 0.020062
0 0.468641 0.039255 0.021484 0.017940
0 0.447049 0.220679 0.014323 0.020833
0 0.452257 0.237558 0.027778 0.017554
0 0.019748 0.422840 0.039497 0.016590
0 0.209744 0.899113 0.022352 0.017747
0 0.109158 0.988619 0.014757 0.022377
