0 0.913628 0.974633 0.031250 0.027585
0 0.815972 0.984761 0.017361 0.013503
0 0.778537 0.984857 0.008464 0.007909
0 0.665148 0.924479 0.017795 0.022184
0 0.656901 0.924479 0.011285 0.022184
0 0.636176 0.913291 0.024523 0.022184
0 0.552734 0.967689 0.019965 0.016397
0 0.618707 0.797454 0.009549 0.012731
0 0.449761 0.975309 0.013238 0.021605
0 0.421007 0.994309 0.012587 0.010995
0 0.439453 0.964120 0.022569 0.015818
0 0.820530 0.621335 0.014757 0.017361
0 0.813694 0.620949 0.028429 0.017747
0 0.950304 0.607446 0.029514 0.020833
0 0.691623 0.590181 0.028646 0.017940
0 0.335938 0.967785 0.018663 0.018904
0 0.587348 0.609375 0.028429 0.014660
0 0.409071 0.684028 0.017795 0.018519
0 0.352105 0.711806 0.016710 0.017747
0 0.343207 0.711613 0.027127 0.017361
0 0.351454 0.683353 0.020616 0.021026
0 0.215386 0.983603 0.012804 0.012346
0 0.328342 0.710938 0.032118 0.016397
0 0.327257 0.708333 0.029948 0.012346
0 0.336806 0.674865 0.022569 0.019869
0 0.209961 0.898245 0.022786 0.016782
0 0.304036 0.671682 0.020833 0.020833
0 0.296441 0.671586 0.035590 0.020255
0 0.956706 0.363522 0.026259 0.019483
0 0.563260 0.378472 0.016276 0.021605
0 0.444227 0.377315 0.013455 0.020448
0 0.423394 0.380015 0.026476 0.015432
0 0.527127 0.208430 0.010851 0.009838
0 0.484266 0.206887 0.021484 0.014468
0 0.989583 0.146123 0.020399 0.029128
0 0.551541 0.175926 0.020616 0.023920
0 0.519531 0.172936 0.026476 0.018711
0 0.479601 0.181134 0.019965 0.011960
0 0.496745 0.169850 0.020399 0.013310
0 0.464301 0.163966 0.017144 0.023148
0 0.431532 0.176408 0.023220 0.030285
0 0.489475 0.146894 0.021918 0.012924
0 0.572700 0.102141 0.009115 0.008295
0 0.640299 0.062886 0.011502 0.009645
0 0.818359 0.042535 0.025608 0.015239
0 0.560547 0.102623 0.015191 0.006944
0 0.564345 0.102045 0.024957 0.008102
0 0.454427 0.121335 0.023438 0.017361
0 0.469510 0.115451 0.011502 0.019097
0 0.540690 0.080536 0.022352 0.014853
0 0.491753 0.078221 0.011719 0.018711
0 0.546875 0.057485 0.021701 0.014275
0 0.219510 0.683931 0.024523 0.017940
0 0.284939 0.472704 0.024740 0.029900
0 0.129883 0.965278 0.015408 0.024306
0 0.114258 0.953993 0.017144 0.011381
0 0.131619 0.673611 0.031033 0.023920
0 0.205729 0.381559 0.025608 0.016590
0 0.132595 0.462384 0.023872 0.016204
0 0.143663 0.452932 0.027344 0.020833
0 0.030816 0.789352 0.019097 0.018519
0 0.138672 0.453993 0.035156 0.034144
0 0.012153 0.530285 0.024306 0.037809
0 0.139974 0.374132 0.026910 0.023341
0 0.088759 0.382330 0.027344 0.013889
0 0.032552 0.421586 0.011285 0.017940
0 0.017253 0.426890 0.021484 0.010031
0 0.024523 0.422357 0.027344 0.018326
0 0.284831 0.304495 0.018880 0.024498
0 0.295681 0.292824 0.013672 0.021605
0 0.398546 0.174769 0.021050 0.020062
0 0.442817 0.073110 0.014540 0.018519
0 0.403646 0.077064 0.009549 0.017554
0 0.275825 0.153164 0.017795 0.005787
0 0.265191 0.152103 0.037326 0.008295
0 0.340820 0.072820 0.020182 0.025656
0 0.229492 0.273727 0.017578 0.015046
0 0.051432 0.375868 0.061632 0.025270
0 0.039171 0.362847 0.067925 0.049769
0 0.488390 0.041570 0.010634 0.019869
0 0.468641 0.039255 0.021918 0.018711
0 0.475911 0.036651 0.016493 0.019290
0 0.110677 0.991705 0.015191 0.016204
0 0.272678 0.966146 0.011936 0.018326
0 0.259223 0.965278 0.017144 0.017361
0 0.303711 0.852623 0.012804 0.022377
0 0.308160 0.838252 0.016059 0.013696
0 0.545681 0.809799 0.016276 0.011960
0 0.531684 0.764178 0.013455 0.026427
0 0.520074 0.773534 0.018446 0.020062
0 0.452040 0.228395 0.026910 0.036265
0 0.474067 0.159915 0.009766 0.022377
0 0.944770 0.334780 0.011502 0.017940
