0 0.913303 0.974923 0.031033 0.027392
0 0.815972 0.984954 0.017361 0.014275
0 0.996094 0.807485 0.007378 0.008873
0 0.778320 0.985629 0.008898 0.010224
0 0.663086 0.924576 0.022352 0.022377
0 0.656576 0.924865 0.011936 0.021798
0 0.637153 0.914062 0.023003 0.022569
0 0.552734 0.967593 0.018663 0.017747
0 0.619466 0.797261 0.009766 0.012731
0 0.449544 0.975212 0.013672 0.021026
0 0.420898 0.994117 0.012370 0.011381
0 0.439562 0.963927 0.022786 0.015818
0 0.813368 0.620853 0.029080 0.018326
0 0.531901 0.783565 0.019965 0.012346
0 0.950738 0.607735 0.030816 0.022184
0 0.532227 0.802566 0.044922 0.026813
0 0.526042 0.773630 0.027778 0.026813
0 0.524523 0.771123 0.025608 0.023727
0 0.335829 0.967882 0.018880 0.018711
0 0.525174 0.766011 0.026042 0.029321
0 0.306749 0.847415 0.018880 0.034336
0 0.688477 0.584491 0.032335 0.027778
0 0.588976 0.607735 0.028212 0.010995
0 0.408637 0.684221 0.017361 0.018904
0 0.352539 0.711323 0.017578 0.016782
0 0.351454 0.681134 0.020616 0.025849
0 0.328776 0.710648 0.031684 0.016204
0 0.332574 0.673322 0.035373 0.017940
0 0.215603 0.982832 0.012370 0.011188
0 0.209744 0.898727 0.023655 0.018133
0 0.128689 0.965181 0.013889 0.024498
0 0.114149 0.954090 0.017361 0.008873
0 0.296875 0.673418 0.034722 0.023920
0 0.117947 0.971836 0.038845 0.045910
0 0.217448 0.684606 0.026042 0.018519
0 0.131727 0.673225 0.031250 0.023534
0 0.956489 0.362847 0.025825 0.019676
0 0.444227 0.377411 0.013889 0.021026
0 0.423394 0.379630 0.026910 0.015818
0 0.483832 0.206694 0.020182 0.014853
0 0.989800 0.146123 0.019965 0.029128
0 0.551649 0.176215 0.020399 0.024498
0 0.519748 0.172743 0.026476 0.019097
0 0.496528 0.169850 0.020833 0.013696
0 0.479384 0.180556 0.018663 0.013503
0 0.463650 0.164062 0.014974 0.022955
0 0.474718 0.159626 0.014106 0.025656
0 0.432292 0.176408 0.023872 0.029900
0 0.428602 0.173129 0.017795 0.023727
0 0.492405 0.147859 0.025608 0.016011
0 0.561306 0.102238 0.014106 0.007330
0 0.565538 0.101852 0.022135 0.008488
0 0.639757 0.062693 0.012153 0.009645
0 0.818359 0.042728 0.024740 0.015239
0 0.455187 0.121142 0.021918 0.017747
0 0.469618 0.115066 0.011719 0.018326
0 0.540690 0.080922 0.021918 0.014853
0 0.491862 0.077836 0.011502 0.018326
0 0.546875 0.057485 0.021701 0.014275
0 0.285156 0.472512 0.025608 0.030285
0 0.205946 0.381366 0.025608 0.016204
0 0.284397 0.304688 0.018012 0.025270
0 0.295790 0.292535 0.013889 0.022569
0 0.138997 0.454282 0.036241 0.035108
0 0.140734 0.374614 0.026693 0.022377
0 0.398655 0.175058 0.021267 0.019869
0 0.442817 0.072434 0.014540 0.018326
0 0.403863 0.076968 0.009983 0.017747
0 0.340820 0.072820 0.020616 0.025656
0 0.030924 0.789159 0.019314 0.018904
0 0.012153 0.529803 0.024306 0.037616
0 0.088108 0.382137 0.029514 0.013503
0 0.028971 0.421489 0.019314 0.020448
0 0.023763 0.422357 0.029731 0.019483
0 0.230143 0.273341 0.017144 0.015818
0 0.017904 0.348090 0.023220 0.021412
0 0.489258 0.040702 0.011068 0.019290
0 0.468424 0.039062 0.021918 0.017940
0 0.562609 0.378665 0.014974 0.020062
0 0.452691 0.228299 0.026042 0.036458
0 0.526476 0.209394 0.013455 0.012153
0 0.268772 0.155285 0.034071 0.014660
0 0.947700 0.334298 0.026042 0.017747
