0 0.778103 0.922261 0.023655 0.027006
0 0.799479 0.727334 0.017795 0.027199
0 0.598741 0.908372 0.041667 0.020062
0 0.443359 0.988040 0.026910 0.023534
0 0.436415 0.987944 0.014757 0.023727
0 0.367188 0.982542 0.015625 0.026427
0 0.783637 0.723476 0.014323 0.024113
0 0.773329 0.724923 0.019314 0.028549
0 0.715495 0.715664 0.031250 0.025463
0 0.691623 0.716435 0.018663 0.021605
0 0.448242 0.828318 0.027561 0.033179
0 0.393229 0.851273 0.014323 0.016975
0 0.347114 0.882812 0.038411 0.026042
0 0.338759 0.882523 0.023438 0.025849
0 0.357096 0.888985 0.019748 0.014082
0 0.283420 0.890336 0.016927 0.014853
0 0.717990 0.604167 0.025391 0.015046
0 0.604384 0.628665 0.035590 0.024691
0 0.779948 0.491995 0.014757 0.010610
0 0.702691 0.486015 0.014323 0.024113
0 0.685438 0.488522 0.011068 0.021026
0 0.533854 0.595486 0.033854 0.031250
0 0.639323 0.478395 0.019531 0.024691
0 0.620877 0.484857 0.012153 0.022569
0 0.589627 0.486690 0.020833 0.021605
0 0.716471 0.398052 0.019748 0.026042
0 0.710938 0.397666 0.012153 0.025270
0 0.562174 0.478202 0.011068 0.020833
0 0.600152 0.454379 0.016710 0.027585
0 0.683594 0.387249 0.021267 0.009452
0 0.673611 0.401138 0.032986 0.021026
0 0.649197 0.418692 0.038411 0.027971
0 0.666558 0.401235 0.031467 0.021605
0 0.702582 0.368345 0.013672 0.014082
0 0.647678 0.394001 0.020616 0.022569
0 0.613607 0.405189 0.019748 0.027199
0 0.651910 0.368248 0.024740 0.016204
0 0.473741 0.489101 0.011285 0.021798
0 0.645725 0.366319 0.015408 0.012346
0 0.551541 0.393133 0.025825 0.025077
0 0.618273 0.349730 0.018229 0.028935
0 0.601454 0.346740 0.015408 0.026427
0 0.781684 0.211227 0.024306 0.028164
0 0.271918 0.904128 0.016493 0.024691
0 0.272895 0.822917 0.029297 0.031250
0 0.184462 0.974151 0.015191 0.027006
0 0.216037 0.894965 0.015408 0.026042
0 0.216037 0.894965 0.015408 0.026042
0 0.204427 0.892361 0.014757 0.023920
0 0.168945 0.890818 0.045790 0.021605
0 0.162001 0.891204 0.035373 0.021991
0 0.121745 0.972029 0.019097 0.022377
0 0.141493 0.885802 0.029948 0.033951
0 0.135417 0.838445 0.023437 0.014082
0 0.132161 0.885610 0.049913 0.034336
0 0.482422 0.480228 0.011285 0.020255
0 0.577148 0.398823 0.020616 0.029514
0 0.558919 0.392168 0.013238 0.026620
0 0.391276 0.414738 0.013455 0.009645
0 0.581272 0.303627 0.021484 0.014660
0 0.453451 0.280961 0.015408 0.026427
0 0.321072 0.484954 0.018012 0.024691
0 0.324870 0.354456 0.012587 0.024113
0 0.442057 0.279321 0.015191 0.030864
0 0.371094 0.272955 0.015191 0.026620
0 0.602322 0.191069 0.041884 0.020640
0 0.359592 0.175154 0.021267 0.015432
0 0.339627 0.170332 0.023003 0.026235
0 0.096029 0.892265 0.025391 0.029128
0 0.106771 0.891782 0.046441 0.029707
0 0.187500 0.275463 0.014757 0.028164
0 0.107747 0.890818 0.047960 0.030093
0 0.069987 0.843943 0.021918 0.035494
0 0.125217 0.279032 0.021701 0.022184
0 0.274414 0.194348 0.017144 0.024498
0 0.286024 0.178530 0.016927 0.016011
0 0.395508 0.134259 0.014540 0.018133
0 0.348741 0.173418 0.041667 0.032793
0 0.206163 0.187596 0.015191 0.024498
0 0.170790 0.189718 0.047309 0.022955
0 0.143338 0.187500 0.031467 0.032793
0 0.107530 0.197145 0.045356 0.032407
0 0.111762 0.194444 0.048611 0.031636
0 0.803060 0.012731 0.018012 0.025463
0 0.787977 0.009163 0.016493 0.018326
0 0.785807 0.010513 0.020833 0.021026
0 0.777127 0.011188 0.019097 0.022377
0 0.722873 0.005015 0.023438 0.010031
0 0.455946 0.107928 0.016927 0.032600
0 0.444336 0.109279 0.017144 0.029514
0 0.273546 0.110147 0.031033 0.030478
0 0.134766 0.137539 0.025174 0.015818
0 0.106662 0.134066 0.012370 0.006559
0 0.711806 0.005015 0.045139 0.010031
0 0.694661 0.004437 0.010851 0.008873
0 0.070747 0.150752 0.025608 0.035687
0 0.219184 0.189140 0.013889 0.025270
0 0.417101 0.416763 0.018663 0.011767
0 0.432834 0.458719 0.007161 0.006559
0 0.693685 0.621142 0.027561 0.041667
0 0.735226 0.637368 0.016094 0.009601
0 0.640516 0.621528 0.013672 0.011188
