0 0.777235 0.922261 0.021918 0.027006
0 0.799154 0.727623 0.017578 0.027392
0 0.598633 0.908275 0.041884 0.019869
0 0.443359 0.988137 0.026910 0.023341
0 0.436632 0.988233 0.014757 0.023148
0 0.367296 0.983121 0.015408 0.027199
0 0.783746 0.723380 0.014106 0.023534
0 0.773329 0.725019 0.019314 0.028742
0 0.715386 0.715664 0.031033 0.025463
0 0.691840 0.716339 0.018229 0.021798
0 0.337999 0.882620 0.022786 0.025656
0 0.358073 0.889757 0.022135 0.012539
0 0.282552 0.889178 0.015625 0.015625
0 0.271810 0.904128 0.016710 0.025077
0 0.272895 0.823110 0.029297 0.030093
0 0.184570 0.973958 0.014974 0.026620
0 0.216037 0.895062 0.015408 0.026235
0 0.204536 0.892554 0.014974 0.023920
0 0.168837 0.891011 0.046007 0.021991
0 0.123047 0.971836 0.021267 0.021991
0 0.142795 0.886092 0.029514 0.030671
0 0.141927 0.885706 0.030816 0.033372
0 0.134549 0.887346 0.043837 0.036265
0 0.717448 0.604360 0.026476 0.014660
0 0.779839 0.492188 0.014540 0.010224
0 0.602756 0.629147 0.031467 0.024498
0 0.702908 0.486690 0.014757 0.024691
0 0.685547 0.488522 0.011285 0.021026
0 0.639974 0.478684 0.019965 0.024113
0 0.620877 0.484761 0.011719 0.022377
0 0.589952 0.486304 0.021050 0.020833
0 0.720486 0.398920 0.012153 0.025077
0 0.711263 0.397569 0.012804 0.025849
0 0.562174 0.478395 0.011068 0.021605
0 0.600152 0.454090 0.016710 0.026235
0 0.684028 0.386767 0.022135 0.008873
0 0.673720 0.400849 0.033203 0.021605
0 0.666450 0.401331 0.032118 0.021798
0 0.702582 0.368248 0.013672 0.014275
0 0.648003 0.394097 0.020833 0.022377
0 0.613390 0.404803 0.019748 0.027971
0 0.657227 0.368634 0.014106 0.016975
0 0.473850 0.489005 0.011068 0.021605
0 0.482313 0.479938 0.011068 0.020062
0 0.651042 0.368538 0.024740 0.016782
0 0.645833 0.366609 0.015625 0.012924
0 0.577040 0.397569 0.019965 0.028164
0 0.557075 0.392554 0.017361 0.027006
0 0.551758 0.392265 0.025825 0.025270
0 0.617730 0.351466 0.017578 0.025463
0 0.601671 0.346644 0.015842 0.027006
0 0.781793 0.211227 0.024089 0.028164
0 0.391710 0.414062 0.013021 0.008681
0 0.581272 0.303337 0.021484 0.014853
0 0.451172 0.280575 0.019531 0.026042
0 0.320855 0.485243 0.017578 0.025270
0 0.324978 0.354456 0.012370 0.023727
0 0.440864 0.279128 0.013238 0.030093
0 0.371094 0.273341 0.015191 0.027006
0 0.602431 0.190972 0.041667 0.020448
0 0.360243 0.176312 0.023438 0.012731
0 0.340169 0.170139 0.021484 0.026620
0 0.349392 0.172550 0.043403 0.031443
0 0.133464 0.838349 0.028212 0.014660
0 0.106554 0.831983 0.012587 0.006173
0 0.108941 0.889564 0.048177 0.030671
0 0.107313 0.890721 0.047526 0.031057
0 0.187391 0.275559 0.014974 0.028356
0 0.274414 0.194155 0.017144 0.024884
0 0.285699 0.178627 0.016276 0.016204
0 0.218207 0.189236 0.015842 0.025463
0 0.107422 0.890625 0.048177 0.031250
0 0.125651 0.279321 0.022135 0.022762
0 0.206272 0.187789 0.014974 0.024498
0 0.171115 0.189911 0.048394 0.023341
0 0.069987 0.843943 0.021918 0.035494
0 0.070530 0.447724 0.054253 0.042052
0 0.395508 0.134163 0.015408 0.018326
0 0.143121 0.187404 0.032335 0.033372
0 0.120334 0.190683 0.027127 0.026042
0 0.099609 0.198785 0.031250 0.029128
0 0.802843 0.013021 0.018012 0.026042
0 0.455946 0.108025 0.016927 0.032407
0 0.444227 0.109182 0.016493 0.029707
0 0.273438 0.110340 0.030382 0.029707
0 0.131836 0.137635 0.031033 0.016011
0 0.780924 0.011285 0.027995 0.022569
0 0.723416 0.004919 0.021918 0.009838
0 0.722548 0.004823 0.023220 0.009645
0 0.107422 0.133970 0.013021 0.006752
0 0.070312 0.150945 0.024306 0.035687
0 0.694770 0.004340 0.011068 0.008681
0 0.393012 0.851370 0.014757 0.017168
0 0.441623 0.828800 0.015625 0.029900
0 0.454210 0.828414 0.016493 0.034144
0 0.525608 0.595679 0.016493 0.031636
0 0.541884 0.595004 0.019097 0.030671
0 0.432834 0.458719 0.007595 0.006944
0 0.416884 0.416763 0.019965 0.011767
0 0.643012 0.427951 0.023872 0.014082
0 0.737630 0.637442 0.015191 0.009838
0 0.640516 0.622203 0.009332 0.009452
0 0.690864 0.621142 0.023220 0.041281
