0 0.777886 0.922357 0.024089 0.027199
0 0.799045 0.727527 0.017795 0.027585
0 0.783963 0.723187 0.013672 0.023920
0 0.598633 0.908661 0.041884 0.019097
0 0.773655 0.725019 0.019531 0.029128
0 0.715495 0.715856 0.031250 0.025077
0 0.691840 0.716242 0.018663 0.021991
0 0.859809 0.485532 0.009983 0.007716
0 0.779405 0.492091 0.014106 0.010417
0 0.443251 0.988137 0.027127 0.023341
0 0.367188 0.983025 0.015625 0.027392
0 0.441840 0.828897 0.016059 0.029707
0 0.602431 0.627315 0.036892 0.022377
0 0.703016 0.486690 0.014974 0.025077
0 0.685330 0.488329 0.010417 0.021026
0 0.639540 0.478395 0.019531 0.024306
0 0.620985 0.484954 0.011936 0.022377
0 0.590061 0.487558 0.020833 0.023341
0 0.720812 0.398823 0.011068 0.025270
0 0.339193 0.883488 0.023872 0.026620
0 0.710286 0.397569 0.012153 0.025463
0 0.711589 0.396605 0.013455 0.025463
0 0.562066 0.478299 0.010851 0.021798
0 0.600152 0.454379 0.016710 0.026813
0 0.649740 0.419753 0.039497 0.026235
0 0.684136 0.387249 0.022352 0.009452
0 0.674045 0.401042 0.032986 0.021219
0 0.663086 0.400849 0.024089 0.021605
0 0.702908 0.368345 0.014323 0.015239
0 0.648220 0.394194 0.021701 0.023341
0 0.613498 0.405189 0.019965 0.027199
0 0.657335 0.369117 0.014323 0.016782
0 0.473850 0.489005 0.011068 0.021605
0 0.482422 0.480324 0.010851 0.020833
0 0.651150 0.368441 0.024523 0.016204
0 0.645616 0.366319 0.015191 0.012731
0 0.576931 0.398245 0.020182 0.029900
0 0.558919 0.392747 0.013238 0.026235
0 0.550130 0.393229 0.022569 0.023341
0 0.617947 0.350405 0.017578 0.027585
0 0.781467 0.211227 0.023438 0.028164
0 0.271918 0.904321 0.016927 0.025463
0 0.273003 0.823110 0.029080 0.030478
0 0.184462 0.973765 0.015191 0.026620
0 0.216146 0.895158 0.015191 0.026042
0 0.204427 0.892940 0.015191 0.024306
0 0.168620 0.891204 0.046441 0.022377
0 0.123047 0.972126 0.021701 0.021798
0 0.141493 0.886478 0.029948 0.034144
0 0.452474 0.280768 0.016493 0.026427
0 0.320964 0.484761 0.017361 0.025077
0 0.324870 0.354360 0.012153 0.023920
0 0.447808 0.279321 0.026259 0.030093
0 0.441189 0.279321 0.013455 0.030478
0 0.370877 0.273341 0.014757 0.026620
0 0.132378 0.886863 0.047309 0.035301
0 0.119249 0.888214 0.026693 0.027199
0 0.187283 0.275463 0.015191 0.028935
0 0.096354 0.892361 0.025608 0.028549
0 0.107313 0.890818 0.047526 0.030864
0 0.069770 0.844232 0.021918 0.035301
0 0.616862 0.192515 0.020616 0.019676
0 0.602431 0.191069 0.041667 0.020255
0 0.359158 0.175733 0.020399 0.015046
0 0.339735 0.170332 0.021050 0.027778
0 0.348741 0.173997 0.041233 0.035108
0 0.274414 0.194252 0.017144 0.024306
0 0.285807 0.179205 0.016493 0.016590
0 0.217990 0.188947 0.015842 0.026042
0 0.205946 0.187886 0.015191 0.024306
0 0.125543 0.279514 0.021918 0.021991
0 0.170464 0.189815 0.047960 0.023534
0 0.145942 0.191069 0.024957 0.027585
0 0.121745 0.190201 0.026476 0.027392
0 0.395399 0.134742 0.015625 0.018326
0 0.142904 0.187886 0.032335 0.033179
0 0.143012 0.187789 0.032986 0.032600
0 0.802192 0.013117 0.019748 0.026235
0 0.455946 0.108314 0.016927 0.032600
0 0.444227 0.109279 0.016927 0.029514
0 0.273763 0.109954 0.030599 0.030093
0 0.097873 0.198592 0.027344 0.027971
0 0.134657 0.137539 0.026259 0.016204
0 0.781467 0.011285 0.028646 0.022569
0 0.722765 0.005112 0.023220 0.010224
0 0.106228 0.134066 0.012370 0.006559
0 0.711806 0.005112 0.044705 0.010224
0 0.694661 0.004437 0.010851 0.008873
0 0.070530 0.151042 0.023872 0.035880
0 0.581597 0.303530 0.021267 0.014468
0 0.600586 0.346451 0.014974 0.025849
0 0.391927 0.414641 0.014757 0.009066
0 0.433051 0.458623 0.009766 0.007909
0 0.540473 0.595486 0.023220 0.030478
0 0.525282 0.595486 0.016710 0.032022
0 0.640734 0.621817 0.012370 0.009452
0 0.693576 0.621431 0.026910 0.041860
0 0.737423 0.637052 0.015172 0.011775
0 0.393012 0.851852 0.015191 0.017747
0 0.356988 0.889468 0.018663 0.012346
0 0.283095 0.889757 0.018446 0.014853
0 0.246962 0.926505 0.009983 0.006559
0 0.134440 0.838445 0.027127 0.015239
0 0.106500 0.832272 0.013348 0.005594
