0 0.662543 0.977431 0.029948 0.015046
0 0.654188 0.960262 0.035373 0.006944
0 0.627604 0.983410 0.025174 0.014660
0 0.608941 0.993441 0.024740 0.012731
0 0.600369 0.962095 0.009766 0.009838
0 0.581814 0.988233 0.013455 0.023148
0 0.589301 0.962770 0.010634 0.012346
0 0.573459 0.981964 0.012804 0.016011
0 0.576823 0.986979 0.019531 0.025656
0 0.573459 0.982350 0.013238 0.016782
0 0.768663 0.746528 0.019965 0.037037
0 0.560221 0.991512 0.020616 0.016590
0 0.571181 0.946952 0.021267 0.027392
0 0.749783 0.614487 0.018663 0.024884
0 0.565213 0.794078 0.028429 0.019097
0 0.740560 0.613522 0.036241 0.026813
0 0.731771 0.612751 0.019097 0.026042
0 0.668728 0.605999 0.035807 0.025656
0 0.786024 0.492188 0.007812 0.010224
0 0.527778 0.989583 0.019965 0.020448
0 0.507812 0.986979 0.019965 0.025656
0 0.619358 0.514178 0.013021 0.017940
0 0.640951 0.481771 0.009766 0.022955
0 0.636719 0.481096 0.016927 0.024691
0 0.632161 0.478684 0.008681 0.020255
0 0.597005 0.485629 0.019531 0.018326
0 0.556749 0.514468 0.018446 0.023148
0 0.609375 0.451100 0.012587 0.021412
0 0.601128 0.454475 0.011719 0.023148
0 0.715386 0.383584 0.031901 0.016011
0 0.405273 0.960455 0.009766 0.015046
0 0.392687 0.881076 0.024523 0.036844
0 0.407335 0.710648 0.015625 0.029321
0 0.662760 0.401717 0.028646 0.017168
0 0.534180 0.477720 0.011502 0.021412
0 0.678711 0.388503 0.024523 0.014660
0 0.705187 0.364101 0.030165 0.008681
0 0.633898 0.394097 0.013021 0.025077
0 0.611979 0.403453 0.022569 0.026813
0 0.625326 0.387924 0.014540 0.016590
0 0.479818 0.483989 0.010417 0.020833
0 0.644097 0.365451 0.020833 0.013310
0 0.469944 0.488329 0.010634 0.021412
0 0.580187 0.399016 0.020182 0.027585
0 0.559462 0.392940 0.020399 0.027392
0 0.396267 0.709298 0.015625 0.030478
0 0.324110 0.786555 0.015842 0.023341
0 0.301215 0.768808 0.029514 0.021026
0 0.622721 0.350502 0.021484 0.026620
0 0.413845 0.415220 0.016927 0.009066
0 0.442491 0.284529 0.028646 0.037037
0 0.238715 0.776331 0.031250 0.021798
0 0.226780 0.705150 0.034288 0.029514
0 0.173503 0.776813 0.027127 0.028164
0 0.132378 0.778260 0.024306 0.025656
0 0.072374 0.866512 0.024523 0.039352
0 0.115126 0.723573 0.024089 0.012346
0 0.103190 0.770930 0.033203 0.031829
0 0.074761 0.778549 0.028429 0.022377
0 0.071398 0.723765 0.012153 0.013503
0 0.116645 0.284047 0.022786 0.038002
0 0.815430 0.140721 0.020616 0.038002
0 0.613932 0.192419 0.029080 0.021412
0 0.782661 0.008970 0.035807 0.017940
0 0.370226 0.190201 0.016493 0.022762
0 0.348958 0.174865 0.026910 0.025656
0 0.281901 0.182292 0.032986 0.021605
0 0.216905 0.186053 0.027995 0.027199
0 0.452365 0.107832 0.016710 0.028164
0 0.441189 0.106385 0.015625 0.029128
0 0.447049 0.106771 0.026910 0.029900
0 0.175347 0.190104 0.026042 0.024884
0 0.269857 0.108314 0.034939 0.027971
0 0.146267 0.182870 0.032986 0.037809
0 0.116428 0.193866 0.027995 0.023534
0 0.094401 0.184799 0.033854 0.019676
0 0.154622 0.134838 0.025825 0.012731
0 0.053494 0.768808 0.034505 0.021412
0 0.035156 0.731096 0.029948 0.031250
0 0.715820 0.005691 0.018446 0.011381
0 0.112088 0.138117 0.012804 0.015432
0 0.075738 0.147569 0.034722 0.032793
0 0.707465 0.531539 0.014323 0.017554
0 0.688911 0.531816 0.018012 0.019650
0 0.669398 0.524498 0.014974 0.008488
0 0.537977 0.508873 0.018229 0.015046
0 0.379123 0.302180 0.020399 0.015239
0 0.455404 0.365990 0.012804 0.013616
0 0.570855 0.303723 0.009766 0.014853
0 0.584284 0.302227 0.011553 0.010704
0 0.725694 0.460841 0.011719 0.008873
0 0.704575 0.495756 0.013592 0.008488
0 0.682748 0.487330 0.010895 0.022639
0 0.691492 0.488522 0.011113 0.022184
0 0.646701 0.425829 0.009115 0.007909
0 0.658637 0.425637 0.011285 0.006752
0 0.520399 0.901427 0.012587 0.013889
0 0.557292 0.962095 0.008247 0.007909
0 0.328559 0.894869 0.014757 0.010802
0 0.337891 0.892361 0.005208 0.006173
