0 0.663194 0.977720 0.029080 0.015239
0 0.655924 0.959973 0.030165 0.005980
0 0.627387 0.983314 0.024306 0.015239
0 0.608724 0.993441 0.024740 0.012731
0 0.600369 0.962191 0.009766 0.010031
0 0.581814 0.988619 0.013021 0.022377
0 0.590603 0.962770 0.011502 0.012346
0 0.573568 0.982542 0.013889 0.017554
0 0.768663 0.746624 0.019965 0.036458
0 0.561198 0.992477 0.020399 0.014660
0 0.571072 0.946952 0.020616 0.027392
0 0.527886 0.989583 0.020182 0.020448
0 0.507378 0.986979 0.020399 0.025656
0 0.525716 0.900656 0.020182 0.013117
0 0.565430 0.793113 0.027561 0.016782
0 0.405273 0.960359 0.009766 0.014853
0 0.392578 0.881076 0.024740 0.036844
0 0.749674 0.614390 0.018880 0.025077
0 0.740451 0.613619 0.036024 0.026620
0 0.731662 0.612654 0.018880 0.025463
0 0.668511 0.605710 0.035807 0.025463
0 0.402018 0.710262 0.026259 0.028935
0 0.324110 0.787037 0.015842 0.023920
0 0.300998 0.768615 0.029514 0.020640
0 0.238607 0.775559 0.034071 0.021412
0 0.226780 0.705343 0.033854 0.029900
0 0.173828 0.778549 0.026476 0.025849
0 0.131944 0.778164 0.024740 0.025849
0 0.073351 0.866223 0.023438 0.037616
0 0.114692 0.723862 0.024089 0.012539
0 0.860677 0.485050 0.010851 0.010224
0 0.787435 0.492380 0.008898 0.009838
0 0.687391 0.488522 0.018446 0.024113
0 0.640625 0.481964 0.010417 0.022184
0 0.637153 0.481674 0.016927 0.023148
0 0.632053 0.478877 0.008030 0.019869
0 0.596680 0.485725 0.019748 0.018133
0 0.556424 0.514468 0.019097 0.023148
0 0.609266 0.451100 0.011502 0.021412
0 0.601237 0.454379 0.011936 0.023341
0 0.715929 0.384356 0.030382 0.017168
0 0.552517 0.462674 0.005208 0.010610
0 0.534180 0.477238 0.011502 0.021219
0 0.479926 0.483796 0.010200 0.020833
0 0.702582 0.363522 0.020616 0.005594
0 0.469401 0.487847 0.011285 0.020062
0 0.613932 0.192708 0.029080 0.020833
0 0.815430 0.140914 0.020182 0.038002
0 0.782769 0.009066 0.035590 0.018133
0 0.104384 0.770544 0.035156 0.035687
0 0.370334 0.189815 0.016710 0.023148
0 0.349067 0.174576 0.025825 0.026235
0 0.452691 0.107542 0.016059 0.027585
0 0.440538 0.106771 0.015625 0.025270
0 0.447049 0.107639 0.027344 0.027778
0 0.282986 0.182002 0.036024 0.021026
0 0.073676 0.779321 0.029731 0.026620
0 0.071615 0.723765 0.011285 0.013503
0 0.147135 0.183835 0.034722 0.035880
0 0.053060 0.768615 0.034939 0.020640
0 0.115017 0.193673 0.030382 0.027392
0 0.094618 0.185089 0.034288 0.019869
0 0.155382 0.135224 0.024740 0.011960
0 0.112196 0.138117 0.012153 0.015818
0 0.033854 0.730324 0.028646 0.030478
0 0.715929 0.005015 0.020399 0.010031
0 0.073785 0.147184 0.030382 0.031636
0 0.277127 0.108989 0.020399 0.029707
0 0.266493 0.108131 0.026476 0.027219
0 0.224175 0.188754 0.016059 0.024884
0 0.211155 0.187596 0.017795 0.025270
0 0.182292 0.190586 0.014323 0.025077
0 0.168728 0.188850 0.014974 0.022762
0 0.114692 0.287519 0.018880 0.030671
0 0.379232 0.300926 0.020182 0.013117
0 0.435764 0.281732 0.015625 0.031057
0 0.449761 0.286362 0.018880 0.036073
0 0.569119 0.301890 0.015408 0.011574
0 0.582791 0.302276 0.008030 0.012731
0 0.626085 0.350502 0.015191 0.026235
0 0.617296 0.352045 0.010200 0.028935
0 0.641927 0.365644 0.009983 0.010610
0 0.655273 0.365258 0.011502 0.010610
0 0.608832 0.366127 0.008898 0.010417
0 0.577219 0.401363 0.015161 0.028255
0 0.563427 0.394065 0.015372 0.023016
0 0.554373 0.393410 0.017056 0.030313
0 0.606699 0.404550 0.015582 0.027132
0 0.617859 0.406422 0.013898 0.024138
0 0.634283 0.395195 0.013476 0.027132
0 0.624702 0.389487 0.014529 0.019086
0 0.654182 0.402866 0.013687 0.020022
0 0.667658 0.402305 0.028427 0.021144
0 0.651760 0.424759 0.032006 0.007672
0 0.678502 0.389768 0.029058 0.015905
0 0.562934 0.461420 0.006510 0.006944
0 0.621528 0.512828 0.014757 0.013696
0 0.691643 0.529803 0.021307 0.014468
0 0.699653 0.527585 0.009115 0.011188
