0 0.663194 0.977045 0.029080 0.015046
0 0.655816 0.961034 0.031684 0.008488
0 0.627170 0.983410 0.025608 0.015046
0 0.608941 0.993441 0.024740 0.012731
0 0.600586 0.962095 0.010200 0.009838
0 0.581597 0.988137 0.013455 0.023341
0 0.589735 0.962963 0.010634 0.012731
0 0.573568 0.982157 0.013455 0.016397
0 0.561089 0.992284 0.020616 0.015046
0 0.558377 0.966146 0.012153 0.019483
0 0.768772 0.746721 0.020182 0.037423
0 0.571289 0.946952 0.021050 0.027778
0 0.528103 0.989390 0.020182 0.020833
0 0.507487 0.987076 0.020616 0.025463
0 0.522352 0.901910 0.013455 0.012924
0 0.565213 0.793113 0.027995 0.015625
0 0.405273 0.961034 0.009766 0.016204
0 0.392687 0.881173 0.024957 0.036265
0 0.749891 0.614776 0.018880 0.024691
0 0.740668 0.613619 0.035590 0.027006
0 0.731988 0.612944 0.019097 0.026042
0 0.667535 0.606192 0.033854 0.026427
0 0.407335 0.711323 0.015191 0.028356
0 0.324110 0.787133 0.015408 0.023727
0 0.300239 0.768615 0.028429 0.019869
0 0.242839 0.778164 0.038628 0.025849
0 0.226780 0.705150 0.033854 0.030285
0 0.173720 0.778356 0.027127 0.025849
0 0.132053 0.778260 0.024957 0.025656
0 0.114583 0.723573 0.024740 0.013117
0 0.104275 0.769869 0.034505 0.036651
0 0.065213 0.875193 0.037977 0.055941
0 0.787326 0.492573 0.008681 0.010224
0 0.687934 0.487847 0.019531 0.022762
0 0.619358 0.513985 0.013455 0.017940
0 0.637044 0.481867 0.017144 0.024306
0 0.632487 0.478974 0.009332 0.020062
0 0.596897 0.485629 0.019748 0.018711
0 0.556966 0.514082 0.018446 0.023148
0 0.609266 0.451003 0.012370 0.021605
0 0.601237 0.454668 0.011936 0.023148
0 0.716146 0.384259 0.029948 0.017747
0 0.662869 0.401620 0.028863 0.017747
0 0.659288 0.399788 0.023003 0.014082
0 0.534071 0.477045 0.011719 0.021219
0 0.678602 0.388503 0.024740 0.015046
0 0.633789 0.394194 0.013238 0.024884
0 0.611545 0.404514 0.022569 0.025463
0 0.625543 0.387828 0.014106 0.016782
0 0.479818 0.484086 0.010417 0.021798
0 0.704210 0.363522 0.025608 0.005594
0 0.643989 0.365548 0.018446 0.012346
0 0.469727 0.488040 0.010634 0.020833
0 0.580078 0.398823 0.020833 0.026813
0 0.610243 0.366705 0.009983 0.011574
0 0.559245 0.391782 0.020399 0.025463
0 0.622721 0.350887 0.021484 0.026620
0 0.414388 0.415413 0.014974 0.009066
0 0.442383 0.284047 0.028429 0.036073
0 0.074110 0.778839 0.027561 0.022955
0 0.072157 0.723765 0.010634 0.013503
0 0.053277 0.768519 0.034071 0.020062
0 0.033529 0.730613 0.027127 0.032215
0 0.212891 0.449267 0.015191 0.015046
0 0.614041 0.192515 0.028863 0.021219
0 0.370334 0.189815 0.016710 0.023534
0 0.815430 0.141204 0.020616 0.037037
0 0.348633 0.173804 0.026259 0.024306
0 0.287218 0.183738 0.043620 0.024498
0 0.217231 0.187114 0.028212 0.025849
0 0.116753 0.283565 0.022569 0.037423
0 0.175130 0.190394 0.026476 0.024691
0 0.146593 0.183449 0.033637 0.036651
0 0.115451 0.194252 0.027778 0.023534
0 0.791341 0.009452 0.018880 0.018904
0 0.782661 0.009066 0.035807 0.018133
0 0.452365 0.108314 0.016710 0.027971
0 0.433160 0.103781 0.035156 0.027006
0 0.438043 0.105903 0.044488 0.032022
0 0.269857 0.108700 0.034505 0.029128
0 0.094401 0.185282 0.034288 0.019483
0 0.155056 0.134742 0.025391 0.012924
0 0.773763 0.008777 0.018446 0.017554
0 0.715712 0.005883 0.018663 0.011767
0 0.112196 0.137924 0.012153 0.015432
0 0.074002 0.147666 0.030382 0.032986
0 0.380100 0.300444 0.021050 0.014468
0 0.572808 0.302662 0.017144 0.011960
0 0.455512 0.368538 0.012587 0.019097
0 0.436632 0.459105 0.006944 0.006559
0 0.537869 0.508777 0.016710 0.014468
0 0.689128 0.529900 0.021484 0.015432
0 0.706814 0.530382 0.016059 0.016011
0 0.387587 0.706019 0.036024 0.028935
0 0.151801 0.807485 0.011936 0.008102
0 0.328993 0.895158 0.017795 0.013310
