0 0.661133 0.981192 0.024089 0.018326
0 0.656467 0.964120 0.025174 0.012731
0 0.627062 0.984471 0.021484 0.015625
0 0.604818 0.992863 0.019965 0.013889
0 0.575412 0.991995 0.013238 0.015625
0 0.598741 0.964410 0.020833 0.013310
0 0.574327 0.991898 0.014106 0.015818
0 0.581163 0.987558 0.019965 0.024498
0 0.538520 0.989198 0.014540 0.021219
0 0.560330 0.993827 0.014323 0.011960
0 0.531793 0.987365 0.014540 0.024884
0 0.552409 0.944348 0.027561 0.022955
0 0.503798 0.986979 0.018446 0.025656
0 0.527886 0.901813 0.013238 0.013117
0 0.556858 0.796103 0.033420 0.019290
0 0.400608 0.963059 0.012587 0.020255
0 0.394857 0.880305 0.024957 0.032600
0 0.756619 0.618924 0.022786 0.027971
0 0.744900 0.615934 0.047960 0.035494
0 0.388563 0.878376 0.013672 0.030671
0 0.322157 0.787230 0.015408 0.024306
0 0.358290 0.708044 0.014757 0.031057
0 0.303494 0.787037 0.015408 0.031636
0 0.345269 0.713349 0.013889 0.035108
0 0.234049 0.776910 0.034505 0.016782
0 0.190864 0.816069 0.014974 0.021026
0 0.235677 0.703607 0.018663 0.030285
0 0.227648 0.702643 0.030816 0.030671
0 0.156576 0.779707 0.033203 0.026620
0 0.734266 0.612172 0.026693 0.027971
0 0.668837 0.515625 0.042969 0.024691
0 0.695855 0.485532 0.016276 0.028549
0 0.684136 0.487751 0.014540 0.025656
0 0.618924 0.512442 0.026476 0.013310
0 0.634874 0.477816 0.016710 0.021605
0 0.564887 0.514950 0.019097 0.022955
0 0.593967 0.485532 0.020833 0.018519
0 0.553060 0.486593 0.011502 0.022184
0 0.606988 0.450135 0.041667 0.021026
0 0.713650 0.385610 0.026693 0.020448
0 0.679253 0.390529 0.022135 0.014853
0 0.657552 0.400463 0.021701 0.018133
0 0.707140 0.366995 0.023655 0.013696
0 0.625000 0.406057 0.013021 0.025077
0 0.636393 0.393904 0.015842 0.025849
0 0.610894 0.404707 0.016059 0.022762
0 0.632812 0.393326 0.022569 0.026235
0 0.479492 0.483700 0.011936 0.019483
0 0.469076 0.487944 0.010200 0.022184
0 0.650065 0.367477 0.021918 0.013889
0 0.590278 0.395833 0.013455 0.023148
0 0.581380 0.393229 0.011719 0.024498
0 0.558919 0.394194 0.012370 0.027199
0 0.555122 0.394483 0.018663 0.024691
0 0.626194 0.350598 0.013238 0.022569
0 0.603299 0.346933 0.028212 0.022569
0 0.579644 0.302373 0.011719 0.012153
0 0.660590 0.226852 0.019965 0.016590
0 0.630317 0.202064 0.017144 0.026427
0 0.125217 0.776910 0.032552 0.022569
0 0.118056 0.772666 0.018229 0.028742
0 0.072917 0.867959 0.017361 0.046103
0 0.105577 0.760706 0.019748 0.030671
0 0.111979 0.723669 0.015625 0.012539
0 0.103950 0.724248 0.032552 0.013310
0 0.096029 0.724344 0.017578 0.013889
0 0.407661 0.418692 0.011068 0.014853
0 0.407444 0.418596 0.011502 0.015046
0 0.394965 0.417824 0.012153 0.015046
0 0.450738 0.369695 0.011285 0.021026
0 0.438260 0.281636 0.013238 0.030093
0 0.606988 0.193769 0.031250 0.018326
0 0.367947 0.190008 0.015408 0.024306
0 0.349284 0.190104 0.016276 0.031057
0 0.174479 0.432774 0.012587 0.025270
0 0.235569 0.224730 0.015408 0.020062
0 0.278103 0.183546 0.037109 0.016397
0 0.200087 0.189140 0.033854 0.026042
0 0.169705 0.185475 0.034722 0.028742
0 0.076063 0.774209 0.031901 0.031829
0 0.073459 0.724055 0.014106 0.014082
0 0.053060 0.776910 0.020182 0.035687
0 0.071832 0.447820 0.050347 0.041860
0 0.121202 0.216146 0.044922 0.027585
0 0.786892 0.012153 0.047309 0.024306
0 0.159939 0.179880 0.052083 0.039545
0 0.117513 0.190104 0.031467 0.032986
0 0.038737 0.734375 0.024957 0.035494
0 0.093641 0.194155 0.019748 0.037230
0 0.147569 0.174383 0.028646 0.030478
0 0.402778 0.107253 0.013889 0.029321
0 0.389648 0.112558 0.015842 0.035687
0 0.271050 0.107157 0.033420 0.030285
0 0.145291 0.136188 0.034071 0.014660
0 0.690213 0.003569 0.015842 0.007137
0 0.136827 0.136092 0.018446 0.014853
0 0.113824 0.137249 0.014540 0.014082
0 0.085720 0.139660 0.013455 0.013889
0 0.077474 0.150559 0.022569 0.034529
0 0.116862 0.285687 0.017578 0.044367
0 0.449327 0.284433 0.012804 0.034144
0 0.357856 0.298997 0.009549 0.011188
0 0.642361 0.427566 0.019531 0.010610
0 0.629542 0.426408 0.010380 0.010610
0 0.562934 0.461806 0.005642 0.007716
0 0.540582 0.510610 0.012587 0.015818
0 0.649848 0.602238 0.018012 0.023148
0 0.666884 0.604456 0.017361 0.023727
0 0.714735 0.531539 0.014106 0.017940
0 0.611111 0.831211 0.020833 0.017747
0 0.552843 0.898438 0.008898 0.005980
0 0.581923 0.805556 0.017144 0.026620
0 0.575087 0.947820 0.014323 0.024498
