0 0.661133 0.981578 0.023655 0.017940
0 0.656359 0.964410 0.025391 0.013310
0 0.627279 0.984568 0.021050 0.015432
0 0.604709 0.992863 0.019748 0.013889
0 0.603841 0.967014 0.029297 0.017747
0 0.573785 0.991995 0.014757 0.015625
0 0.580946 0.987269 0.020399 0.025077
0 0.560438 0.993731 0.014540 0.012153
0 0.575087 0.947434 0.013021 0.024498
0 0.539931 0.988426 0.007812 0.022762
0 0.538628 0.988426 0.009983 0.022762
0 0.533529 0.987461 0.018446 0.024691
0 0.560221 0.947049 0.020182 0.024498
0 0.500543 0.987944 0.011936 0.023727
0 0.504232 0.987076 0.018880 0.025463
0 0.610894 0.831019 0.020399 0.016204
0 0.581597 0.805363 0.017361 0.026620
0 0.756076 0.619213 0.022569 0.028549
0 0.743707 0.614873 0.045573 0.036073
0 0.733724 0.611304 0.026476 0.029321
0 0.734809 0.611304 0.028646 0.029707
0 0.656793 0.601370 0.031901 0.028742
0 0.775933 0.491705 0.014106 0.007716
0 0.692600 0.481096 0.009332 0.018904
0 0.695421 0.486015 0.016276 0.027199
0 0.401367 0.877701 0.012370 0.025077
0 0.683594 0.487944 0.013889 0.025270
0 0.634983 0.477431 0.016493 0.021605
0 0.564128 0.514757 0.019314 0.023341
0 0.593967 0.485629 0.020399 0.018326
0 0.547201 0.507041 0.025391 0.010995
0 0.553060 0.486593 0.011502 0.022955
0 0.607747 0.450424 0.042752 0.021219
0 0.713650 0.385899 0.026693 0.019869
0 0.679362 0.389757 0.022352 0.016397
0 0.657227 0.399788 0.021918 0.017554
0 0.707465 0.367284 0.024740 0.013889
0 0.400716 0.962770 0.012804 0.020062
0 0.393338 0.878569 0.027127 0.029128
0 0.387695 0.878086 0.016276 0.028935
0 0.321832 0.787712 0.016493 0.022184
0 0.358181 0.707851 0.014540 0.030671
0 0.303819 0.788098 0.015191 0.032986
0 0.345486 0.712770 0.014323 0.033951
0 0.233832 0.776427 0.034939 0.016590
0 0.191081 0.815683 0.014106 0.020255
0 0.235677 0.705826 0.017795 0.027006
0 0.226997 0.703318 0.034288 0.030478
0 0.222222 0.702643 0.024740 0.030285
0 0.108398 0.963831 0.020182 0.026813
0 0.156576 0.779707 0.033203 0.026235
0 0.625000 0.405768 0.012587 0.023727
0 0.637370 0.394676 0.013455 0.024306
0 0.610460 0.404803 0.015625 0.022955
0 0.631619 0.393036 0.024523 0.026427
0 0.630534 0.387249 0.021050 0.015625
0 0.479601 0.483603 0.011719 0.019290
0 0.469184 0.487654 0.009983 0.021219
0 0.654622 0.367573 0.031033 0.015239
0 0.589518 0.395158 0.012370 0.024498
0 0.581163 0.392650 0.011719 0.024498
0 0.555556 0.394579 0.019531 0.025270
0 0.626411 0.350309 0.014106 0.023148
0 0.617839 0.349923 0.030816 0.023534
0 0.611328 0.349441 0.018229 0.023341
0 0.579427 0.302566 0.011285 0.012924
0 0.579210 0.302662 0.010851 0.012731
0 0.660699 0.226852 0.020182 0.016590
0 0.407118 0.418692 0.011719 0.015239
0 0.395074 0.417728 0.011502 0.014853
0 0.450629 0.369888 0.011936 0.021412
0 0.449219 0.282022 0.016059 0.028164
0 0.122721 0.777006 0.035373 0.022377
0 0.072483 0.869888 0.016493 0.041088
0 0.101671 0.768808 0.023220 0.021412
0 0.111979 0.723862 0.015191 0.011381
0 0.097005 0.723669 0.019531 0.012153
0 0.073568 0.779900 0.029514 0.024306
0 0.076714 0.771316 0.031901 0.027585
0 0.077908 0.773052 0.036024 0.031829
0 0.074327 0.774691 0.031467 0.033179
0 0.072700 0.724537 0.010851 0.014275
0 0.436957 0.281829 0.018012 0.030093
0 0.630534 0.202160 0.016710 0.026620
0 0.368056 0.190394 0.016927 0.021605
0 0.235677 0.224826 0.015625 0.020255
0 0.116753 0.287326 0.016059 0.041474
0 0.606988 0.193769 0.031250 0.018326
0 0.349718 0.191069 0.015842 0.032215
0 0.278212 0.183738 0.036892 0.017168
0 0.786241 0.012249 0.046875 0.024498
0 0.389431 0.112944 0.015408 0.036844
0 0.402452 0.106674 0.014106 0.028935
0 0.278863 0.109182 0.017361 0.026620
0 0.269857 0.106964 0.033637 0.029900
0 0.052734 0.776910 0.020399 0.036073
0 0.143555 0.182677 0.025825 0.023534
0 0.118598 0.188754 0.032335 0.031829
0 0.128364 0.187500 0.052300 0.031250
0 0.093859 0.194444 0.019314 0.037423
0 0.145942 0.135224 0.034071 0.012731
0 0.039605 0.734375 0.023220 0.034722
0 0.705838 0.004340 0.009766 0.008681
0 0.136610 0.135224 0.017578 0.012346
0 0.113498 0.138021 0.013455 0.015625
0 0.078885 0.150174 0.022786 0.034529
0 0.209418 0.190104 0.015625 0.024884
0 0.195150 0.188241 0.025716 0.020123
0 0.174371 0.188947 0.018880 0.021026
0 0.159939 0.189525 0.027344 0.022184
0 0.625326 0.514082 0.024089 0.014660
0 0.643880 0.427662 0.026042 0.010802
0 0.555556 0.793113 0.033420 0.014468
0 0.528212 0.901910 0.013455 0.013310
0 0.553711 0.898823 0.008030 0.007909
