0 0.812066 0.982350 0.018663 0.009452
0 0.775716 0.872878 0.014106 0.013889
0 0.635742 0.915606 0.035807 0.020255
0 0.552734 0.968364 0.020399 0.015046
0 0.627170 0.797068 0.014323 0.011960
0 0.455946 0.973573 0.011719 0.021605
0 0.447157 0.967207 0.013238 0.017747
0 0.564887 0.795428 0.012587 0.010224
0 0.504666 0.796489 0.014540 0.013117
0 0.821289 0.621142 0.028429 0.016975
0 0.533312 0.775270 0.022352 0.029321
0 0.330838 0.967496 0.020616 0.013310
0 0.270616 0.963059 0.018663 0.023341
0 0.263889 0.958816 0.009115 0.016397
0 0.313260 0.839506 0.022352 0.025463
0 0.205621 0.899113 0.032769 0.018133
0 0.171224 0.924190 0.008247 0.008873
0 0.949327 0.610243 0.027995 0.024498
0 0.691732 0.589699 0.027127 0.018133
0 0.579102 0.609375 0.024957 0.014660
0 0.412109 0.682388 0.028212 0.019483
0 0.351345 0.710166 0.019531 0.014853
0 0.350369 0.710359 0.020616 0.014853
0 0.342231 0.711034 0.036024 0.016204
0 0.336046 0.710745 0.048828 0.017168
0 0.319987 0.708140 0.018446 0.011574
0 0.336155 0.669367 0.035590 0.024691
0 0.297201 0.671489 0.030599 0.027392
0 0.202691 0.687404 0.016493 0.019097
0 0.119141 0.956597 0.015625 0.015818
0 0.129883 0.674286 0.035807 0.022569
0 0.954753 0.362461 0.024523 0.016590
0 0.928385 0.362944 0.014757 0.018711
0 0.544488 0.369406 0.017361 0.023920
0 0.417426 0.380305 0.029731 0.019483
0 0.537326 0.208237 0.011719 0.012153
0 0.447157 0.234279 0.023655 0.023341
0 0.488281 0.207079 0.010417 0.014468
0 0.474175 0.208140 0.015625 0.012346
0 0.442600 0.208526 0.012804 0.011574
0 0.984375 0.145448 0.031250 0.029707
0 0.549479 0.174672 0.020833 0.020255
0 0.516385 0.171200 0.019314 0.022184
0 0.477322 0.180170 0.020616 0.016590
0 0.498806 0.170139 0.025391 0.013889
0 0.460069 0.173418 0.019965 0.018519
0 0.431424 0.181327 0.029080 0.020448
0 0.409939 0.175347 0.018663 0.021219
0 0.484918 0.145737 0.025391 0.012924
0 0.557509 0.102334 0.014757 0.007523
0 0.565104 0.102334 0.030382 0.008681
0 0.639214 0.062018 0.012804 0.010995
0 0.452908 0.121238 0.026042 0.018326
0 0.541884 0.075617 0.017795 0.022762
0 0.281576 0.474248 0.024089 0.031829
0 0.235569 0.437114 0.011936 0.017747
0 0.192383 0.383005 0.034505 0.021798
0 0.130968 0.459008 0.034071 0.034144
0 0.148763 0.375965 0.017578 0.020062
0 0.096788 0.375289 0.019097 0.018711
0 0.474175 0.079668 0.012587 0.017361
0 0.282118 0.292438 0.026910 0.029707
0 0.231554 0.273823 0.017361 0.014468
0 0.266710 0.149788 0.011719 0.013696
0 0.023438 0.787133 0.029948 0.014853
0 0.010417 0.530768 0.020833 0.038773
0 0.081597 0.374711 0.014323 0.017940
0 0.028754 0.423322 0.019314 0.016397
0 0.550239 0.057002 0.014974 0.016011
0 0.442491 0.070602 0.016059 0.020062
0 0.395291 0.068673 0.010200 0.020448
0 0.249457 0.149113 0.016710 0.014275
0 0.341254 0.079379 0.021050 0.014853
0 0.054362 0.371914 0.018880 0.027006
0 0.004883 0.421779 0.009766 0.013310
0 0.818576 0.041570 0.025608 0.016782
0 0.491645 0.042631 0.014106 0.020062
0 0.468967 0.040606 0.029514 0.015625
0 0.024631 0.370853 0.037109 0.028356
0 0.023872 0.361593 0.038194 0.046875
0 0.012044 0.348187 0.024089 0.021991
0 0.153212 0.040895 0.029514 0.019290
0 0.950412 0.334105 0.020616 0.019290
