0 0.813151 0.982735 0.016927 0.009838
0 0.635525 0.915509 0.036241 0.020062
0 0.552626 0.968557 0.020182 0.016204
0 0.622938 0.796200 0.010200 0.012539
0 0.455512 0.972704 0.010851 0.021798
0 0.444119 0.965181 0.021484 0.014853
0 0.820855 0.620370 0.027995 0.016590
0 0.532878 0.774981 0.022352 0.028356
0 0.331055 0.966917 0.020182 0.012153
0 0.269748 0.963927 0.020399 0.023148
0 0.312934 0.839988 0.023003 0.022955
0 0.206163 0.898630 0.031250 0.018711
0 0.102973 0.985436 0.008464 0.019097
0 0.949327 0.609857 0.027995 0.023727
0 0.691189 0.589796 0.027344 0.018326
0 0.580187 0.611690 0.028863 0.019676
0 0.412760 0.682677 0.031250 0.019290
0 0.343424 0.710745 0.036675 0.016397
0 0.320312 0.707851 0.019965 0.011767
0 0.337999 0.669367 0.035373 0.025849
0 0.297092 0.670910 0.031250 0.025849
0 0.201714 0.687500 0.017144 0.018904
0 0.129774 0.674672 0.035590 0.024113
0 0.953993 0.361690 0.023003 0.015432
0 0.928385 0.362847 0.016493 0.018519
0 0.950304 0.334008 0.020833 0.021412
0 0.544596 0.369502 0.017578 0.024113
0 0.417318 0.379919 0.029948 0.020255
0 0.537218 0.207465 0.011502 0.011767
0 0.446940 0.234568 0.023220 0.023148
0 0.480903 0.202739 0.024306 0.021605
0 0.442166 0.208430 0.012804 0.011767
0 0.984701 0.145640 0.030165 0.029321
0 0.548937 0.174769 0.019748 0.019676
0 0.516602 0.171103 0.018880 0.022377
0 0.477539 0.179977 0.020616 0.015818
0 0.498915 0.170525 0.025608 0.015432
0 0.460503 0.173322 0.020833 0.018711
0 0.431532 0.181617 0.028429 0.020255
0 0.572483 0.102238 0.014323 0.008488
0 0.410482 0.175058 0.019748 0.022184
0 0.557075 0.102431 0.013889 0.006944
0 0.639323 0.062307 0.013021 0.011574
0 0.452691 0.121624 0.026910 0.017554
0 0.541884 0.075135 0.018229 0.022569
0 0.023438 0.787230 0.030382 0.014660
0 0.281576 0.474055 0.023655 0.031829
0 0.235569 0.436825 0.011936 0.017554
0 0.132270 0.467593 0.032335 0.018519
0 0.192383 0.383005 0.034071 0.021798
0 0.130968 0.459008 0.034505 0.034915
0 0.123589 0.454572 0.020616 0.026042
0 0.148546 0.375965 0.019314 0.020062
0 0.097331 0.375386 0.018012 0.018519
0 0.081055 0.374614 0.012804 0.017361
0 0.010851 0.531057 0.021701 0.038580
0 0.028646 0.423225 0.021267 0.016204
0 0.474284 0.079765 0.012804 0.017554
0 0.282769 0.291763 0.028212 0.027971
0 0.232205 0.272184 0.016927 0.017361
0 0.266819 0.151042 0.012370 0.011960
0 0.550890 0.055845 0.014106 0.018326
0 0.442383 0.070216 0.014974 0.020448
0 0.249349 0.149498 0.016927 0.014660
0 0.395291 0.068383 0.010200 0.020255
0 0.341688 0.079475 0.020616 0.015432
0 0.004991 0.422068 0.009983 0.013117
0 0.717231 0.028646 0.018229 0.016011
0 0.490017 0.042535 0.009115 0.019097
0 0.472548 0.039641 0.020616 0.017940
0 0.046332 0.373071 0.032335 0.028164
0 0.153754 0.040606 0.030165 0.022955
0 0.775933 0.872589 0.016276 0.013696
0 0.489041 0.145351 0.032769 0.011381
0 0.015516 0.373264 0.016710 0.018519
0 0.119575 0.958140 0.016059 0.020062
0 0.171441 0.923515 0.008247 0.007137
0 0.143121 0.973090 0.008464 0.006752
