0 0.812500 0.982446 0.018229 0.007716
0 0.776801 0.870563 0.015842 0.010031
0 0.804688 0.796682 0.004774 0.011188
0 0.635417 0.915413 0.036024 0.020255
0 0.553168 0.968171 0.019965 0.015046
0 0.619032 0.797743 0.008898 0.012153
0 0.454753 0.971547 0.011502 0.019483
0 0.564779 0.795814 0.014106 0.009838
0 0.445312 0.969811 0.029080 0.022569
0 0.505425 0.796200 0.015625 0.012539
0 0.949544 0.609568 0.027561 0.023920
0 0.820747 0.621528 0.026910 0.017361
0 0.533420 0.774209 0.022135 0.027971
0 0.331489 0.966917 0.019314 0.012153
0 0.269965 0.964217 0.018663 0.022184
0 0.313368 0.839506 0.023872 0.025463
0 0.171441 0.924479 0.007378 0.009066
0 0.119358 0.956308 0.016493 0.017554
0 0.103082 0.985918 0.009115 0.018904
0 0.954644 0.362076 0.024306 0.016590
0 0.928819 0.363137 0.016059 0.019097
0 0.949761 0.334008 0.020182 0.021798
0 0.691515 0.590085 0.027127 0.018133
0 0.577799 0.607157 0.028429 0.010995
0 0.410699 0.682292 0.038411 0.014275
0 0.342448 0.711130 0.037326 0.017168
0 0.320312 0.707755 0.019531 0.011960
0 0.338542 0.669560 0.039062 0.027392
0 0.297201 0.671007 0.030599 0.024113
0 0.203016 0.687211 0.015842 0.018711
0 0.129991 0.674769 0.036024 0.023920
0 0.544705 0.369406 0.016927 0.024306
0 0.417209 0.380401 0.028863 0.020062
0 0.281576 0.474344 0.024089 0.031250
0 0.235894 0.436825 0.011285 0.017940
0 0.132595 0.467400 0.032552 0.019290
0 0.192383 0.383005 0.034505 0.021798
0 0.130968 0.459008 0.034071 0.034915
0 0.148329 0.375868 0.018880 0.019483
0 0.097005 0.375193 0.019097 0.018904
0 0.081814 0.374614 0.014757 0.017361
0 0.537218 0.207562 0.011936 0.011960
0 0.984701 0.145640 0.030165 0.030093
0 0.446940 0.234375 0.024089 0.022377
0 0.488498 0.206501 0.010417 0.013696
0 0.474826 0.208044 0.016059 0.012153
0 0.442274 0.208623 0.013455 0.011381
0 0.549371 0.175058 0.020616 0.020640
0 0.516710 0.171200 0.018663 0.022184
0 0.477648 0.180170 0.020399 0.016204
0 0.499349 0.169946 0.025174 0.014275
0 0.459961 0.173032 0.020616 0.018904
0 0.431749 0.181520 0.028863 0.019676
0 0.485569 0.146026 0.026693 0.013117
0 0.410590 0.174865 0.019965 0.022569
0 0.487305 0.151331 0.035373 0.023727
0 0.557075 0.102431 0.015625 0.006944
0 0.565321 0.102045 0.030382 0.008488
0 0.639431 0.062114 0.012804 0.011574
0 0.452908 0.121431 0.026042 0.018711
0 0.541775 0.075810 0.019314 0.025463
0 0.474392 0.079765 0.012587 0.017168
0 0.281901 0.292052 0.026042 0.026620
0 0.231662 0.272762 0.018012 0.016204
0 0.266819 0.149498 0.011502 0.014660
0 0.023872 0.787326 0.030382 0.015239
0 0.010525 0.530961 0.021050 0.038387
0 0.028863 0.423032 0.021701 0.016975
0 0.442708 0.070602 0.015625 0.020448
0 0.818576 0.042052 0.025608 0.016204
0 0.395074 0.068576 0.010634 0.019869
0 0.248589 0.149788 0.018012 0.014468
0 0.341254 0.079668 0.019748 0.015818
0 0.550673 0.054109 0.014540 0.021026
0 0.489258 0.042438 0.010634 0.019676
0 0.470812 0.040316 0.027561 0.016204
0 0.400933 0.017265 0.023655 0.016397
0 0.051107 0.373939 0.025391 0.031443
0 0.005317 0.422068 0.010634 0.011188
0 0.034722 0.373457 0.020399 0.025077
0 0.016059 0.349537 0.032118 0.024306
0 0.152886 0.040316 0.031033 0.020833
0 0.206163 0.899402 0.032552 0.017554
0 0.020725 0.372685 0.025825 0.017361
