0 0.811632 0.982832 0.019097 0.009259
0 0.776042 0.870660 0.015191 0.010224
0 0.805447 0.796200 0.006293 0.010610
0 0.635634 0.915509 0.036024 0.020062
0 0.553060 0.968461 0.019748 0.015239
0 0.619683 0.797840 0.008464 0.013503
0 0.455078 0.972994 0.010851 0.021991
0 0.447374 0.970775 0.025825 0.024884
0 0.564887 0.795718 0.013021 0.009259
0 0.443793 0.965374 0.020399 0.014468
0 0.564562 0.795718 0.013672 0.009259
0 0.820638 0.621238 0.026693 0.017554
0 0.533095 0.775463 0.022352 0.028935
0 0.511936 0.796103 0.029080 0.012346
0 0.331380 0.967785 0.019965 0.013117
0 0.269857 0.964120 0.021484 0.022377
0 0.313151 0.839603 0.023872 0.022955
0 0.205295 0.899498 0.032552 0.016590
0 0.118924 0.955922 0.016059 0.015239
0 0.103082 0.984471 0.009549 0.017940
0 0.949110 0.609568 0.027995 0.023148
0 0.952474 0.361304 0.023003 0.015432
0 0.928602 0.362654 0.016493 0.020062
0 0.691840 0.589796 0.027344 0.018326
0 0.580729 0.609279 0.025174 0.014468
0 0.410699 0.682195 0.037977 0.014468
0 0.342231 0.710745 0.036892 0.016397
0 0.319878 0.707851 0.018663 0.011767
0 0.346897 0.676890 0.054470 0.021991
0 0.297201 0.671296 0.030599 0.025077
0 0.201389 0.687693 0.017795 0.019290
0 0.115234 0.966435 0.032552 0.035108
0 0.129557 0.675154 0.034722 0.024691
0 0.544271 0.369406 0.016927 0.024306
0 0.417752 0.380594 0.029948 0.020062
0 0.281576 0.474248 0.024523 0.031443
0 0.235894 0.436921 0.010851 0.017361
0 0.192274 0.382909 0.033420 0.022377
0 0.131402 0.458719 0.034505 0.035108
0 0.283095 0.292342 0.028863 0.026813
0 0.146050 0.376640 0.023003 0.022184
0 0.096680 0.375482 0.018880 0.019097
0 0.537218 0.207755 0.011936 0.011574
0 0.984158 0.145255 0.031250 0.028935
0 0.446832 0.234279 0.023872 0.022955
0 0.488390 0.206983 0.010200 0.013117
0 0.474501 0.207851 0.016710 0.012539
0 0.549588 0.174479 0.020616 0.020255
0 0.516493 0.171296 0.019097 0.022377
0 0.477648 0.180459 0.021701 0.015625
0 0.498698 0.170042 0.025174 0.014468
0 0.460395 0.172454 0.021484 0.017747
0 0.432075 0.181134 0.029514 0.020448
0 0.409939 0.175154 0.020399 0.023534
0 0.572483 0.102334 0.014323 0.008295
0 0.556641 0.102141 0.015625 0.007909
0 0.638997 0.062307 0.011502 0.011188
0 0.452908 0.121335 0.026042 0.018133
0 0.542101 0.075810 0.018229 0.024306
0 0.474501 0.079572 0.012370 0.017940
0 0.081272 0.374904 0.012804 0.017554
0 0.232313 0.272473 0.018012 0.017168
0 0.266602 0.149981 0.011936 0.013696
0 0.010634 0.530768 0.021267 0.038773
0 0.028754 0.423032 0.020616 0.016975
0 0.442708 0.070505 0.015625 0.020640
0 0.818576 0.042245 0.025608 0.015818
0 0.395291 0.069155 0.009766 0.020640
0 0.249240 0.149306 0.016710 0.015432
0 0.341254 0.079668 0.020182 0.015432
0 0.049696 0.374711 0.030382 0.032600
0 0.005317 0.421875 0.010634 0.013503
0 0.767470 0.029900 0.038411 0.020062
0 0.550347 0.054591 0.014757 0.020448
0 0.489258 0.042728 0.010200 0.018711
0 0.469944 0.039931 0.026259 0.016590
0 0.022135 0.369599 0.036892 0.024306
0 0.020074 0.359664 0.040148 0.043403
0 0.014974 0.348958 0.029948 0.023148
0 0.153212 0.040992 0.030816 0.022955
0 0.171549 0.923129 0.008464 0.007909
0 0.445095 0.208623 0.017795 0.010995
0 0.950521 0.334298 0.021267 0.020833
