0 0.812826 0.982928 0.017144 0.009452
0 0.775499 0.872589 0.015842 0.014082
0 0.805230 0.796393 0.006293 0.010995
0 0.635417 0.915606 0.036024 0.020255
0 0.552626 0.968268 0.019314 0.015239
0 0.617622 0.797743 0.021267 0.013310
0 0.455187 0.973187 0.011502 0.021605
0 0.567383 0.794850 0.013238 0.010610
0 0.443034 0.965567 0.022786 0.013310
0 0.821181 0.621624 0.027344 0.017554
0 0.533312 0.775367 0.021918 0.029128
0 0.331055 0.967110 0.020182 0.013310
0 0.270291 0.963542 0.020182 0.023920
0 0.313585 0.840471 0.022569 0.023148
0 0.579210 0.607928 0.028212 0.012539
0 0.411892 0.683160 0.036458 0.017168
0 0.350586 0.707176 0.021484 0.008873
0 0.336046 0.711227 0.027127 0.016975
0 0.205512 0.897473 0.032986 0.021412
0 0.147786 0.996914 0.007378 0.005787
0 0.171115 0.924479 0.008464 0.009838
0 0.118924 0.956501 0.015625 0.016782
0 0.102973 0.985532 0.009332 0.017361
0 0.949327 0.609954 0.026693 0.024306
0 0.954644 0.362365 0.024306 0.014468
0 0.691406 0.589892 0.027778 0.018133
0 0.928819 0.363040 0.016493 0.018904
0 0.950412 0.334201 0.021050 0.021798
0 0.544488 0.369502 0.017795 0.024113
0 0.417209 0.379919 0.029731 0.019869
0 0.537109 0.208140 0.012153 0.011960
0 0.984701 0.145351 0.030165 0.029514
0 0.447049 0.234664 0.023438 0.022955
0 0.489583 0.206694 0.011719 0.015625
0 0.474718 0.207465 0.015842 0.013310
0 0.442274 0.208526 0.012587 0.011574
0 0.549479 0.174576 0.020833 0.019290
0 0.516385 0.171103 0.019314 0.022377
0 0.477973 0.180652 0.020616 0.015239
0 0.499240 0.170525 0.024089 0.013503
0 0.460069 0.173418 0.019965 0.018519
0 0.431641 0.181424 0.029080 0.019483
0 0.489475 0.149306 0.031033 0.018904
0 0.573351 0.102238 0.013455 0.008102
0 0.410699 0.174865 0.019748 0.022184
0 0.556966 0.102431 0.014974 0.006944
0 0.639757 0.062018 0.012587 0.011767
0 0.452908 0.121335 0.026476 0.018133
0 0.635634 0.061246 0.005208 0.012539
0 0.541884 0.075135 0.017795 0.023341
0 0.343099 0.710938 0.035590 0.016397
0 0.320530 0.707948 0.019965 0.011574
0 0.338108 0.670621 0.032986 0.021798
0 0.297201 0.671393 0.031467 0.025270
0 0.200412 0.687307 0.020182 0.018519
0 0.281467 0.473958 0.023872 0.032407
0 0.235569 0.437114 0.011936 0.017747
0 0.129774 0.674576 0.036024 0.023148
0 0.138129 0.467303 0.021484 0.018711
0 0.192274 0.383005 0.034288 0.022184
0 0.124023 0.455440 0.021484 0.028935
0 0.130751 0.458719 0.035373 0.035108
0 0.148438 0.375772 0.019531 0.020448
0 0.096680 0.375482 0.018880 0.018711
0 0.090386 0.375193 0.031901 0.018519
0 0.474284 0.079765 0.012370 0.017554
0 0.281359 0.291474 0.025391 0.028164
0 0.232639 0.272087 0.018663 0.017554
0 0.266602 0.151235 0.011502 0.011574
0 0.023655 0.787326 0.030382 0.014853
0 0.010634 0.531154 0.021267 0.039159
0 0.029080 0.423032 0.021267 0.016590
0 0.550130 0.055363 0.014757 0.017747
0 0.442491 0.070698 0.015625 0.019869
0 0.249349 0.149113 0.016493 0.014660
0 0.395074 0.068866 0.010634 0.020448
0 0.341363 0.079379 0.021267 0.015625
0 0.005425 0.421971 0.010851 0.013310
0 0.818359 0.042631 0.025608 0.015432
0 0.767253 0.029996 0.032335 0.019869
0 0.717665 0.027585 0.018229 0.017361
0 0.489583 0.042728 0.009549 0.019483
0 0.472222 0.039641 0.022135 0.017940
0 0.047526 0.371624 0.032118 0.026813
0 0.081272 0.374614 0.013672 0.018133
0 0.018121 0.370081 0.036241 0.023341
0 0.153320 0.040220 0.030165 0.021026
