0 0.659614 0.991223 0.024523 0.017168
0 0.659722 0.967303 0.014757 0.018326
0 0.633681 0.984375 0.031684 0.015432
0 0.608832 0.995467 0.029297 0.008681
0 0.745443 0.820312 0.015625 0.029128
0 0.581706 0.989005 0.021484 0.021605
0 0.591254 0.964120 0.016276 0.012346
0 0.561849 0.991416 0.016927 0.016782
0 0.571072 0.951100 0.022352 0.032215
0 0.547309 0.961227 0.022135 0.007330
0 0.530599 0.987847 0.019097 0.023920
0 0.496962 0.988426 0.021701 0.022762
0 0.535699 0.902488 0.022786 0.013310
0 0.405599 0.961420 0.009549 0.016204
0 0.397135 0.872492 0.026476 0.015046
0 0.371528 0.873746 0.020833 0.030285
0 0.743273 0.615644 0.037760 0.029900
0 0.666016 0.605131 0.045139 0.025463
0 0.246094 0.930363 0.012153 0.025463
0 0.357530 0.708912 0.016276 0.028935
0 0.311523 0.787230 0.026693 0.031250
0 0.304905 0.777488 0.016059 0.016397
0 0.344076 0.708237 0.014106 0.027971
0 0.724392 0.527874 0.015191 0.025656
0 0.689236 0.489487 0.018663 0.026427
0 0.626736 0.481289 0.017361 0.022762
0 0.591905 0.486883 0.017578 0.018519
0 0.610786 0.452546 0.014540 0.021605
0 0.714301 0.401138 0.031033 0.025656
0 0.605686 0.454861 0.023872 0.027778
0 0.599392 0.455150 0.012153 0.028356
0 0.534180 0.489198 0.011068 0.021219
0 0.660699 0.405285 0.029297 0.017747
0 0.685547 0.390432 0.030382 0.017361
0 0.710395 0.371914 0.015408 0.021605
0 0.633681 0.393904 0.021267 0.021605
0 0.614909 0.402199 0.018880 0.027006
0 0.474284 0.484375 0.009766 0.020062
0 0.478299 0.484568 0.016927 0.021219
0 0.582899 0.394097 0.018663 0.025077
0 0.548937 0.395737 0.022352 0.026042
0 0.376736 0.493634 0.013889 0.012731
0 0.236762 0.792052 0.014757 0.025849
0 0.232530 0.770544 0.034071 0.018326
0 0.192274 0.816069 0.013455 0.019483
0 0.225152 0.706019 0.036241 0.027392
0 0.171332 0.779417 0.019748 0.025656
0 0.126953 0.781250 0.025608 0.035108
0 0.072483 0.853588 0.009983 0.015818
0 0.099718 0.779707 0.020182 0.029321
0 0.097548 0.725887 0.023655 0.015432
0 0.078016 0.801601 0.042752 0.026813
0 0.076714 0.724344 0.015408 0.013503
0 0.077257 0.770640 0.042101 0.020062
0 0.067817 0.771026 0.055773 0.020448
0 0.621853 0.353781 0.020616 0.031636
0 0.396267 0.418306 0.013021 0.013696
0 0.404622 0.418596 0.030599 0.015818
0 0.058268 0.771894 0.037109 0.019097
0 0.067491 0.771219 0.056858 0.020448
0 0.454644 0.369117 0.010417 0.018711
0 0.587457 0.303819 0.022569 0.014275
0 0.793945 0.216821 0.015842 0.030478
0 0.446072 0.274788 0.027127 0.014853
0 0.419922 0.276910 0.022569 0.030285
0 0.615777 0.194059 0.019748 0.018904
0 0.294488 0.341049 0.013021 0.026235
0 0.606445 0.189236 0.038411 0.024691
0 0.357856 0.191454 0.026042 0.029128
0 0.351237 0.180845 0.019314 0.016011
0 0.237196 0.224151 0.013889 0.018904
0 0.114583 0.271412 0.010417 0.015432
0 0.785373 0.010320 0.037760 0.020640
0 0.720486 0.005015 0.017361 0.010031
0 0.281793 0.197820 0.014106 0.025656
0 0.276693 0.177951 0.036024 0.018711
0 0.214844 0.189043 0.022135 0.025077
0 0.401150 0.108025 0.016276 0.028549
0 0.387370 0.107446 0.013455 0.028164
0 0.268446 0.109857 0.036024 0.026813
0 0.170030 0.192901 0.025825 0.035880
0 0.127170 0.183931 0.031684 0.017168
0 0.122938 0.183931 0.029297 0.017554
0 0.099392 0.188175 0.036024 0.019097
0 0.111003 0.186343 0.058811 0.021605
0 0.138346 0.138600 0.025391 0.017168
0 0.131510 0.135995 0.014323 0.011960
0 0.127713 0.135802 0.019314 0.011574
0 0.115885 0.136863 0.016927 0.012153
0 0.083984 0.141493 0.013889 0.017554
0 0.078451 0.152971 0.022786 0.039352
0 0.685764 0.529225 0.029948 0.010610
0 0.553385 0.514660 0.016927 0.023534
0 0.356554 0.486400 0.013889 0.022184
0 0.582682 0.512924 0.007378 0.014660
0 0.620877 0.511188 0.018663 0.009645
0 0.626411 0.424479 0.008464 0.013310
0 0.637478 0.428048 0.008464 0.009645
0 0.710829 0.461902 0.008464 0.010224
0 0.632704 0.367766 0.006293 0.011767
0 0.554253 0.394290 0.011719 0.021605
0 0.588759 0.393519 0.007378 0.023148
0 0.644423 0.366995 0.011068 0.012153
0 0.323676 0.891782 0.017144 0.007716
0 0.558811 0.793017 0.038628 0.027392
