0 0.659505 0.991127 0.024306 0.017361
0 0.660156 0.968364 0.014323 0.020448
0 0.633572 0.984375 0.032769 0.015818
0 0.608507 0.995467 0.025608 0.008681
0 0.745334 0.820023 0.015842 0.029707
0 0.592882 0.964410 0.010417 0.010224
0 0.580838 0.989487 0.021050 0.020640
0 0.563368 0.991319 0.019531 0.016975
0 0.570964 0.950810 0.022135 0.032407
0 0.530816 0.987944 0.019097 0.023727
0 0.491862 0.988137 0.012370 0.023341
0 0.497396 0.986979 0.020833 0.025656
0 0.536350 0.902296 0.021050 0.012153
0 0.405599 0.961323 0.009549 0.015239
0 0.396918 0.872010 0.026910 0.014468
0 0.371419 0.873843 0.021484 0.030864
0 0.743924 0.615066 0.037326 0.030285
0 0.666124 0.604745 0.046658 0.027006
0 0.724501 0.527874 0.014974 0.025270
0 0.687391 0.489101 0.027127 0.026813
0 0.627279 0.481481 0.016276 0.023148
0 0.591797 0.487172 0.017361 0.018326
0 0.553602 0.514082 0.017361 0.022377
0 0.713976 0.400849 0.030816 0.026235
0 0.609484 0.452064 0.020616 0.021412
0 0.597331 0.455054 0.013672 0.029321
0 0.534180 0.489005 0.010634 0.020448
0 0.661133 0.405768 0.027995 0.017940
0 0.684787 0.390529 0.032335 0.017168
0 0.710286 0.372685 0.013021 0.022377
0 0.632378 0.395158 0.021701 0.022184
0 0.615777 0.402103 0.021050 0.025656
0 0.245985 0.930266 0.012370 0.026042
0 0.357422 0.709008 0.016059 0.028742
0 0.343967 0.708044 0.014323 0.028356
0 0.474067 0.484761 0.009332 0.021219
0 0.478299 0.484471 0.015625 0.020640
0 0.310981 0.788580 0.025174 0.030478
0 0.302626 0.767072 0.018446 0.020640
0 0.237196 0.791860 0.013889 0.026620
0 0.232639 0.770833 0.033854 0.019290
0 0.192383 0.815972 0.014106 0.019676
0 0.225152 0.706019 0.036675 0.027392
0 0.171658 0.779610 0.020399 0.025656
0 0.129015 0.785976 0.022352 0.024884
0 0.100260 0.780189 0.018663 0.029514
0 0.084852 0.769097 0.024740 0.016590
0 0.097439 0.725598 0.023438 0.014853
0 0.063585 0.863233 0.037760 0.034336
0 0.068793 0.771894 0.022135 0.019097
0 0.076172 0.724441 0.013889 0.012924
0 0.059136 0.771991 0.037109 0.018904
0 0.049913 0.771412 0.021701 0.016975
0 0.043077 0.725984 0.014540 0.018326
0 0.583116 0.394194 0.018229 0.025270
0 0.548611 0.394001 0.022135 0.026813
0 0.036892 0.736786 0.020399 0.039545
0 0.621853 0.351948 0.020616 0.026813
0 0.586263 0.303723 0.018880 0.013696
0 0.793945 0.216821 0.015842 0.030478
0 0.419596 0.277199 0.022786 0.030093
0 0.294488 0.341049 0.013021 0.025849
0 0.616753 0.193576 0.019097 0.019483
0 0.606337 0.189140 0.038628 0.024498
0 0.348524 0.171296 0.018229 0.020448
0 0.236979 0.224344 0.014323 0.020062
0 0.281793 0.197917 0.014106 0.025849
0 0.276801 0.177662 0.035807 0.018904
0 0.214844 0.189043 0.022135 0.024691
0 0.171115 0.197820 0.022786 0.026042
0 0.166558 0.188657 0.018880 0.020062
0 0.142361 0.198013 0.018663 0.038387
0 0.142361 0.198013 0.018663 0.038387
0 0.133138 0.184510 0.019314 0.015625
0 0.123589 0.184028 0.027561 0.017747
0 0.108832 0.187886 0.018880 0.018904
0 0.785482 0.010320 0.037543 0.020640
0 0.718967 0.005015 0.014323 0.010031
0 0.401150 0.108218 0.016276 0.028164
0 0.387587 0.107446 0.013455 0.028164
0 0.268229 0.110050 0.036458 0.026813
0 0.092122 0.188465 0.023220 0.017361
0 0.143880 0.138310 0.014757 0.016975
0 0.138021 0.138503 0.026042 0.016204
0 0.131619 0.136092 0.014106 0.011767
0 0.131944 0.136188 0.015191 0.011960
0 0.116102 0.136574 0.016927 0.011574
0 0.083876 0.141782 0.014540 0.016975
0 0.074761 0.153646 0.017144 0.038387
0 0.680773 0.529321 0.043837 0.015432
0 0.579753 0.511574 0.017578 0.015046
0 0.611979 0.510706 0.012587 0.007137
0 0.626736 0.423900 0.009115 0.012539
0 0.640951 0.427083 0.021050 0.011188
0 0.593316 0.302951 0.007378 0.013310
0 0.454970 0.367477 0.011068 0.014660
0 0.413303 0.418596 0.013672 0.014660
0 0.396267 0.417245 0.011285 0.012346
0 0.372938 0.299576 0.008030 0.008873
0 0.361111 0.297840 0.006076 0.008873
0 0.440864 0.459973 0.006727 0.007909
0 0.357747 0.192323 0.025825 0.030093
0 0.558485 0.792631 0.038845 0.027006
0 0.784722 0.493345 0.006510 0.011381
0 0.771159 0.493345 0.007161 0.010224
0 0.711914 0.462963 0.014974 0.011960
0 0.644640 0.366512 0.011502 0.011574
0 0.632704 0.367959 0.006727 0.011767
0 0.617188 0.352045 0.012587 0.024691
0 0.596571 0.364294 0.012587 0.005980
0 0.605252 0.364198 0.013021 0.008102
