0 0.659722 0.991030 0.024740 0.017554
0 0.659614 0.967882 0.013672 0.019869
0 0.632921 0.984375 0.032769 0.015818
0 0.607856 0.995370 0.027778 0.008873
0 0.745334 0.820409 0.015842 0.029321
0 0.582791 0.986690 0.022352 0.020062
0 0.562826 0.991416 0.018012 0.016782
0 0.570747 0.951389 0.021701 0.032407
0 0.530490 0.987847 0.018880 0.023920
0 0.497179 0.988233 0.021267 0.023148
0 0.558051 0.792824 0.037543 0.023148
0 0.397352 0.872396 0.026042 0.015239
0 0.371528 0.873939 0.021267 0.030671
0 0.743924 0.615162 0.037326 0.030093
0 0.665473 0.605035 0.045790 0.026042
0 0.724501 0.527971 0.014974 0.025463
0 0.689236 0.489969 0.022135 0.027006
0 0.626302 0.483603 0.019097 0.023534
0 0.591905 0.486979 0.017578 0.019097
0 0.714084 0.401138 0.030165 0.026427
0 0.245985 0.930459 0.012370 0.025270
0 0.357747 0.709105 0.015842 0.028549
0 0.314128 0.784336 0.034939 0.037423
0 0.344293 0.707755 0.014974 0.029321
0 0.534180 0.489198 0.011068 0.020833
0 0.660699 0.405285 0.028429 0.017747
0 0.710720 0.372299 0.015191 0.022762
0 0.622504 0.355131 0.022352 0.033565
0 0.445638 0.275077 0.026693 0.015046
0 0.419379 0.277199 0.023220 0.030478
0 0.236437 0.791860 0.015842 0.025463
0 0.232530 0.770640 0.034505 0.018519
0 0.192274 0.815876 0.013455 0.019483
0 0.225369 0.706115 0.036241 0.027585
0 0.171441 0.779996 0.019965 0.026813
0 0.294379 0.340664 0.013238 0.026235
0 0.606120 0.189236 0.037326 0.024306
0 0.359375 0.186439 0.036024 0.036458
0 0.237088 0.224344 0.014106 0.019676
0 0.127170 0.782890 0.025174 0.031829
0 0.100152 0.780093 0.019314 0.029707
0 0.097548 0.726080 0.023655 0.016204
0 0.114583 0.271412 0.010417 0.015818
0 0.057617 0.771508 0.037109 0.019097
0 0.037977 0.736690 0.022135 0.039352
0 0.785590 0.010224 0.037760 0.020448
0 0.281141 0.198013 0.014540 0.025656
0 0.276584 0.177951 0.035807 0.018711
0 0.214952 0.188947 0.021918 0.024884
0 0.401367 0.108121 0.015842 0.027971
0 0.387804 0.107253 0.013455 0.028164
0 0.268229 0.109954 0.036024 0.026620
0 0.170030 0.194541 0.025825 0.032600
0 0.098633 0.187886 0.037109 0.018133
0 0.138021 0.138600 0.025608 0.016782
0 0.720486 0.005015 0.016927 0.010031
0 0.116102 0.136381 0.016493 0.011574
0 0.078559 0.153260 0.022569 0.039545
0 0.092665 0.923322 0.038628 0.024113
0 0.553494 0.515046 0.018880 0.023534
0 0.483073 0.484761 0.007378 0.020833
0 0.474284 0.485050 0.008030 0.021026
0 0.440972 0.459973 0.006510 0.007909
0 0.612413 0.451775 0.014757 0.018519
0 0.597873 0.454861 0.009549 0.028549
0 0.553494 0.394676 0.014106 0.022377
0 0.542969 0.395640 0.010417 0.026620
0 0.579644 0.394772 0.011719 0.025270
0 0.586263 0.393133 0.011936 0.022762
0 0.614041 0.401235 0.017144 0.024691
0 0.618598 0.402199 0.007161 0.019290
0 0.629232 0.394001 0.009766 0.021412
0 0.640082 0.394483 0.010634 0.023148
0 0.626547 0.424286 0.007868 0.012153
0 0.637695 0.428627 0.010634 0.008488
0 0.648220 0.426890 0.009115 0.007716
0 0.683160 0.390336 0.027344 0.018326
0 0.646159 0.366802 0.011936 0.010610
0 0.633247 0.367766 0.009549 0.015239
0 0.605903 0.364969 0.009115 0.006559
0 0.592448 0.364583 0.006944 0.006173
0 0.595378 0.303627 0.007595 0.014275
0 0.583442 0.303144 0.009766 0.013310
0 0.794596 0.217207 0.018012 0.032022
0 0.142470 0.194637 0.018446 0.032022
0 0.133138 0.185860 0.014974 0.018711
0 0.120334 0.184317 0.016710 0.017168
0 0.356771 0.486208 0.013889 0.021798
0 0.396267 0.417535 0.010851 0.012539
0 0.414062 0.416763 0.013889 0.010995
0 0.455512 0.368152 0.011285 0.017940
0 0.374566 0.300829 0.008247 0.011381
0 0.361111 0.298225 0.006076 0.007716
0 0.080187 0.769097 0.011068 0.016204
0 0.089301 0.770448 0.011502 0.018133
0 0.080187 0.724537 0.008464 0.013889
0 0.091471 0.724730 0.009766 0.013503
0 0.325629 0.892650 0.008030 0.009066
0 0.314562 0.891300 0.008898 0.009066
0 0.405816 0.962963 0.010417 0.019290
0 0.544813 0.903453 0.007161 0.014853
0 0.531684 0.902585 0.008681 0.011574
0 0.543294 0.961323 0.014974 0.006752
0 0.554579 0.962577 0.006727 0.009259
0 0.581272 0.962481 0.008030 0.012153
0 0.593750 0.963349 0.013455 0.008873
0 0.503364 0.986786 0.010634 0.019869
0 0.527669 0.988233 0.012370 0.023148
0 0.578234 0.987076 0.013238 0.018133
0 0.566189 0.948110 0.012587 0.024306
0 0.624023 0.514950 0.027127 0.016011
0 0.582140 0.512731 0.012804 0.016204
0 0.687934 0.530671 0.028646 0.013117
0 0.772461 0.493345 0.008464 0.010995
0 0.709201 0.462770 0.009983 0.008873
