0 0.710156 0.840278 0.025521 0.029630
0 0.702083 0.835185 0.010937 0.020370
0 0.673177 0.819676 0.007292 0.014352
0 0.743750 0.574074 0.011458 0.050000
0 0.655078 0.601389 0.008073 0.014815
0 0.642578 0.604398 0.003906 0.013426
0 0.602604 0.648148 0.013021 0.026852
0 0.492578 0.768287 0.014844 0.027315
0 0.617839 0.610648 0.005469 0.010185
0 0.597266 0.633796 0.011719 0.028704
0 0.470313 0.772685 0.008333 0.024074
0 0.494141 0.735417 0.011198 0.018056
0 0.460156 0.773611 0.014062 0.022222
0 0.463542 0.772685 0.020833 0.024074
0 0.400130 0.791898 0.019531 0.018056
0 0.591927 0.612500 0.035417 0.021296
0 0.693490 0.512269 0.009375 0.020833
0 0.692578 0.512731 0.010156 0.019907
0 0.683333 0.515278 0.008333 0.015741
0 0.636589 0.491667 0.007552 0.008333
0 0.600000 0.487500 0.005729 0.023148
0 0.594661 0.487963 0.005990 0.022222
0 0.353255 0.800463 0.023177 0.021296
0 0.455599 0.590741 0.015365 0.025926
0 0.571224 0.476852 0.010677 0.026852
0 0.547266 0.485880 0.015885 0.017130
0 0.541667 0.487963 0.006771 0.022222
0 0.525651 0.477546 0.006510 0.020833
0 0.552734 0.452778 0.011719 0.023148
0 0.566667 0.425694 0.013021 0.018981
0 0.493229 0.481019 0.006250 0.020370
0 0.606510 0.400000 0.012500 0.030556
0 0.484245 0.483102 0.007552 0.018981
0 0.574089 0.416898 0.020052 0.022685
0 0.580469 0.401157 0.014583 0.016204
0 0.590234 0.389583 0.013281 0.016204
0 0.555859 0.406481 0.011198 0.025000
0 0.566536 0.395370 0.010677 0.023148
0 0.598437 0.368287 0.009375 0.013426
0 0.580208 0.371759 0.011979 0.020370
0 0.541536 0.398148 0.010156 0.026852
0 0.526042 0.394676 0.011458 0.025463
0 0.548958 0.366667 0.006250 0.011111
0 0.568880 0.345833 0.012760 0.029630
0 0.357422 0.671759 0.010156 0.012963
0 0.392578 0.538426 0.009635 0.025000
0 0.401042 0.483333 0.006771 0.022222
0 0.451953 0.419444 0.008073 0.014815
0 0.445443 0.418056 0.010156 0.010185
0 0.272396 0.917130 0.011458 0.013889
0 0.366927 0.484954 0.010937 0.018056
0 0.476693 0.370833 0.007031 0.022222
0 0.541276 0.300694 0.017969 0.008796
0 0.470182 0.283333 0.014844 0.027778
0 0.559505 0.228241 0.009115 0.017593
0 0.290365 0.654861 0.013021 0.033796
0 0.435677 0.277083 0.007292 0.025463
0 0.284766 0.447454 0.026302 0.040278
0 0.305859 0.290509 0.015365 0.043056
0 0.555990 0.189120 0.015625 0.027315
0 0.433203 0.191667 0.009115 0.021296
0 0.428516 0.175231 0.013802 0.026389
0 0.389193 0.183102 0.019531 0.025463
0 0.357812 0.189583 0.011458 0.024537
0 0.310417 0.215741 0.021354 0.027778
0 0.328125 0.190278 0.020833 0.023148
0 0.310937 0.190278 0.010417 0.025926
0 0.324219 0.188889 0.028125 0.030556
0 0.299479 0.194907 0.016667 0.031481
0 0.483073 0.108102 0.017187 0.031019
0 0.327214 0.132639 0.004948 0.006944
0 0.318490 0.135417 0.007292 0.010648
0 0.390625 0.110880 0.008854 0.025463
0 0.301172 0.137037 0.010677 0.012963
0 0.385156 0.109491 0.019271 0.027315
0 0.636589 0.010185 0.019531 0.020370
0 0.284245 0.146065 0.015365 0.025463
0 0.604297 0.003935 0.011198 0.007870
