0 0.912760 0.978202 0.032118 0.032793
0 0.810764 0.984761 0.021701 0.012731
0 0.652127 0.923032 0.018663 0.021991
0 0.619141 0.924576 0.014323 0.021991
0 0.758681 0.707755 0.017361 0.017361
0 0.560330 0.975887 0.013889 0.021991
0 0.555122 0.966049 0.024306 0.021605
0 0.611545 0.796489 0.012153 0.011188
0 0.450955 0.975694 0.024306 0.020833
0 0.814887 0.622878 0.025608 0.021219
0 0.531467 0.781443 0.021267 0.013503
0 0.698351 0.586613 0.046007 0.017361
0 0.500000 0.793017 0.024306 0.027392
0 0.326389 0.969329 0.026910 0.015818
0 0.583767 0.608025 0.026042 0.011574
0 0.428602 0.681713 0.021267 0.020062
0 0.912760 0.364969 0.019965 0.020062
0 0.261068 0.966821 0.031684 0.020833
0 0.347873 0.685378 0.023003 0.018904
0 0.430556 0.377315 0.044271 0.022377
0 0.478082 0.207755 0.018663 0.011960
0 0.307943 0.851273 0.024740 0.029707
0 0.333984 0.684606 0.015191 0.022762
0 0.213325 0.911651 0.013455 0.022377
0 0.202040 0.906636 0.017795 0.023148
0 0.293837 0.682099 0.030382 0.025463
0 0.128689 0.964699 0.017795 0.026620
0 0.132378 0.685378 0.032986 0.020448
0 0.205078 0.436150 0.027344 0.015046
0 0.287109 0.306134 0.021267 0.028935
0 0.357639 0.233025 0.011285 0.021605
0 0.501953 0.163387 0.035156 0.019676
0 0.562934 0.101659 0.014757 0.008873
0 0.457465 0.117477 0.018229 0.015818
0 0.444661 0.108218 0.017795 0.023534
0 0.544705 0.080054 0.014757 0.013503
0 0.200521 0.688657 0.017361 0.018519
0 0.192491 0.379630 0.036892 0.016204
0 0.266927 0.291860 0.015625 0.022762
0 0.110894 0.790316 0.016059 0.026620
0 0.120660 0.687114 0.012153 0.017747
0 0.136285 0.374807 0.033854 0.019676
0 0.089627 0.374614 0.025608 0.024691
0 0.492405 0.077160 0.009983 0.019290
0 0.536458 0.069252 0.010417 0.021219
0 0.551432 0.057870 0.018663 0.013117
0 0.219835 0.274306 0.016059 0.012346
0 0.256944 0.150077 0.013021 0.013117
0 0.273438 0.145640 0.018229 0.021219
0 0.023872 0.788773 0.027778 0.018133
0 0.010417 0.530478 0.020833 0.037809
0 0.403429 0.076389 0.011719 0.017747
0 0.438151 0.068673 0.016927 0.020833
0 0.345920 0.073495 0.018229 0.023534
0 0.028863 0.425540 0.021267 0.011574
0 0.356988 0.067323 0.009983 0.019676
0 0.490668 0.040509 0.007378 0.020833
0 0.460503 0.029514 0.013889 0.019676
0 0.412326 0.277392 0.006944 0.010802
0 0.373915 0.357180 0.009983 0.005787
0 0.536024 0.210841 0.010417 0.008102
0 0.561786 0.173532 0.015316 0.019904
0 0.552944 0.171682 0.013875 0.020833
0 0.527995 0.171682 0.009983 0.020833
0 0.517578 0.172454 0.012587 0.017747
0 0.427951 0.164352 0.013021 0.020062
0 0.477214 0.183063 0.018663 0.017361
0 0.429905 0.180363 0.027344 0.018904
0 0.394314 0.172647 0.010851 0.021219
0 0.405382 0.175154 0.013889 0.020833
0 0.284652 0.478974 0.018370 0.025077
0 0.274089 0.470293 0.020399 0.018519
0 0.125651 0.453704 0.023003 0.027006
0 0.143446 0.464699 0.019531 0.018133
0 0.339844 0.708935 0.045139 0.013549
0 0.635200 0.918789 0.023003 0.019676
0 0.820530 0.795525 0.012587 0.009259
0 0.833984 0.711227 0.006510 0.004244
0 0.950087 0.605903 0.033854 0.028935
0 0.940755 0.335648 0.018663 0.016204
0 0.446398 0.230903 0.025608 0.030478
