0 0.917101 0.975887 0.045139 0.043596
0 0.811849 0.984375 0.025608 0.018904
0 0.557943 0.972801 0.033420 0.032793
0 0.447917 0.977238 0.034722 0.023920
0 0.325738 0.970100 0.034288 0.019676
0 0.262370 0.966821 0.036024 0.024691
0 0.117839 0.975116 0.046441 0.048997
0 0.628038 0.920910 0.032986 0.033951
0 0.652127 0.922647 0.024740 0.025077
0 0.200521 0.907793 0.021701 0.025463
0 0.213108 0.912616 0.016493 0.026620
0 0.308377 0.849537 0.030816 0.036265
0 0.110677 0.790509 0.022569 0.029321
0 0.022135 0.788773 0.037326 0.022762
0 0.495009 0.793210 0.015191 0.033951
0 0.506727 0.794753 0.016059 0.030864
0 0.612196 0.796682 0.015191 0.013117
0 0.759549 0.707948 0.022569 0.019290
0 0.341580 0.708912 0.047743 0.016590
0 0.428385 0.681520 0.030382 0.025849
0 0.333767 0.684414 0.021701 0.027778
0 0.349609 0.686150 0.023003 0.023534
0 0.295573 0.682677 0.038194 0.035108
0 0.199870 0.688465 0.023003 0.023534
0 0.131944 0.684799 0.040799 0.027778
0 0.814236 0.621142 0.032118 0.023148
0 0.693793 0.588542 0.042101 0.021219
0 0.584418 0.609375 0.029948 0.016590
0 0.011502 0.530093 0.022135 0.043210
0 0.136068 0.458526 0.051649 0.042052
0 0.278646 0.475694 0.033854 0.037037
0 0.091580 0.374807 0.026910 0.028935
0 0.136719 0.375386 0.039062 0.023920
0 0.191623 0.378665 0.043837 0.022762
0 0.430122 0.379051 0.049479 0.027392
0 0.914280 0.364390 0.026476 0.025849
0 0.266710 0.291860 0.020399 0.025849
0 0.289062 0.307677 0.028646 0.031250
0 0.358073 0.233218 0.014757 0.025849
0 0.446181 0.226273 0.032986 0.040509
0 0.479167 0.207755 0.025174 0.017361
0 0.401259 0.173804 0.026476 0.025077
0 0.427083 0.164545 0.016493 0.024306
0 0.431424 0.180748 0.032986 0.028164
0 0.458984 0.168403 0.021267 0.038194
0 0.474175 0.180556 0.026476 0.030864
0 0.482422 0.159144 0.032552 0.037423
0 0.498264 0.157986 0.024306 0.032793
0 0.520833 0.172840 0.028646 0.024691
0 0.558160 0.172068 0.028646 0.023920
0 0.988932 0.146026 0.022135 0.032022
0 0.444010 0.106867 0.019965 0.028549
0 0.459418 0.118441 0.018663 0.017747
0 0.564236 0.101273 0.019965 0.011960
0 0.543403 0.080440 0.020833 0.018133
0 0.535807 0.069444 0.012587 0.022377
0 0.551866 0.057485 0.020399 0.016975
0 0.493273 0.077353 0.012587 0.021991
0 0.438585 0.069444 0.020399 0.025463
0 0.402778 0.076968 0.016493 0.021991
0 0.356771 0.067901 0.013889 0.021605
0 0.344184 0.075424 0.019097 0.032022
0 0.490668 0.040123 0.013455 0.023920
0 0.465929 0.031636 0.029948 0.030864
0 0.818793 0.040702 0.029080 0.021219
0 0.949219 0.606674 0.034722 0.027392
0 0.939453 0.335648 0.017795 0.016204
