0 0.913628 0.977623 0.032118 0.032407
0 0.810764 0.984375 0.022569 0.012731
0 0.949653 0.606289 0.032118 0.028935
0 0.654514 0.923032 0.017361 0.021219
0 0.618056 0.924383 0.011285 0.022377
0 0.758898 0.707948 0.016927 0.017747
0 0.560113 0.975116 0.014323 0.021991
0 0.555122 0.970100 0.024306 0.029707
0 0.610677 0.796296 0.011285 0.010802
0 0.450955 0.975694 0.024306 0.020833
0 0.531250 0.781636 0.021701 0.013889
0 0.506293 0.793789 0.012587 0.029707
0 0.495009 0.794753 0.011719 0.030093
0 0.693359 0.585262 0.036024 0.020833
0 0.583767 0.607832 0.026042 0.011960
0 0.326606 0.969136 0.027344 0.016204
0 0.428602 0.681520 0.023003 0.019676
0 0.430556 0.377508 0.044271 0.021991
0 0.477865 0.207176 0.021701 0.015432
0 0.557943 0.172261 0.023003 0.021219
0 0.261502 0.966435 0.030816 0.020833
0 0.307943 0.851466 0.024740 0.030093
0 0.347222 0.685378 0.024306 0.018904
0 0.213542 0.911073 0.013021 0.021219
0 0.202257 0.906443 0.017361 0.021991
0 0.294922 0.681520 0.032552 0.026620
0 0.208984 0.435185 0.019531 0.018519
0 0.286458 0.306520 0.020833 0.028164
0 0.192274 0.378858 0.037326 0.018519
0 0.266927 0.292052 0.015625 0.021605
0 0.357639 0.232639 0.011285 0.021605
0 0.522135 0.171682 0.020833 0.020833
0 0.475911 0.177855 0.020399 0.030093
0 0.459201 0.166860 0.015625 0.029707
0 0.430556 0.172068 0.026910 0.033951
0 0.400391 0.173997 0.022135 0.022377
0 0.563151 0.101466 0.015191 0.009259
0 0.456597 0.118056 0.019097 0.014660
0 0.544705 0.080054 0.014757 0.014275
0 0.333550 0.684414 0.014323 0.022377
0 0.200087 0.688465 0.017361 0.018904
0 0.277995 0.474537 0.030816 0.033951
0 0.111328 0.790123 0.016059 0.027006
0 0.135851 0.684028 0.025174 0.021605
0 0.121094 0.686343 0.013021 0.019290
0 0.136068 0.374807 0.035156 0.018904
0 0.089844 0.374614 0.025174 0.025463
0 0.024089 0.788773 0.028212 0.017361
0 0.010200 0.530864 0.020399 0.038580
0 0.054470 0.375000 0.013455 0.026235
0 0.444661 0.108025 0.017795 0.023148
0 0.492405 0.077160 0.009983 0.020062
0 0.536458 0.069252 0.010417 0.021219
0 0.551215 0.057677 0.019097 0.012731
0 0.236762 0.271026 0.016927 0.017361
0 0.256510 0.150270 0.013021 0.012731
0 0.273220 0.144676 0.017795 0.022377
0 0.403212 0.076582 0.011285 0.017361
0 0.437934 0.067901 0.015625 0.021605
0 0.356771 0.067901 0.010417 0.018519
0 0.345052 0.074074 0.019965 0.023920
0 0.027561 0.425733 0.021267 0.011960
0 0.490451 0.040123 0.007812 0.020833
0 0.445747 0.228974 0.025174 0.034336
0 0.498915 0.167438 0.023872 0.010802
0 0.495443 0.149113 0.018663 0.011188
0 0.478082 0.147955 0.020399 0.011188
0 0.457465 0.031057 0.007812 0.017361
0 0.472133 0.033462 0.014579 0.022942
0 0.479384 0.060957 0.009983 0.006944
0 0.637080 0.062055 0.011431 0.010922
0 0.941840 0.334168 0.012153 0.013243
0 0.934679 0.341049 0.008247 0.007716
0 0.913411 0.364776 0.021267 0.020448
0 0.329248 0.708947 0.025532 0.012969
0 0.352722 0.709301 0.019382 0.013508
