0 0.810330 0.985532 0.022569 0.013503
0 0.653429 0.923225 0.015191 0.021605
0 0.638021 0.921489 0.016493 0.024306
0 0.618056 0.924383 0.012153 0.022377
0 0.949653 0.605710 0.030382 0.029321
0 0.758681 0.707755 0.017361 0.017361
0 0.556641 0.971258 0.024740 0.030478
0 0.611545 0.796489 0.013021 0.011960
0 0.813802 0.622878 0.025174 0.021219
0 0.560330 0.975116 0.014757 0.023534
0 0.556424 0.965278 0.026042 0.020833
0 0.450955 0.975502 0.024306 0.020448
0 0.531467 0.781636 0.022135 0.013117
0 0.500434 0.794753 0.023438 0.031636
0 0.326606 0.969329 0.028212 0.016590
0 0.261068 0.967207 0.031684 0.020062
0 0.912326 0.364583 0.019965 0.020062
0 0.955512 0.341049 0.040365 0.027006
0 0.692491 0.586806 0.035156 0.017747
0 0.583767 0.608025 0.026910 0.011574
0 0.428168 0.681520 0.022135 0.019676
0 0.307943 0.851273 0.024740 0.029707
0 0.347005 0.685764 0.023872 0.018904
0 0.430556 0.377701 0.044271 0.021605
0 0.478082 0.207562 0.018663 0.012346
0 0.557509 0.172261 0.023872 0.021219
0 0.328993 0.709298 0.023438 0.013503
0 0.333550 0.684606 0.014323 0.022762
0 0.521701 0.171682 0.021701 0.020833
0 0.213542 0.911651 0.013021 0.021605
0 0.202040 0.906443 0.017795 0.021991
0 0.297092 0.674576 0.029080 0.012731
0 0.292535 0.683449 0.027778 0.023534
0 0.277778 0.475502 0.030382 0.032793
0 0.128906 0.965278 0.018229 0.026235
0 0.208550 0.434799 0.019531 0.019290
0 0.287109 0.306906 0.021267 0.027392
0 0.357856 0.233025 0.011719 0.021605
0 0.430339 0.178434 0.027344 0.022762
0 0.459635 0.166860 0.016493 0.030478
0 0.427300 0.163387 0.012587 0.018133
0 0.400391 0.174383 0.021267 0.022377
0 0.563368 0.101466 0.015625 0.009259
0 0.457031 0.117670 0.019097 0.015432
0 0.444661 0.108025 0.017795 0.023148
0 0.544488 0.080054 0.014323 0.013503
0 0.200087 0.688657 0.016493 0.018519
0 0.131510 0.684606 0.032986 0.021991
0 0.193359 0.380015 0.036024 0.016204
0 0.267361 0.292052 0.014757 0.021605
0 0.111328 0.789931 0.016059 0.027392
0 0.136068 0.374807 0.035156 0.018904
0 0.090712 0.374614 0.024306 0.024691
0 0.818576 0.041860 0.026042 0.016590
0 0.492622 0.077546 0.010417 0.020062
0 0.536024 0.069444 0.009549 0.020833
0 0.551215 0.057677 0.018229 0.013503
0 0.218967 0.274306 0.016927 0.012346
0 0.256510 0.148920 0.013021 0.014660
0 0.273655 0.144869 0.017795 0.021991
0 0.024089 0.788387 0.028212 0.016590
0 0.010200 0.531057 0.020399 0.038194
0 0.403646 0.076775 0.012153 0.017747
0 0.438585 0.067323 0.016059 0.022762
0 0.356771 0.067708 0.010417 0.019676
0 0.345269 0.073110 0.018663 0.024306
0 0.028212 0.425154 0.020833 0.011574
0 0.490451 0.040702 0.008681 0.021219
0 0.350477 0.708719 0.023872 0.012346
0 0.133030 0.455826 0.036892 0.030478
0 0.446181 0.227431 0.024306 0.036651
0 0.412326 0.277199 0.006944 0.009645
0 0.536428 0.211727 0.014696 0.004787
0 0.474285 0.185974 0.023376 0.017009
0 0.479102 0.171140 0.013176 0.017288
0 0.503689 0.162616 0.010851 0.017361
0 0.493707 0.155864 0.008247 0.024691
0 0.472439 0.147569 0.009115 0.009645
0 0.486762 0.147184 0.012587 0.008873
0 0.471137 0.059221 0.009115 0.008102
0 0.458333 0.030864 0.009549 0.017747
0 0.470269 0.032022 0.013455 0.022377
0 0.638021 0.063850 0.010417 0.008873
