0 0.913194 0.971644 0.032118 0.020448
0 0.810981 0.984761 0.021267 0.013503
0 0.736979 0.988233 0.009549 0.008873
0 0.651910 0.923032 0.016493 0.021219
0 0.639540 0.917052 0.014323 0.015432
0 0.637370 0.918210 0.024740 0.020833
0 0.631727 0.917245 0.019531 0.021219
0 0.834201 0.711227 0.006944 0.005015
0 0.821181 0.796296 0.009549 0.007716
0 0.628255 0.916281 0.013455 0.017747
0 0.620226 0.924383 0.016493 0.022377
0 0.560330 0.976659 0.013889 0.020448
0 0.556207 0.971644 0.023872 0.030478
0 0.556424 0.965856 0.026042 0.020448
0 0.611545 0.796103 0.012153 0.011188
0 0.445312 0.975502 0.011285 0.018133
0 0.450955 0.975502 0.024306 0.020448
0 0.429036 0.994599 0.021267 0.010031
0 0.949653 0.605517 0.032118 0.029707
0 0.758898 0.707562 0.016927 0.016975
0 0.537977 0.802469 0.031684 0.020062
0 0.531467 0.781057 0.020399 0.013503
0 0.535156 0.793789 0.036458 0.015818
0 0.532986 0.794174 0.041667 0.015818
0 0.505642 0.793789 0.013021 0.028935
0 0.494575 0.794174 0.011719 0.028935
0 0.326389 0.969329 0.026910 0.015818
0 0.308160 0.851080 0.024306 0.030093
0 0.261502 0.967207 0.031684 0.020062
0 0.213542 0.911265 0.013021 0.022377
0 0.202040 0.906443 0.018663 0.021991
0 0.128472 0.965471 0.018229 0.027392
0 0.109809 0.971258 0.020833 0.028935
0 0.109592 0.977238 0.021267 0.040123
0 0.817708 0.620949 0.034722 0.016590
0 0.912543 0.364969 0.020399 0.020062
0 0.959201 0.345679 0.033854 0.018519
0 0.955295 0.341049 0.039931 0.027006
0 0.692708 0.587577 0.033854 0.016975
0 0.590061 0.607253 0.015191 0.010031
0 0.576172 0.609182 0.012587 0.013889
0 0.428602 0.681520 0.022135 0.019676
0 0.353299 0.709105 0.018229 0.011574
0 0.347873 0.685571 0.021267 0.018519
0 0.325738 0.707948 0.017795 0.011574
0 0.334418 0.684414 0.014323 0.023148
0 0.339193 0.708526 0.042969 0.011960
0 0.291233 0.685571 0.024306 0.018519
0 0.296224 0.673997 0.029080 0.010802
0 0.294705 0.682099 0.032118 0.025463
0 0.430773 0.377508 0.043837 0.021991
0 0.278646 0.474923 0.032118 0.033951
0 0.200087 0.688657 0.017361 0.018519
0 0.210938 0.436150 0.016493 0.017361
0 0.935113 0.340471 0.009115 0.008102
0 0.947483 0.335262 0.024306 0.016204
0 0.534939 0.210069 0.009983 0.006559
0 0.478516 0.206983 0.019531 0.012731
0 0.476128 0.178241 0.019097 0.028549
0 0.287109 0.306520 0.022135 0.028164
0 0.357856 0.233025 0.011719 0.021605
0 0.430339 0.178819 0.027344 0.021991
0 0.459418 0.167245 0.015191 0.032022
0 0.563585 0.100887 0.015191 0.009645
0 0.405816 0.174961 0.013021 0.021219
0 0.401042 0.174383 0.021701 0.022377
0 0.395399 0.172647 0.013021 0.021219
0 0.457031 0.117670 0.018229 0.014660
0 0.544488 0.080440 0.014323 0.014275
0 0.637370 0.062307 0.008247 0.010417
0 0.492622 0.077546 0.010417 0.020062
0 0.118056 0.973958 0.038194 0.045139
0 0.111111 0.790123 0.015625 0.027006
0 0.137587 0.682292 0.024306 0.017361
0 0.132161 0.684992 0.033420 0.021991
0 0.131944 0.684799 0.034722 0.022377
0 0.024957 0.788580 0.029080 0.016975
0 0.193142 0.379437 0.035590 0.017361
0 0.136068 0.374614 0.035156 0.019290
0 0.090495 0.374807 0.024740 0.024306
0 0.054688 0.372299 0.015625 0.024691
0 0.054688 0.372685 0.016493 0.024691
0 0.028212 0.425347 0.019965 0.010417
0 0.536675 0.069252 0.009983 0.021219
0 0.551432 0.057677 0.018663 0.013503
0 0.266710 0.291667 0.016927 0.022377
0 0.240234 0.273727 0.021267 0.014275
0 0.403646 0.076968 0.012153 0.018133
0 0.435764 0.070216 0.009549 0.020833
0 0.442925 0.057485 0.011719 0.024691
0 0.769314 0.031057 0.029080 0.017361
0 0.490234 0.040509 0.008247 0.021605
0 0.470703 0.033951 0.015191 0.021605
0 0.470486 0.033179 0.013889 0.021605
0 0.285373 0.099730 0.013455 0.012731
0 0.356771 0.067708 0.010417 0.019676
0 0.460503 0.030285 0.013889 0.019676
0 0.256727 0.149306 0.013455 0.013889
0 0.273655 0.144676 0.018663 0.022377
0 0.344618 0.075810 0.018229 0.025077
0 0.346137 0.073110 0.018663 0.023534
0 0.219184 0.275270 0.018229 0.012731
0 0.411892 0.277971 0.008681 0.009645
0 0.375000 0.357446 0.008681 0.005787
0 0.446398 0.235340 0.031684 0.014660
0 0.447700 0.218750 0.016927 0.019290
0 0.444878 0.107060 0.015625 0.022762
0 0.427951 0.163966 0.012153 0.017747
0 0.498047 0.167052 0.023003 0.014660
0 0.473090 0.149113 0.011285 0.010417
0 0.488715 0.146798 0.019097 0.008873
0 0.563614 0.173334 0.019590 0.019072
0 0.552083 0.171296 0.011285 0.021605
0 0.528429 0.172840 0.009115 0.019290
0 0.517361 0.173225 0.012153 0.018519
0 0.132812 0.455826 0.036458 0.030478
0 0.007812 0.537230 0.015625 0.025849
