0 0.913194 0.971258 0.032986 0.020448
0 0.810764 0.984761 0.021701 0.012731
0 0.949436 0.606867 0.031684 0.027006
0 0.654080 0.923032 0.019097 0.021219
0 0.617839 0.923997 0.011719 0.023148
0 0.759332 0.707948 0.016927 0.017747
0 0.611328 0.796296 0.012587 0.011574
0 0.814453 0.620177 0.029080 0.016590
0 0.560113 0.975887 0.014323 0.021991
0 0.555339 0.966242 0.025608 0.020448
0 0.450955 0.975887 0.024306 0.020448
0 0.531684 0.781250 0.020833 0.013889
0 0.505859 0.793789 0.012587 0.028935
0 0.494575 0.794753 0.011719 0.028549
0 0.326389 0.969329 0.027778 0.015818
0 0.261285 0.966821 0.032118 0.020833
0 0.308160 0.851659 0.024306 0.029707
0 0.213325 0.911458 0.013455 0.022762
0 0.690755 0.587384 0.030816 0.016590
0 0.586589 0.607253 0.024740 0.010802
0 0.428602 0.681713 0.022135 0.020062
0 0.350043 0.684414 0.017795 0.016975
0 0.334635 0.684028 0.016493 0.023148
0 0.201389 0.906829 0.018229 0.022762
0 0.294488 0.681906 0.031684 0.025849
0 0.128472 0.964892 0.018229 0.026235
0 0.199870 0.688657 0.016927 0.018519
0 0.912760 0.364776 0.019965 0.019676
0 0.958984 0.342978 0.033420 0.021605
0 0.277995 0.475309 0.029948 0.033951
0 0.208550 0.435185 0.020399 0.018519
0 0.287543 0.307099 0.022135 0.027778
0 0.131727 0.684799 0.034288 0.021605
0 0.192491 0.379244 0.037760 0.017747
0 0.266927 0.292052 0.015625 0.021605
0 0.477648 0.207369 0.021267 0.012731
0 0.358073 0.233218 0.012153 0.022762
0 0.476562 0.178241 0.019097 0.029321
0 0.562717 0.101080 0.014323 0.010031
0 0.457031 0.117284 0.018229 0.015432
0 0.544488 0.080247 0.014323 0.013117
0 0.111111 0.790316 0.015625 0.027392
0 0.133898 0.457562 0.038628 0.033951
0 0.135851 0.375000 0.034722 0.019290
0 0.091363 0.374614 0.023003 0.024691
0 0.445095 0.107832 0.016927 0.023534
0 0.492622 0.077160 0.009549 0.020062
0 0.024306 0.789159 0.028646 0.018904
0 0.010417 0.530285 0.020833 0.037423
0 0.027561 0.425733 0.022135 0.011960
0 0.817925 0.042438 0.025608 0.015432
0 0.536458 0.069059 0.010417 0.021605
0 0.551432 0.058063 0.018663 0.012731
0 0.238281 0.272955 0.018229 0.015818
0 0.219401 0.274306 0.016927 0.012346
0 0.256944 0.149306 0.012153 0.013889
0 0.273003 0.145062 0.018229 0.023148
0 0.403863 0.076775 0.012587 0.018519
0 0.439453 0.062114 0.016059 0.033951
0 0.345920 0.072917 0.017361 0.023148
0 0.356554 0.067323 0.010851 0.019676
0 0.490668 0.040895 0.009115 0.022377
0 0.450521 0.216821 0.021701 0.023148
0 0.445747 0.235725 0.031250 0.013889
0 0.460069 0.167052 0.013889 0.028549
0 0.504557 0.160301 0.009983 0.023534
0 0.559909 0.173767 0.017336 0.021144
0 0.550842 0.173059 0.014636 0.025131
0 0.529948 0.172647 0.012153 0.018904
0 0.518446 0.172261 0.014323 0.016590
0 0.428602 0.165316 0.013455 0.019676
0 0.430122 0.181713 0.026910 0.017747
0 0.406250 0.175154 0.012153 0.021605
0 0.394314 0.172647 0.010851 0.021219
0 0.411458 0.277392 0.007812 0.010802
0 0.446615 0.376736 0.013021 0.021219
0 0.425998 0.381944 0.034288 0.016204
0 0.373915 0.357253 0.009983 0.005401
0 0.535807 0.807870 0.016059 0.012346
0 0.353733 0.708719 0.019097 0.012346
0 0.324219 0.708333 0.013021 0.011574
0 0.337561 0.709298 0.014532 0.013503
0 0.736979 0.987847 0.011285 0.008873
0 0.821615 0.795718 0.011285 0.008873
0 0.833767 0.711420 0.007812 0.005401
