0 0.913737 0.978395 0.029297 0.034336
0 0.677843 0.872975 0.014540 0.030671
0 0.550456 0.975598 0.026259 0.031829
0 0.425456 0.994502 0.016710 0.010610
0 0.436740 0.972319 0.022786 0.020640
0 0.948025 0.602816 0.030599 0.033565
0 0.810981 0.621721 0.027344 0.018519
0 0.327908 0.969232 0.024306 0.014082
0 0.691298 0.586420 0.027127 0.017747
0 0.538303 0.687211 0.025391 0.017940
0 0.583767 0.609279 0.029948 0.014468
0 0.436089 0.681520 0.019748 0.019290
0 0.263780 0.965471 0.018880 0.018519
0 0.309787 0.841628 0.017144 0.020833
0 0.329644 0.708912 0.031250 0.013117
0 0.336914 0.681617 0.021050 0.031057
0 0.212782 0.899113 0.014974 0.015432
0 0.260742 0.792824 0.013672 0.029321
0 0.199002 0.905575 0.014757 0.018711
0 0.297526 0.674479 0.033420 0.022184
0 0.209093 0.683160 0.025825 0.018711
0 0.284831 0.473669 0.024523 0.031443
0 0.232205 0.437596 0.019531 0.016782
0 0.955295 0.340664 0.042535 0.026235
0 0.448676 0.235340 0.022786 0.024306
0 0.484918 0.208526 0.012370 0.011188
0 0.555881 0.173804 0.021918 0.021605
0 0.510200 0.172550 0.024306 0.018711
0 0.459852 0.172357 0.021267 0.015625
0 0.435004 0.179880 0.026259 0.018711
0 0.426866 0.171103 0.014323 0.020833
0 0.488498 0.150077 0.037760 0.024691
0 0.568034 0.100887 0.016710 0.009645
0 0.402561 0.176022 0.017361 0.018326
0 0.390191 0.173708 0.010417 0.019869
0 0.463650 0.117573 0.026693 0.022955
0 0.546115 0.081887 0.015408 0.015239
0 0.540690 0.072242 0.014974 0.019869
0 0.195312 0.379340 0.025608 0.018711
0 0.282227 0.302469 0.031901 0.023534
0 0.268012 0.291860 0.012587 0.022377
0 0.119141 0.790992 0.020399 0.030285
0 0.137261 0.686728 0.022352 0.018519
0 0.125434 0.674769 0.026910 0.016590
0 0.140191 0.375965 0.026042 0.022377
0 0.485243 0.080536 0.015625 0.016397
0 0.031033 0.792824 0.018663 0.027006
0 0.085938 0.380015 0.026476 0.027778
0 0.400608 0.077546 0.009549 0.017747
0 0.342448 0.079475 0.024740 0.013117
0 0.013129 0.527585 0.026259 0.032793
0 0.457574 0.057967 0.016276 0.022184
0 0.490017 0.043210 0.010417 0.020448
0 0.469184 0.033083 0.019097 0.021798
0 0.232313 0.272087 0.025391 0.019869
0 0.423720 0.381173 0.027995 0.020448
0 0.309787 0.354745 0.010634 0.011574
0 0.417101 0.276910 0.018663 0.013310
0 0.125000 0.455150 0.016927 0.024113
0 0.140408 0.464603 0.023003 0.016397
0 0.038086 0.425637 0.020616 0.014468
0 0.635742 0.795428 0.013238 0.012153
0 0.609701 0.795525 0.010634 0.010417
0 0.579644 0.793499 0.017795 0.006752
0 0.500868 0.794560 0.019965 0.030478
0 0.647826 0.926426 0.027422 0.023432
0 0.639288 0.065062 0.015857 0.016321
0 0.780009 0.986116 0.011179 0.011059
0 0.805556 0.982253 0.013889 0.006944
0 0.824653 0.982446 0.007378 0.008102
0 0.814670 0.982639 0.006076 0.008488
