0 0.390082 0.173708 0.009766 0.019869
0 0.402561 0.176698 0.014757 0.018133
0 0.427734 0.170621 0.013889 0.019097
0 0.436099 0.182177 0.026910 0.014119
0 0.456163 0.173129 0.012153 0.014468
0 0.550959 0.173833 0.013376 0.018847
0 0.561109 0.173864 0.013080 0.021644
0 0.468316 0.211323 0.016493 0.012153
0 0.485352 0.208816 0.011936 0.010224
0 0.517470 0.173322 0.011502 0.017940
0 0.506944 0.172743 0.017361 0.018711
0 0.488498 0.175154 0.016493 0.020062
0 0.472765 0.181713 0.026259 0.016975
0 0.329102 0.708816 0.030599 0.013310
0 0.633681 0.796296 0.011719 0.009259
0 0.811415 0.621142 0.026910 0.018904
0 0.263563 0.966146 0.018880 0.018326
0 0.469293 0.032600 0.019748 0.022762
0 0.584418 0.609664 0.030816 0.015625
0 0.545898 0.081115 0.015408 0.014853
0 0.200304 0.905093 0.016493 0.020448
0 0.482639 0.080922 0.020399 0.015239
0 0.464301 0.117670 0.027561 0.021991
0 0.550781 0.974826 0.026476 0.032986
0 0.499132 0.795139 0.016493 0.028935
0 0.400608 0.077546 0.009115 0.017747
0 0.434787 0.180073 0.026259 0.018711
0 0.467665 0.208526 0.014757 0.010802
0 0.489475 0.043306 0.011068 0.019869
0 0.211263 0.900270 0.014106 0.018133
0 0.645833 0.926505 0.024306 0.026235
0 0.457574 0.057870 0.016276 0.021991
0 0.484701 0.208526 0.011502 0.010417
0 0.555664 0.173515 0.021918 0.020255
0 0.426758 0.994695 0.018880 0.010224
0 0.435330 0.681617 0.021701 0.019483
0 0.212023 0.073013 0.014757 0.018711
0 0.135851 0.686921 0.022569 0.018519
0 0.194227 0.379437 0.024740 0.018519
0 0.459744 0.172261 0.021050 0.015818
0 0.309787 0.842110 0.014974 0.017940
0 0.427083 0.170814 0.014757 0.020255
0 0.538194 0.687018 0.025608 0.017940
0 0.209418 0.683160 0.024740 0.018711
0 0.545139 0.059510 0.019097 0.017168
0 0.690972 0.585648 0.026476 0.016204
0 0.260525 0.792728 0.013672 0.031443
0 0.402018 0.176022 0.017144 0.019097
0 0.280490 0.296779 0.036675 0.031443
0 0.118273 0.791474 0.023438 0.028935
0 0.327799 0.969329 0.024957 0.013889
0 0.948459 0.603009 0.031901 0.033179
0 0.390299 0.173515 0.010634 0.019097
0 0.030599 0.790992 0.018663 0.022955
0 0.684896 0.873264 0.029080 0.025849
0 0.343424 0.078704 0.024523 0.014275
0 0.297309 0.672550 0.033854 0.019483
0 0.125000 0.674672 0.026042 0.016011
0 0.509440 0.172357 0.025825 0.018711
0 0.333876 0.684992 0.015842 0.024306
0 0.913411 0.978588 0.031250 0.034336
0 0.448459 0.234954 0.023220 0.024691
0 0.231228 0.273148 0.029731 0.018519
0 0.818034 0.042438 0.024957 0.014275
0 0.086589 0.379147 0.025174 0.026042
0 0.477756 0.178337 0.035807 0.023727
0 0.139648 0.376350 0.026693 0.021605
0 0.436849 0.972801 0.023003 0.020448
0 0.545247 0.072724 0.024523 0.019676
0 0.232639 0.437693 0.018663 0.016590
0 0.126845 0.458237 0.021050 0.027199
0 0.422948 0.380794 0.028429 0.021677
0 0.308586 0.354020 0.009487 0.010709
0 0.285048 0.473669 0.024089 0.031443
