0 0.913303 0.978588 0.030599 0.034336
0 0.677734 0.872975 0.014323 0.030671
0 0.550998 0.975116 0.026910 0.033179
0 0.424262 0.994792 0.014323 0.010031
0 0.436849 0.972512 0.023003 0.020255
0 0.502062 0.794850 0.021918 0.026813
0 0.328125 0.969425 0.024740 0.013696
0 0.538086 0.687114 0.025391 0.018133
0 0.582465 0.608025 0.025608 0.012346
0 0.436740 0.681520 0.018880 0.019290
0 0.262804 0.965856 0.020399 0.018519
0 0.310221 0.841435 0.015408 0.016975
0 0.948893 0.602527 0.030599 0.034144
0 0.808160 0.621624 0.022135 0.019483
0 0.690864 0.586227 0.026259 0.017747
0 0.326931 0.709008 0.026259 0.013310
0 0.333333 0.685185 0.015191 0.024306
0 0.423611 0.380883 0.026476 0.019869
0 0.212891 0.899113 0.015191 0.014660
0 0.260851 0.793113 0.013455 0.029514
0 0.198676 0.904803 0.016276 0.020255
0 0.209201 0.683063 0.025608 0.018519
0 0.284939 0.473380 0.024740 0.031636
0 0.232856 0.437596 0.018663 0.016782
0 0.448568 0.235243 0.023438 0.024884
0 0.484918 0.208333 0.011502 0.011188
0 0.555773 0.173708 0.022135 0.020640
0 0.509766 0.173032 0.025608 0.018133
0 0.435547 0.179977 0.025174 0.018519
0 0.426866 0.171296 0.014757 0.021605
0 0.566623 0.100984 0.022569 0.009838
0 0.402452 0.175829 0.017578 0.018711
0 0.463108 0.117573 0.028212 0.022955
0 0.546441 0.082079 0.015625 0.013696
0 0.283637 0.303144 0.029948 0.023727
0 0.136393 0.686825 0.021484 0.018711
0 0.194987 0.379244 0.024957 0.018519
0 0.268229 0.292342 0.012587 0.022569
0 0.112088 0.791860 0.015408 0.026620
0 0.125000 0.675829 0.026910 0.019869
0 0.139865 0.376350 0.026693 0.021605
0 0.390299 0.173611 0.010634 0.018519
0 0.484918 0.081019 0.020182 0.014660
0 0.540690 0.069830 0.015408 0.023148
0 0.400716 0.077739 0.009332 0.017361
0 0.457899 0.058063 0.016493 0.021605
0 0.342448 0.079572 0.024740 0.012924
0 0.232639 0.272377 0.031250 0.016590
0 0.030707 0.790702 0.018880 0.021991
0 0.085069 0.378762 0.026476 0.027971
0 0.212674 0.072820 0.013021 0.017940
0 0.489692 0.043113 0.011068 0.020255
0 0.469184 0.033083 0.019531 0.021412
0 0.297309 0.674576 0.033854 0.023534
0 0.340495 0.670621 0.013889 0.012539
0 0.356120 0.707079 0.013889 0.008681
0 0.343641 0.709394 0.009766 0.012539
0 0.013346 0.532311 0.026693 0.018711
0 0.141819 0.464313 0.018446 0.014660
0 0.123915 0.454765 0.013889 0.021026
0 0.037543 0.426408 0.016927 0.012153
0 0.309353 0.354745 0.007161 0.008873
0 0.415473 0.278067 0.012370 0.010224
0 0.276801 0.153356 0.011936 0.009259
0 0.258355 0.152488 0.015842 0.010610
0 0.273329 0.153067 0.015842 0.010224
0 0.288086 0.105806 0.008030 0.005980
0 0.640951 0.063465 0.006293 0.009259
0 0.638455 0.064622 0.008247 0.006944
0 0.955295 0.363040 0.024740 0.015818
0 0.646810 0.926794 0.022352 0.025270
0 0.633030 0.912905 0.015191 0.020255
0 0.780924 0.985340 0.007595 0.010031
0 0.806207 0.982639 0.014323 0.006944
0 0.814345 0.982735 0.006293 0.008295
0 0.824761 0.982350 0.007161 0.008681
0 0.480200 0.182510 0.030694 0.014035
0 0.458659 0.173129 0.018446 0.015239
0 0.492405 0.173611 0.025174 0.019290
0 0.484266 0.145448 0.021050 0.009259
0 0.502930 0.149306 0.011502 0.008488
0 0.946832 0.335359 0.024306 0.015239
