0 0.463976 0.118056 0.029514 0.021605
0 0.483073 0.081983 0.020399 0.015432
0 0.401693 0.078125 0.013455 0.018519
0 0.342990 0.079379 0.026693 0.017168
0 0.457899 0.057967 0.016493 0.022184
0 0.470161 0.033854 0.021050 0.022569
0 0.490343 0.042728 0.009766 0.020640
0 0.546875 0.082369 0.011719 0.013503
0 0.547526 0.083333 0.010851 0.006559
0 0.541558 0.070312 0.017144 0.022569
0 0.551758 0.057774 0.008898 0.014082
0 0.541558 0.059221 0.010634 0.013503
0 0.558160 0.101852 0.010851 0.008873
0 0.571723 0.101370 0.010200 0.009838
0 0.638563 0.064333 0.010634 0.008681
0 0.390299 0.173611 0.010634 0.019676
0 0.402886 0.176505 0.015842 0.018519
0 0.426107 0.170910 0.012370 0.018519
0 0.439236 0.180459 0.016927 0.010995
0 0.449219 0.234761 0.021701 0.022762
0 0.468641 0.209201 0.013672 0.009838
0 0.485352 0.208719 0.011502 0.010802
0 0.456923 0.173129 0.014540 0.014853
0 0.550130 0.175540 0.010851 0.017747
0 0.560497 0.172647 0.012687 0.018904
0 0.517578 0.172647 0.011285 0.018519
0 0.509549 0.172647 0.014757 0.018133
0 0.489413 0.173377 0.018322 0.018050
0 0.480686 0.178723 0.028646 0.014468
0 0.423828 0.381076 0.026476 0.019869
0 0.279839 0.294946 0.036241 0.027006
0 0.194987 0.380015 0.028429 0.018519
0 0.232422 0.438175 0.019965 0.015625
0 0.289062 0.478299 0.032986 0.024498
0 0.140082 0.376929 0.026259 0.020833
0 0.140842 0.464410 0.020399 0.014468
0 0.125977 0.455729 0.016710 0.022184
0 0.013021 0.527296 0.026042 0.030671
0 0.208876 0.681231 0.026259 0.017168
0 0.129774 0.681906 0.035590 0.028164
0 0.291341 0.673032 0.024957 0.018519
0 0.305339 0.672454 0.019097 0.016975
0 0.341471 0.671103 0.015842 0.013117
0 0.333550 0.684896 0.014323 0.024884
0 0.355903 0.706887 0.013455 0.008295
0 0.330512 0.709008 0.033420 0.014082
0 0.438043 0.681327 0.018880 0.020448
0 0.538194 0.687018 0.026476 0.019483
0 0.112522 0.791281 0.011936 0.029321
0 0.123481 0.791474 0.013021 0.025077
0 0.261068 0.793113 0.014323 0.030285
0 0.496853 0.794560 0.012370 0.028164
0 0.507053 0.794753 0.013238 0.027006
0 0.310655 0.841532 0.016276 0.018711
0 0.209093 0.896508 0.020182 0.012153
0 0.201172 0.905189 0.019531 0.021412
0 0.128906 0.959394 0.011719 0.014468
0 0.260417 0.966242 0.014757 0.017361
0 0.269965 0.966435 0.011719 0.015046
0 0.439887 0.971836 0.029080 0.022762
0 0.551215 0.975116 0.029948 0.033179
0 0.648763 0.926408 0.018880 0.025656
0 0.634874 0.914027 0.016710 0.023026
0 0.677626 0.873457 0.014540 0.032022
0 0.948134 0.603684 0.032552 0.032600
0 0.823893 0.982639 0.008464 0.009259
0 0.808702 0.982832 0.018880 0.007716
0 0.780056 0.985822 0.007595 0.008681
0 0.327040 0.968171 0.026042 0.013503
0 0.426649 0.994309 0.019097 0.010995
0 0.683811 0.585841 0.014323 0.016975
0 0.701714 0.587384 0.027127 0.018133
0 0.810981 0.620949 0.029080 0.020062
0 0.031359 0.791281 0.018880 0.022762
