0 0.814887 0.982735 0.025608 0.009452
0 0.732530 0.988619 0.008030 0.008873
0 0.791775 0.796103 0.009766 0.009645
0 0.664714 0.923708 0.013889 0.021412
0 0.950738 0.611497 0.033420 0.022377
0 0.634006 0.915895 0.024523 0.018904
0 0.800347 0.710841 0.020833 0.032022
0 0.558268 0.976466 0.014106 0.017747
0 0.547635 0.981192 0.017578 0.023341
0 0.622938 0.797261 0.008464 0.011960
0 0.614800 0.795235 0.011719 0.009838
0 0.579536 0.795621 0.006727 0.009066
0 0.448785 0.979360 0.021701 0.027006
0 0.816623 0.618056 0.033854 0.010802
0 0.932292 0.363233 0.020833 0.019676
0 0.954319 0.340953 0.042318 0.026427
0 0.426975 0.994792 0.018446 0.010031
0 0.531359 0.782215 0.021918 0.014660
0 0.701172 0.592207 0.013021 0.019290
0 0.695204 0.590953 0.024523 0.020255
0 0.502170 0.794464 0.023003 0.029514
0 0.543728 0.683353 0.016710 0.019869
0 0.608832 0.604167 0.016710 0.004244
0 0.324002 0.967882 0.029948 0.012153
0 0.273546 0.966435 0.012370 0.020833
0 0.587782 0.609375 0.022352 0.013889
0 0.418620 0.682967 0.034288 0.017168
0 0.268989 0.963831 0.021050 0.024498
0 0.304688 0.848283 0.026042 0.031829
0 0.347222 0.710359 0.021267 0.014853
0 0.339301 0.710166 0.036675 0.014853
0 0.329427 0.709201 0.016927 0.013310
0 0.340820 0.683931 0.031033 0.017940
0 0.336697 0.674093 0.027995 0.016782
0 0.600586 0.364873 0.015408 0.026427
0 0.312391 0.673611 0.013238 0.011574
0 0.438043 0.382234 0.020182 0.012153
0 0.420356 0.381366 0.012587 0.020833
0 0.527344 0.206790 0.015191 0.014275
0 0.206163 0.897473 0.014757 0.013310
0 0.204427 0.906346 0.018229 0.031057
0 0.293077 0.681713 0.024523 0.025463
0 0.201714 0.682485 0.026693 0.020448
0 0.281793 0.468557 0.043620 0.022377
0 0.143989 0.997975 0.011502 0.003665
0 0.166558 0.923322 0.010200 0.008295
0 0.119358 0.972319 0.040799 0.045718
0 0.125326 0.684510 0.018446 0.023341
0 0.193142 0.378279 0.030382 0.018519
0 0.280924 0.298997 0.033637 0.035108
0 0.451063 0.227045 0.029731 0.038580
0 0.229058 0.273341 0.023655 0.015818
0 0.989583 0.144965 0.020399 0.028356
0 0.554470 0.172454 0.019097 0.021991
0 0.513780 0.169367 0.018012 0.021991
0 0.482639 0.179784 0.021267 0.022762
0 0.495877 0.169657 0.020399 0.026813
0 0.505534 0.162423 0.016276 0.025463
0 0.496311 0.159626 0.022569 0.027585
0 0.464410 0.163194 0.019097 0.025077
0 0.436089 0.173804 0.018012 0.029321
0 0.491753 0.150559 0.026910 0.017940
0 0.424154 0.173997 0.012804 0.025077
0 0.576497 0.101273 0.013238 0.008873
0 0.562934 0.101080 0.016927 0.010417
0 0.640299 0.062596 0.007161 0.009838
0 0.544488 0.080536 0.012153 0.013696
0 0.636610 0.061825 0.014540 0.011767
0 0.632378 0.061535 0.006076 0.011960
0 0.453559 0.120756 0.026910 0.016590
0 0.552300 0.074846 0.010851 0.018904
0 0.133464 0.966628 0.013455 0.025077
0 0.130425 0.967593 0.019965 0.027006
0 0.112305 0.972415 0.028429 0.045910
0 0.116102 0.955729 0.014323 0.012539
0 0.137370 0.672454 0.010417 0.016590
0 0.140951 0.464892 0.028429 0.021219
0 0.124023 0.453800 0.019314 0.024498
0 0.138129 0.378569 0.037543 0.021798
0 0.399197 0.173611 0.021918 0.020062
0 0.483615 0.076775 0.010200 0.018904
0 0.548177 0.057002 0.019965 0.016011
0 0.544488 0.056520 0.013889 0.015432
0 0.466905 0.060475 0.008898 0.006366
0 0.402886 0.078125 0.010634 0.019290
0 0.449870 0.058256 0.017361 0.022762
0 0.496419 0.040413 0.017578 0.020640
0 0.029622 0.789255 0.016710 0.019097
0 0.013672 0.528549 0.027344 0.033565
0 0.091688 0.375193 0.024957 0.022377
0 0.037001 0.423225 0.018012 0.017747
0 0.348850 0.070312 0.015408 0.020255
0 0.343967 0.070505 0.010851 0.021026
0 0.467339 0.034626 0.020182 0.024884
0 0.266819 0.152103 0.012804 0.009452
0 0.337999 0.081115 0.015408 0.010995
