0 0.814019 0.982446 0.024740 0.010031
0 0.732747 0.988329 0.008030 0.009066
0 0.791775 0.796103 0.009766 0.009645
0 0.664605 0.924190 0.014106 0.020833
0 0.950846 0.611400 0.032335 0.022184
0 0.633789 0.916088 0.024523 0.018904
0 0.800130 0.711034 0.020833 0.033951
0 0.623047 0.796875 0.008681 0.011960
0 0.816732 0.617863 0.033637 0.011188
0 0.932509 0.363426 0.021267 0.019290
0 0.553277 0.980131 0.028429 0.024691
0 0.617947 0.797068 0.018012 0.011574
0 0.613498 0.795235 0.009115 0.008681
0 0.578776 0.795910 0.009115 0.010417
0 0.449002 0.979263 0.021267 0.027199
0 0.425673 0.994695 0.021050 0.010224
0 0.530924 0.782215 0.023220 0.014660
0 0.694878 0.591049 0.025174 0.020062
0 0.507704 0.793692 0.017144 0.027585
0 0.497179 0.794560 0.013021 0.030093
0 0.543728 0.683063 0.016710 0.020448
0 0.586263 0.612172 0.038845 0.020640
0 0.583225 0.612172 0.033203 0.020640
0 0.324219 0.967593 0.029080 0.012346
0 0.419488 0.683063 0.034722 0.016590
0 0.269531 0.965856 0.019965 0.018904
0 0.304905 0.849151 0.026910 0.032407
0 0.347765 0.710455 0.019748 0.015046
0 0.339301 0.710552 0.036675 0.014853
0 0.329970 0.709684 0.017578 0.013117
0 0.341146 0.684317 0.029080 0.018326
0 0.337131 0.672743 0.028429 0.015625
0 0.313043 0.673611 0.014540 0.012346
0 0.600369 0.364969 0.015408 0.025849
0 0.442057 0.377218 0.030382 0.022184
0 0.420464 0.381173 0.011936 0.021219
0 0.527018 0.206790 0.014974 0.014275
0 0.206055 0.897666 0.014974 0.014082
0 0.204427 0.906636 0.017795 0.030478
0 0.293077 0.681809 0.024089 0.026427
0 0.200412 0.682870 0.028863 0.019290
0 0.279080 0.468171 0.038628 0.023148
0 0.166124 0.922743 0.009332 0.008681
0 0.119032 0.972126 0.041016 0.045718
0 0.137370 0.671875 0.012153 0.016590
0 0.128038 0.682388 0.024740 0.026427
0 0.192925 0.378279 0.031684 0.018519
0 0.280924 0.297068 0.033637 0.032022
0 0.478299 0.206501 0.016059 0.015239
0 0.450955 0.227141 0.029948 0.038387
0 0.446506 0.221161 0.021484 0.027585
0 0.234592 0.271991 0.012153 0.016975
0 0.554796 0.172357 0.018446 0.021412
0 0.482313 0.181038 0.021484 0.019483
0 0.513672 0.169174 0.019531 0.021991
0 0.495334 0.171393 0.019748 0.025270
0 0.506402 0.162616 0.013672 0.023148
0 0.432943 0.181713 0.013889 0.015818
0 0.438151 0.172550 0.013889 0.026813
0 0.464301 0.163387 0.018446 0.024691
0 0.424154 0.173997 0.012804 0.025463
0 0.492839 0.149016 0.025608 0.016011
0 0.486545 0.152971 0.036892 0.021991
0 0.487630 0.156732 0.036458 0.030285
0 0.573351 0.101755 0.009115 0.008295
0 0.567491 0.101755 0.021267 0.008681
0 0.564670 0.101080 0.020833 0.010417
0 0.544379 0.080729 0.012804 0.012539
0 0.640625 0.062789 0.008681 0.010224
0 0.636610 0.061728 0.016276 0.011574
0 0.632053 0.061728 0.007161 0.011574
0 0.454536 0.120467 0.024957 0.015625
0 0.552192 0.075521 0.011936 0.019483
0 0.133138 0.967496 0.013672 0.029128
0 0.111220 0.963542 0.024089 0.028164
0 0.137478 0.672261 0.012370 0.017361
0 0.142253 0.464120 0.025825 0.019290
0 0.134440 0.457658 0.040582 0.031443
0 0.140408 0.378762 0.034288 0.021798
0 0.397352 0.174093 0.017795 0.022184
0 0.253581 0.152681 0.012804 0.008295
0 0.414388 0.099537 0.007595 0.011960
0 0.548286 0.075039 0.019314 0.021991
0 0.483615 0.076871 0.009766 0.018711
0 0.552517 0.057870 0.011285 0.015818
0 0.548177 0.056713 0.018663 0.016975
0 0.544813 0.056134 0.014106 0.015818
0 0.467122 0.060667 0.008898 0.007137
0 0.267036 0.148534 0.013672 0.015046
0 0.402778 0.077932 0.010417 0.019290
0 0.338433 0.079379 0.015842 0.012539
0 0.451606 0.058738 0.013455 0.021798
0 0.446181 0.057292 0.010851 0.022762
0 0.766168 0.029417 0.041016 0.021026
0 0.717882 0.027199 0.018663 0.017361
0 0.496311 0.040220 0.017361 0.021412
0 0.349284 0.069734 0.014974 0.020255
0 0.344727 0.069541 0.009766 0.020255
0 0.029839 0.789255 0.016710 0.018711
0 0.014431 0.526042 0.028863 0.029707
0 0.090495 0.375289 0.027344 0.022955
0 0.036892 0.424093 0.017795 0.014082
0 0.467990 0.034433 0.021050 0.024113
0 0.940647 0.336034 0.019748 0.016204
