0 0.814887 0.983218 0.026476 0.011188
0 0.733507 0.988040 0.008681 0.008488
0 0.791775 0.796103 0.009766 0.009259
0 0.664605 0.923611 0.014106 0.021605
0 0.950629 0.611208 0.032769 0.022955
0 0.634115 0.915799 0.023872 0.018711
0 0.799262 0.710455 0.019531 0.032407
0 0.551758 0.979552 0.025825 0.023920
0 0.622613 0.796971 0.009115 0.012153
0 0.578559 0.795042 0.006076 0.008295
0 0.448676 0.979167 0.021918 0.027006
0 0.816298 0.617670 0.032769 0.011188
0 0.694770 0.591146 0.024957 0.020255
0 0.688694 0.589603 0.013238 0.017940
0 0.531359 0.781732 0.022352 0.013696
0 0.507921 0.792921 0.015842 0.026042
0 0.497070 0.794753 0.013238 0.030093
0 0.543728 0.682774 0.016710 0.020640
0 0.600043 0.605131 0.033854 0.006173
0 0.586914 0.607350 0.022352 0.010224
0 0.428168 0.994985 0.020833 0.009645
0 0.324110 0.967593 0.029297 0.012346
0 0.430013 0.683931 0.016276 0.017940
0 0.268772 0.966532 0.021918 0.018711
0 0.305122 0.848573 0.026476 0.033565
0 0.347656 0.709973 0.020833 0.014853
0 0.330621 0.709394 0.018880 0.012924
0 0.339193 0.709877 0.036458 0.015432
0 0.341146 0.685860 0.026042 0.021412
0 0.336046 0.673032 0.027127 0.016204
0 0.311523 0.673708 0.014106 0.011767
0 0.204536 0.906539 0.018012 0.030671
0 0.132921 0.965664 0.014974 0.023534
0 0.117513 0.956115 0.012370 0.012924
0 0.292209 0.682485 0.025825 0.025463
0 0.201280 0.683160 0.024089 0.019097
0 0.929145 0.363522 0.027127 0.020640
0 0.600477 0.365355 0.015625 0.025463
0 0.437391 0.381944 0.018012 0.011960
0 0.420356 0.381462 0.013021 0.021026
0 0.276584 0.468846 0.041016 0.024113
0 0.119466 0.972994 0.041450 0.046682
0 0.125434 0.683931 0.018663 0.022955
0 0.193142 0.378183 0.029514 0.018711
0 0.280924 0.296296 0.034071 0.029707
0 0.450629 0.227720 0.028863 0.038002
0 0.231011 0.274306 0.021484 0.015046
0 0.527344 0.206308 0.014757 0.014082
0 0.477973 0.206501 0.015408 0.015239
0 0.989909 0.145255 0.019748 0.030093
0 0.554579 0.172454 0.018880 0.021605
0 0.482747 0.180556 0.021484 0.020833
0 0.513997 0.169367 0.018012 0.021605
0 0.506293 0.165413 0.015625 0.019869
0 0.496962 0.165316 0.023003 0.030093
0 0.492947 0.155575 0.025825 0.025656
0 0.464301 0.163194 0.019314 0.025077
0 0.436957 0.174286 0.016710 0.029900
0 0.490777 0.147184 0.022786 0.011188
0 0.423611 0.172357 0.013455 0.021798
0 0.487196 0.152874 0.036024 0.021026
0 0.574544 0.102045 0.008030 0.008102
0 0.562500 0.100984 0.015625 0.009452
0 0.544813 0.080247 0.013672 0.013503
0 0.636936 0.061439 0.013889 0.012153
0 0.454644 0.121238 0.024306 0.017168
0 0.553060 0.074846 0.009332 0.018904
0 0.548503 0.076100 0.018012 0.020640
0 0.106445 0.979938 0.018012 0.033951
0 0.112088 0.972897 0.027995 0.046875
0 0.137370 0.672550 0.010417 0.017168
0 0.141493 0.463831 0.027344 0.021026
0 0.123481 0.454958 0.019965 0.026813
0 0.138455 0.379919 0.037760 0.023341
0 0.397678 0.173900 0.019314 0.026042
0 0.266385 0.151138 0.013238 0.010610
0 0.483398 0.076582 0.009332 0.018133
0 0.547852 0.056327 0.018880 0.016975
0 0.467014 0.060378 0.010417 0.008102
0 0.403103 0.078125 0.011068 0.019290
0 0.449761 0.058063 0.015842 0.023148
0 0.338976 0.077836 0.016927 0.016011
0 0.030056 0.790027 0.017144 0.020640
0 0.013780 0.528067 0.027561 0.033758
0 0.091688 0.374421 0.024523 0.022377
0 0.037001 0.423515 0.017144 0.016782
0 0.343641 0.069444 0.007595 0.018904
0 0.350260 0.069830 0.013455 0.021991
0 0.496311 0.040220 0.017361 0.021798
0 0.467448 0.034047 0.020399 0.024113
0 0.762478 0.030189 0.039280 0.020255
0 0.940864 0.336323 0.017578 0.016782
