0 0.813694 0.983218 0.027561 0.010802
0 0.732639 0.988040 0.007812 0.008488
0 0.791884 0.796103 0.009549 0.009645
0 0.664714 0.923515 0.014323 0.021798
0 0.951172 0.611208 0.032986 0.022955
0 0.634549 0.915895 0.023438 0.018904
0 0.799588 0.711902 0.019748 0.034915
0 0.547309 0.980710 0.015625 0.021991
0 0.552734 0.979552 0.027344 0.024306
0 0.622830 0.796682 0.008681 0.012346
0 0.577908 0.795525 0.009983 0.010031
0 0.448785 0.979167 0.021701 0.027006
0 0.428711 0.994599 0.020616 0.010417
0 0.816406 0.618056 0.033420 0.010802
0 0.531467 0.782793 0.022569 0.016590
0 0.507704 0.792728 0.014540 0.026042
0 0.501953 0.794464 0.023003 0.029514
0 0.324327 0.967207 0.028429 0.011960
0 0.273003 0.965374 0.011719 0.020255
0 0.267795 0.961998 0.019965 0.025463
0 0.263672 0.958912 0.010417 0.021219
0 0.932400 0.363233 0.021050 0.020448
0 0.694770 0.591049 0.024957 0.020448
0 0.543620 0.682967 0.016927 0.020640
0 0.608507 0.603684 0.016059 0.004051
0 0.586155 0.608410 0.023438 0.012346
0 0.424262 0.681617 0.023872 0.015625
0 0.304796 0.848476 0.025391 0.032215
0 0.330078 0.709394 0.017795 0.014082
0 0.205295 0.897569 0.016493 0.013117
0 0.204536 0.907022 0.018446 0.029707
0 0.133247 0.965664 0.013455 0.022377
0 0.339410 0.710262 0.036458 0.015046
0 0.340386 0.678627 0.032335 0.025077
0 0.332465 0.672261 0.020833 0.015046
0 0.312283 0.673708 0.013455 0.010995
0 0.600586 0.365451 0.015408 0.025270
0 0.437609 0.382041 0.019748 0.011767
0 0.116102 0.956308 0.014757 0.014853
0 0.109484 0.976466 0.024089 0.039738
0 0.108724 0.976466 0.023003 0.040123
0 0.119032 0.972415 0.041016 0.046682
0 0.293077 0.682099 0.023655 0.026235
0 0.201389 0.680941 0.026042 0.023534
0 0.137153 0.673225 0.010851 0.019290
0 0.125543 0.683449 0.019748 0.023148
0 0.420356 0.381173 0.012587 0.020833
0 0.271810 0.475984 0.041016 0.032986
0 0.140842 0.464313 0.028646 0.020833
0 0.192708 0.378472 0.030816 0.018519
0 0.134223 0.458237 0.041450 0.032600
0 0.122613 0.452643 0.018663 0.022569
0 0.527344 0.206597 0.014757 0.014660
0 0.450738 0.227334 0.029080 0.038773
0 0.554579 0.172454 0.019314 0.021991
0 0.482313 0.181424 0.021484 0.019483
0 0.513455 0.169560 0.019531 0.021605
0 0.498589 0.168885 0.026693 0.028742
0 0.495877 0.169367 0.023438 0.029321
0 0.498589 0.158661 0.026693 0.029514
0 0.464627 0.163194 0.019097 0.025077
0 0.495226 0.155285 0.025174 0.027778
0 0.437066 0.173611 0.016493 0.028935
0 0.461589 0.162905 0.022569 0.025270
0 0.424371 0.172743 0.012370 0.022184
0 0.491428 0.146123 0.021484 0.012153
0 0.573893 0.101755 0.008464 0.007523
0 0.562066 0.101177 0.014757 0.009066
0 0.566406 0.101466 0.025174 0.009645
0 0.544596 0.080826 0.013672 0.012731
0 0.640299 0.062596 0.008464 0.010224
0 0.637153 0.061728 0.014323 0.011574
0 0.631727 0.061246 0.006076 0.011767
0 0.397678 0.173708 0.018880 0.024113
0 0.454319 0.120177 0.023220 0.014660
0 0.553060 0.075135 0.009766 0.018711
0 0.414822 0.100019 0.008898 0.011381
0 0.547960 0.075907 0.019097 0.021798
0 0.138455 0.380015 0.037760 0.023534
0 0.483290 0.076678 0.009115 0.018326
0 0.554145 0.059124 0.008898 0.012539
0 0.548069 0.056424 0.020182 0.017168
0 0.544596 0.056520 0.014106 0.016204
0 0.466471 0.060475 0.008898 0.007523
0 0.402778 0.077932 0.010417 0.019676
0 0.764974 0.031925 0.029080 0.016011
0 0.717014 0.027971 0.018229 0.016204
0 0.449870 0.058160 0.016059 0.022955
0 0.496202 0.040316 0.017578 0.021605
0 0.280924 0.295910 0.033637 0.029707
0 0.259549 0.151138 0.026042 0.010995
0 0.338650 0.079475 0.015842 0.011188
0 0.344076 0.070505 0.010200 0.020255
0 0.013672 0.528839 0.027344 0.034915
0 0.092014 0.375096 0.023872 0.021798
0 0.037218 0.424190 0.016276 0.015818
0 0.349175 0.069734 0.016059 0.020255
0 0.468099 0.034722 0.021701 0.024306
0 0.029080 0.789641 0.017795 0.019869
0 0.942057 0.335938 0.015191 0.016011
0 0.473199 0.149306 0.010200 0.009259
0 0.454210 0.057967 0.006944 0.022569
0 0.501085 0.040220 0.008681 0.018326
