0 0.814345 0.983218 0.024957 0.010802
0 0.731879 0.988522 0.007595 0.009838
0 0.791450 0.796007 0.010417 0.009838
0 0.664605 0.923708 0.014106 0.021798
0 0.634115 0.915799 0.024740 0.019097
0 0.798937 0.711227 0.016276 0.033179
0 0.558702 0.974537 0.016276 0.016204
0 0.547743 0.980999 0.017795 0.023727
0 0.623155 0.796971 0.007595 0.010995
0 0.449110 0.979552 0.021484 0.026620
0 0.427734 0.994888 0.019097 0.009838
0 0.816840 0.617766 0.033854 0.010995
0 0.531250 0.782504 0.022569 0.016011
0 0.507487 0.792824 0.014974 0.026235
0 0.694987 0.590953 0.025391 0.020255
0 0.497721 0.794464 0.014540 0.030285
0 0.543620 0.682967 0.016927 0.020640
0 0.603299 0.604745 0.024306 0.005015
0 0.324219 0.967978 0.030382 0.011960
0 0.420030 0.683449 0.038845 0.016975
0 0.269857 0.964410 0.018880 0.014468
0 0.304579 0.848862 0.026259 0.032600
0 0.347331 0.710552 0.021050 0.014853
0 0.339410 0.710359 0.036892 0.014853
0 0.329427 0.709298 0.016059 0.013889
0 0.205838 0.897087 0.016276 0.012539
0 0.204319 0.907311 0.018012 0.029128
0 0.932292 0.362751 0.021267 0.021026
0 0.588108 0.608700 0.023438 0.013696
0 0.129557 0.967978 0.021267 0.027778
0 0.595595 0.608507 0.039280 0.013696
0 0.341363 0.684414 0.028212 0.019290
0 0.336589 0.673611 0.026476 0.016590
0 0.311198 0.673804 0.013889 0.011960
0 0.292969 0.681520 0.023872 0.025849
0 0.201497 0.682870 0.024957 0.020062
0 0.600586 0.364969 0.015408 0.025849
0 0.438151 0.381944 0.021267 0.012346
0 0.527344 0.206597 0.014757 0.014660
0 0.477648 0.206501 0.016493 0.014853
0 0.450738 0.227045 0.029514 0.038194
0 0.446072 0.220872 0.020616 0.026620
0 0.554470 0.172550 0.019097 0.021026
0 0.482639 0.180556 0.021701 0.020062
0 0.513346 0.169464 0.019314 0.021798
0 0.506293 0.163966 0.014757 0.022762
0 0.495877 0.166763 0.023003 0.033758
0 0.464627 0.163002 0.018663 0.025463
0 0.437066 0.173129 0.016493 0.027585
0 0.495660 0.156539 0.023438 0.032600
0 0.425347 0.174576 0.014757 0.026235
0 0.464301 0.162133 0.022352 0.026813
0 0.576172 0.101852 0.009115 0.008488
0 0.562934 0.101659 0.014757 0.009259
0 0.567817 0.101755 0.024957 0.009452
0 0.640734 0.062307 0.007595 0.010417
0 0.544705 0.079668 0.013021 0.014275
0 0.637153 0.061825 0.014323 0.011381
0 0.631836 0.061921 0.005859 0.011574
0 0.553819 0.075424 0.008681 0.017747
0 0.552626 0.075039 0.011068 0.019290
0 0.275933 0.469715 0.033203 0.022377
0 0.111111 0.971547 0.024306 0.045332
0 0.119466 0.972222 0.041016 0.045525
0 0.137153 0.672936 0.010851 0.018711
0 0.125326 0.683931 0.019314 0.022569
0 0.128364 0.682002 0.024089 0.026042
0 0.142904 0.463542 0.032769 0.018519
0 0.192925 0.378183 0.031250 0.018711
0 0.122504 0.452160 0.018012 0.021605
0 0.138455 0.379919 0.038194 0.023341
0 0.397678 0.172840 0.018446 0.025077
0 0.281467 0.297647 0.034288 0.033179
0 0.235677 0.265721 0.014757 0.032215
0 0.415039 0.100019 0.009766 0.011381
0 0.483615 0.076775 0.010200 0.018904
0 0.552734 0.059606 0.009115 0.013889
0 0.548177 0.057099 0.019965 0.016590
0 0.544488 0.056424 0.013889 0.015625
0 0.466363 0.060571 0.008681 0.007330
0 0.402886 0.078125 0.010634 0.019676
0 0.338325 0.079765 0.014757 0.012153
0 0.452040 0.059028 0.012587 0.022377
0 0.447266 0.057388 0.011719 0.022569
0 0.769314 0.029514 0.031684 0.020448
0 0.496202 0.040123 0.017578 0.021605
0 0.265951 0.151524 0.014540 0.009838
0 0.348307 0.070698 0.016059 0.021412
0 0.343533 0.069830 0.007812 0.020062
0 0.029839 0.789641 0.016276 0.019483
0 0.091471 0.375675 0.024957 0.023727
0 0.013672 0.528549 0.027344 0.035494
0 0.037652 0.423225 0.015408 0.017361
0 0.468099 0.034529 0.021267 0.024306
0 0.420247 0.381366 0.013672 0.020448
0 0.166992 0.924672 0.008898 0.009452
0 0.949870 0.610918 0.032986 0.021605
0 0.941623 0.336420 0.015191 0.016590
0 0.488268 0.146132 0.014435 0.007277
