0 0.942969 0.922917 0.025000 0.041667
0 0.940234 0.911458 0.021094 0.020139
0 0.929688 0.930208 0.048437 0.056250
0 0.989453 0.851042 0.019531 0.025694
0 0.894141 0.904861 0.007031 0.008333
0 0.863672 0.910417 0.013281 0.013889
0 0.970703 0.831250 0.027344 0.033333
0 0.902344 0.857986 0.007812 0.013194
0 0.967188 0.799306 0.014062 0.018056
0 0.891016 0.821875 0.017969 0.035417
0 0.792578 0.868403 0.028906 0.011806
0 0.765234 0.817708 0.021094 0.021528
0 0.611719 0.830556 0.014062 0.029167
0 0.481250 0.994444 0.020313 0.009722
0 0.728906 0.717361 0.023438 0.023611
0 0.600000 0.833333 0.012500 0.033333
0 0.488281 0.960417 0.015625 0.020833
0 0.666016 0.740625 0.017969 0.021528
0 0.529687 0.886806 0.015625 0.030556
0 0.524609 0.874306 0.014844 0.012500
0 0.661328 0.731250 0.028906 0.040278
0 0.652734 0.719444 0.011719 0.018056
0 0.633984 0.734722 0.007031 0.018056
0 0.496094 0.896528 0.020312 0.023611
0 0.485547 0.884028 0.027344 0.015278
0 0.485938 0.860764 0.009375 0.010417
0 0.495703 0.799306 0.013281 0.019444
0 0.538672 0.739931 0.022656 0.021528
0 0.384375 0.929861 0.037500 0.019444
0 0.767578 0.541319 0.030469 0.028472
0 0.946094 0.277431 0.029687 0.021528
0 0.899219 0.268403 0.004688 0.007639
0 0.868750 0.272917 0.014062 0.015278
0 0.554297 0.649306 0.025781 0.027778
0 0.500781 0.643750 0.020313 0.016667
0 0.993359 0.217014 0.011719 0.022917
0 0.508594 0.592361 0.014062 0.011111
0 0.510938 0.527431 0.037500 0.025694
0 0.485547 0.360417 0.017969 0.019444
0 0.492578 0.318750 0.016406 0.022222
0 0.907031 0.216667 0.007812 0.011111
0 0.974609 0.193403 0.022656 0.027083
0 0.796875 0.226736 0.029688 0.010417
0 0.533203 0.238194 0.016406 0.027778
0 0.971094 0.159722 0.014062 0.019444
0 0.499609 0.249653 0.021094 0.022917
0 0.528906 0.226389 0.014062 0.018056
0 0.530078 0.234722 0.022656 0.033333
0 0.492578 0.245139 0.033594 0.030556
0 0.490234 0.235417 0.027344 0.012500
0 0.769141 0.171528 0.022656 0.020833
0 0.489063 0.212153 0.009375 0.010417
0 0.615625 0.178472 0.015625 0.029167
0 0.603516 0.183333 0.011719 0.033333
0 0.670703 0.089583 0.021094 0.016667
0 0.732812 0.063889 0.023438 0.026389
0 0.200781 0.734722 0.026562 0.027778
0 0.230859 0.557986 0.016406 0.018750
0 0.235938 0.544097 0.045313 0.045139
0 0.232422 0.531597 0.038281 0.022917
0 0.110156 0.975694 0.035937 0.047222
0 0.057813 0.900347 0.025000 0.024306
0 0.101562 0.748958 0.039062 0.017361
0 0.074219 0.603472 0.012500 0.011111
0 0.493359 0.144792 0.024219 0.021528
0 0.541406 0.086111 0.023438 0.023611
0 0.646484 0.073611 0.025781 0.034722
0 0.202344 0.088889 0.026563 0.030556
0 0.102344 0.111111 0.037500 0.016667
0 0.203125 0.088889 0.028125 0.031944
0 0.028906 0.836458 0.042188 0.028472
0 0.739453 0.004514 0.005469 0.009028
0 0.657031 0.004514 0.006250 0.009028
0 0.028516 0.209028 0.038281 0.023611
0 0.553906 0.003125 0.020313 0.006250
0 0.549219 0.002778 0.012500 0.005556
