0 0.990234 0.850000 0.017969 0.023611
0 0.863672 0.910069 0.013281 0.011806
0 0.902344 0.858333 0.007812 0.015278
0 0.967578 0.799653 0.013281 0.018750
0 0.813672 0.900000 0.008594 0.012500
0 0.733594 0.945833 0.017188 0.018056
0 0.791797 0.868403 0.030469 0.011806
0 0.765234 0.817708 0.021094 0.021528
0 0.729688 0.717708 0.023438 0.022917
0 0.612500 0.830208 0.015625 0.029861
0 0.600391 0.833681 0.011719 0.032639
0 0.487891 0.960417 0.014844 0.020833
0 0.668750 0.740625 0.021875 0.025694
0 0.526563 0.882292 0.010937 0.025694
0 0.522266 0.887500 0.019531 0.036111
0 0.633984 0.735417 0.007031 0.016667
0 0.662891 0.731250 0.033594 0.043056
0 0.652734 0.719444 0.013281 0.020833
0 0.485547 0.882292 0.028906 0.011806
0 0.487109 0.860417 0.008594 0.008333
0 0.494531 0.799306 0.014063 0.019444
0 0.768359 0.539583 0.030469 0.031944
0 0.898438 0.269444 0.004687 0.008333
0 0.869922 0.273958 0.014844 0.014583
0 0.992578 0.217361 0.013281 0.023611
0 0.906641 0.215972 0.008594 0.011111
0 0.546875 0.654167 0.012500 0.016667
0 0.553906 0.648958 0.026562 0.027083
0 0.502344 0.527778 0.020312 0.025000
0 0.674219 0.350000 0.028125 0.012500
0 0.974219 0.193056 0.025000 0.027778
0 0.797656 0.226389 0.029687 0.009722
0 0.971094 0.160069 0.015625 0.020139
0 0.769141 0.171528 0.022656 0.020833
0 0.538672 0.739583 0.022656 0.020833
0 0.546875 0.654514 0.012500 0.015972
0 0.559375 0.646181 0.015625 0.021528
0 0.500781 0.643750 0.020313 0.015278
0 0.508203 0.592708 0.013281 0.011806
0 0.510547 0.528125 0.036719 0.025694
0 0.488281 0.360417 0.017188 0.016667
0 0.492969 0.319097 0.015625 0.022917
0 0.529297 0.229514 0.011719 0.022917
0 0.526563 0.239236 0.018750 0.038194
0 0.490234 0.234375 0.027344 0.010417
0 0.490625 0.243750 0.028125 0.029167
0 0.489844 0.211806 0.009375 0.011111
0 0.616016 0.179167 0.016406 0.029167
0 0.201172 0.735069 0.025781 0.028472
0 0.246094 0.540972 0.023438 0.023611
0 0.224609 0.555556 0.017969 0.020833
0 0.235547 0.547222 0.046094 0.036111
0 0.226172 0.537153 0.027344 0.014583
0 0.074219 0.603819 0.014063 0.011806
0 0.603125 0.180556 0.010938 0.027778
0 0.499609 0.145833 0.013281 0.019444
0 0.492969 0.144792 0.025000 0.021528
0 0.487500 0.140972 0.014062 0.013889
0 0.065625 0.265625 0.007812 0.009028
0 0.671484 0.090278 0.021094 0.018056
0 0.732812 0.063194 0.023438 0.026389
0 0.541797 0.086458 0.024219 0.022917
0 0.667188 0.077431 0.029687 0.043750
0 0.659375 0.068056 0.015625 0.025000
0 0.639844 0.080208 0.010937 0.021528
0 0.201562 0.087847 0.025000 0.028472
0 0.101953 0.111458 0.038281 0.017361
0 0.739453 0.004514 0.003906 0.009028
0 0.656641 0.004514 0.007031 0.009028
0 0.551953 0.003125 0.016406 0.006250
