0 0.990234 0.849653 0.017969 0.022917
0 0.864062 0.909722 0.014062 0.012500
0 0.902734 0.857292 0.007031 0.011806
0 0.966797 0.799653 0.014844 0.020139
0 0.895312 0.817708 0.009375 0.017361
0 0.792188 0.868750 0.029687 0.011111
0 0.764844 0.818056 0.021875 0.022222
0 0.484375 0.993403 0.014062 0.011806
0 0.729688 0.717708 0.023438 0.022917
0 0.612500 0.830208 0.015625 0.029861
0 0.600000 0.832986 0.012500 0.032639
0 0.488281 0.960417 0.015625 0.020833
0 0.667969 0.739236 0.021875 0.018750
0 0.530859 0.885417 0.027344 0.031944
0 0.652344 0.719097 0.012500 0.017361
0 0.662500 0.729514 0.032813 0.038194
0 0.768750 0.539236 0.032813 0.034028
0 0.898047 0.268056 0.005469 0.006944
0 0.869531 0.273264 0.014063 0.014583
0 0.993359 0.217014 0.011719 0.024306
0 0.907031 0.216667 0.007812 0.012500
0 0.973828 0.193750 0.027344 0.027778
0 0.797266 0.226042 0.028906 0.010417
0 0.485156 0.884375 0.026562 0.014583
0 0.486328 0.860764 0.010156 0.010417
0 0.494922 0.799306 0.014844 0.019444
0 0.538672 0.739931 0.022656 0.021528
0 0.560547 0.646528 0.013281 0.020833
0 0.547266 0.653472 0.013281 0.019444
0 0.553906 0.649653 0.026562 0.027083
0 0.500781 0.645139 0.020313 0.019444
0 0.508594 0.592361 0.014062 0.011111
0 0.510547 0.527431 0.036719 0.024306
0 0.489063 0.391667 0.017188 0.023611
0 0.488672 0.357986 0.016406 0.017361
0 0.492969 0.318750 0.017188 0.023611
0 0.536328 0.241667 0.024219 0.023611
0 0.533594 0.239583 0.029687 0.029167
0 0.499219 0.249653 0.021875 0.024306
0 0.528516 0.236111 0.021094 0.030556
0 0.534766 0.231597 0.024219 0.025694
0 0.970703 0.159028 0.016406 0.020833
0 0.769141 0.171528 0.022656 0.020833
0 0.528906 0.221181 0.014062 0.015972
0 0.490625 0.237500 0.028125 0.015278
0 0.489453 0.212500 0.010156 0.011111
0 0.615234 0.179514 0.014844 0.029861
0 0.603516 0.182986 0.011719 0.032639
0 0.671094 0.088889 0.021875 0.015278
0 0.732812 0.063542 0.023438 0.025694
0 0.496094 0.896875 0.020312 0.024306
0 0.201172 0.735069 0.025781 0.027083
0 0.236719 0.561111 0.023438 0.022222
0 0.235937 0.549653 0.043750 0.046528
0 0.234766 0.537153 0.041406 0.022917
0 0.492969 0.145139 0.026562 0.020833
0 0.639844 0.080556 0.010937 0.022222
0 0.541406 0.085764 0.023438 0.022917
0 0.201953 0.087847 0.025781 0.029861
0 0.173047 0.031250 0.042969 0.030556
0 0.074609 0.603472 0.014844 0.011111
0 0.102344 0.110417 0.039062 0.016667
0 0.766016 0.011806 0.030469 0.023611
0 0.739453 0.004514 0.005469 0.009028
0 0.657031 0.004861 0.007812 0.009722
0 0.551562 0.003125 0.015625 0.006250
