0 0.808594 0.983121 0.019965 0.009066
0 0.948459 0.604552 0.031033 0.030093
0 0.812283 0.621238 0.026476 0.017940
0 0.954861 0.340664 0.041667 0.025849
0 0.643555 0.921779 0.027561 0.035687
0 0.677951 0.872975 0.014757 0.029900
0 0.550998 0.974633 0.026910 0.032986
0 0.426649 0.994792 0.018663 0.010031
0 0.436957 0.971740 0.023220 0.022184
0 0.498047 0.795235 0.014757 0.029128
0 0.327691 0.969329 0.025608 0.014275
0 0.538194 0.687211 0.025174 0.017940
0 0.587457 0.608989 0.036892 0.014660
0 0.436957 0.681617 0.018880 0.019097
0 0.262587 0.966049 0.020833 0.017747
0 0.310330 0.842207 0.014757 0.015818
0 0.690647 0.586130 0.025825 0.016782
0 0.326280 0.709008 0.024957 0.012924
0 0.336914 0.681327 0.021484 0.030864
0 0.260851 0.792728 0.013889 0.029514
0 0.297418 0.673225 0.033637 0.020448
0 0.209418 0.683160 0.025174 0.018711
0 0.284722 0.473573 0.024740 0.030478
0 0.232639 0.437500 0.018663 0.016975
0 0.448459 0.234954 0.023655 0.024691
0 0.285482 0.305266 0.026259 0.026427
0 0.195312 0.379244 0.025174 0.018904
0 0.268121 0.292535 0.013238 0.022955
0 0.117405 0.791860 0.024740 0.026620
0 0.136719 0.687114 0.021267 0.018519
0 0.125543 0.675540 0.027561 0.016590
0 0.139648 0.376447 0.026259 0.021412
0 0.485026 0.208430 0.012153 0.010995
0 0.555773 0.173515 0.021701 0.020255
0 0.509223 0.172840 0.027127 0.018519
0 0.459527 0.172261 0.021050 0.015818
0 0.435547 0.180073 0.025174 0.018711
0 0.426758 0.171103 0.014540 0.021219
0 0.402561 0.175637 0.017361 0.018711
0 0.3902994791666667 0.1736111111111111 0.010633680555555556 0.020061728395061727
0 0.470920 0.116319 0.016927 0.019676
0 0.545573 0.081790 0.016493 0.014660
0 0.482856 0.080826 0.020399 0.015046
0 0.030924 0.794078 0.019748 0.029514
0 0.013021 0.526813 0.026042 0.032022
0 0.085286 0.378954 0.026042 0.027971
0 0.400716 0.077739 0.009332 0.017361
0 0.343641 0.079475 0.023655 0.012731
0 0.457899 0.058353 0.016927 0.022184
0 0.234592 0.271991 0.029514 0.018519
0 0.212348 0.073206 0.014106 0.017940
0 0.489692 0.043113 0.011068 0.020640
0 0.469293 0.033179 0.019314 0.021605
0 0.423828 0.381076 0.028646 0.020640
0 0.308377 0.354745 0.007378 0.009645
0 0.416992 0.280382 0.018880 0.014082
0 0.557400 0.101466 0.010200 0.010031
0 0.482964 0.175251 0.023655 0.021026
0 0.472548 0.183546 0.025825 0.012924
0 0.573134 0.101562 0.017795 0.012539
0 0.539280 0.073495 0.012587 0.021991
0 0.551649 0.057774 0.009549 0.014853
0 0.541775 0.059510 0.012804 0.015239
0 0.638129 0.064525 0.011502 0.008681
0 0.198893 0.905189 0.015842 0.019483
0 0.780273 0.985822 0.008898 0.011381
0 0.825629 0.983218 0.009332 0.011574
0 0.632704 0.795139 0.014540 0.012346
0 0.608507 0.796007 0.007378 0.011381
0 0.579536 0.793113 0.018880 0.007523
0 0.348524 0.709684 0.029514 0.014660
0 0.126519 0.457658 0.019965 0.026813
0 0.140299 0.464796 0.022786 0.016782
0 0.031901 0.423900 0.021701 0.017168
